$SPEC_ID:
GAMWIN
$SPEC_REM:


$DETDESC:

$DATE_MEA:
06/02/2025 06:57:56
$MEAS_TIM:
27196.15 27678.54
$MCA_CAL:
3
1.32118272781372E+001 1.29107522964478E+000 0.00000000000000E+000
$DATA:
0 2047
0
0
0
0
0
0
0
0
0
0
0
0
0
0
0
0
0
0
0
0
0
3654
3782
3954
4655
5188
5940
6154
6229
6135
5688
5688
5491
5349
5300
5443
5523
5805
6081
6414
6978
7124
7496
7733
7738
7422
7599
7492
7862
8070
8609
9032
9785
10306
10945
11264
11924
12259
12838
12962
13714
14422
15252
17095
19025
21204
23325
25127
25959
25700
24547
22504
20735
18792
17606
16667
16670
16452
16522
16621
15964
15573
14855
13929
13195
12289
11773
10965
10699
10183
9993
9849
9846
9643
9632
9476
9564
9609
9209
9242
9133
9266
9154
9360
9544
9600
9574
9877
10054
10254
10542
10620
10586
10702
10425
10403
10460
10425
10048
9924
9750
9650
9609
9466
9502
9521
9508
9678
9312
9467
9314
9071
9049
9115
8828
8995
8722
8641
8560
8486
8377
8311
8163
8295
8198
7954
7990
8147
8096
8266
8157
8343
8314
8181
8161
8169
8241
8208
8022
8240
8343
8010
8177
8236
8177
8159
8357
8359
8345
8477
8647
8781
8660
8551
8721
8575
8665
8599
8691
8446
8511
8561
8823
9252
9489
10002
10898
11626
12704
13606
14246
15465
16290
17291
17806
18383
18544
18589
18590
18338
17742
17161
16496
15685
14535
13681
12717
11518
10660
9754
8981
8291
7648
7171
6707
6424
6170
5842
5745
5661
5451
5639
5467
5465
5478
5510
5458
5436
5448
5350
5404
5284
5388
5212
5224
5444
5166
5296
5297
5201
5094
5147
5097
5161
5095
5007
4840
4876
4644
4761
4712
4587
4500
4462
4424
4463
4401
4350
4386
4452
4533
4587
4558
4714
4727
4842
4946
4993
5086
5202
5283
5379
5546
5691
5504
5668
5665
5707
5590
5525
5622
5479
5570
5430
5293
5134
5036
4939
4880
4651
4542
4306
4049
3985
3691
3805
3538
3471
3248
3182
3114
3081
2906
2804
2720
2714
2707
2634
2586
2533
2470
2503
2323
2369
2372
2355
2354
2334
2485
2368
2442
2408
2305
2292
2301
2338
2408
2409
2290
2275
2377
2331
2332
2222
2283
2275
2208
2321
2299
2225
2210
2202
2239
2165
2135
2181
2205
2106
2164
2127
2115
2165
2120
2125
2101
2169
2220
2164
2132
2188
2147
2181
2148
2213
2216
2258
2241
2238
2313
2324
2155
2280
2192
2210
2229
2203
2302
2289
2266
2212
2235
2176
2256
2171
2238
2199
2162
2148
2115
2185
2176
2173
2193
2167
2157
2151
2234
2123
2155
2221
2209
2175
2271
2256
2340
2205
2237
2295
2337
2187
2257
2288
2192
2278
2317
2199
2214
2250
2175
2079
2148
2048
2130
1969
2011
1988
1967
1890
1900
1930
1949
1929
1898
1868
1887
1880
1965
1836
1907
2026
2034
2148
2082
2143
2189
2244
2350
2419
2490
2482
2595
2655
2751
2879
2870
3011
3079
3071
3257
3281
3278
3296
3327
3520
3463
3571
3608
3547
3558
3543
3532
3607
3475
3385
3331
3357
3342
3171
3181
3127
2948
2923
2860
2772
2700
2742
2609
2481
2363
2389
2279
2199
2136
2102
2017
1977
1851
1821
1692
1695
1682
1597
1598
1529
1613
1448
1481
1390
1379
1307
1349
1339
1322
1305
1304
1241
1186
1187
1266
1211
1202
1169
1111
1205
1143
1165
1153
1122
1136
1113
1181
1121
1151
1177
1223
1140
1137
1164
1196
1039
1142
1111
1126
1142
1129
1108
1182
1178
1170
1177
1222
1098
1254
1207
1238
1210
1303
1218
1257
1295
1263
1272
1293
1340
1234
1325
1322
1334
1338
1382
1388
1356
1350
1429
1443
1363
1374
1383
1419
1294
1365
1374
1351
1384
1413
1353
1299
1320
1338
1309
1279
1331
1282
1239
1239
1336
1331
1243
1225
1295
1210
1211
1263
1211
1160
1191
1261
1179
1225
1249
1202
1248
1141
1204
1199
1176
1188
1177
1192
1219
1228
1177
1133
1193
1159
1128
1165
1090
1116
1172
1100
1116
1107
1103
1093
1102
1077
1068
1085
1013
994
1109
1013
1008
1037
1054
1026
1065
976
1036
1006
1077
1069
995
1054
1023
1043
1104
1025
1009
1062
1004
1066
1072
1042
1032
1077
1006
1105
1057
1136
1115
1172
1063
1163
1057
1182
1132
1211
1161
1233
1188
1226
1275
1284
1246
1255
1355
1339
1412
1410
1436
1483
1493
1511
1520
1562
1657
1577
1716
1641
1697
1753
1685
1755
1796
1809
1870
1857
1848
1898
1916
1892
1872
1833
1910
1925
1880
1901
1925
1903
1870
1853
1929
1846
1783
1771
1754
1773
1799
1808
1759
1766
1764
1815
1776
1682
1707
1702
1666
1772
1616
1715
1632
1722
1601
1670
1641
1612
1688
1629
1674
1669
1590
1645
1544
1552
1532
1524
1519
1516
1501
1425
1433
1499
1382
1347
1386
1369
1318
1306
1305
1269
1204
1195
1171
1151
1144
1075
1081
1051
1013
989
967
941
886
862
866
854
820
834
819
793
771
855
774
725
712
750
727
725
767
707
729
672
659
656
644
660
648
660
646
693
692
678
643
657
644
642
661
667
697
662
617
650
685
657
629
654
705
657
661
682
697
669
651
664
673
719
685
683
685
710
703
726
669
656
683
733
701
729
724
693
718
731
751
694
724
694
755
753
745
782
748
734
747
745
729
712
744
715
724
774
726
737
741
752
721
698
702
699
663
725
749
723
698
719
725
713
729
719
693
710
696
672
661
647
681
672
648
678
627
647
662
653
602
596
609
602
596
576
637
614
616
564
589
589
540
575
571
571
540
552
542
531
475
554
523
533
556
522
484
514
574
529
542
488
503
488
502
466
464
480
473
468
451
464
461
476
460
417
438
478
470
444
421
451
426
413
421
405
422
408
419
392
393
426
385
383
375
365
382
383
373
371
342
408
368
361
374
350
348
375
386
363
305
336
321
345
342
296
330
307
355
331
347
305
292
345
316
320
323
308
315
303
328
267
297
299
305
298
294
320
290
287
267
282
258
295
287
271
285
276
306
264
257
254
273
279
298
309
290
260
296
283
274
254
294
284
292
270
271
274
256
285
257
301
295
308
324
290
327
310
302
291
346
330
335
358
356
357
358
351
349
383
391
414
415
437
449
454
531
481
556
511
579
632
619
643
651
721
740
774
828
803
867
947
946
953
990
1031
1104
1172
1199
1202
1318
1308
1311
1386
1387
1473
1468
1525
1493
1573
1562
1640
1646
1611
1704
1660
1771
1714
1764
1713
1749
1739
1732
1809
1802
1739
1805
1778
1703
1809
1741
1723
1689
1693
1622
1634
1507
1531
1579
1447
1466
1382
1473
1331
1340
1330
1246
1195
1159
1128
1075
1048
1030
987
922
883
883
828
831
798
805
728
673
662
671
592
611
572
501
533
532
525
475
446
436
451
394
396
363
359
364
356
370
344
336
310
327
326
292
320
336
315
299
262
287
277
285
301
313
289
289
299
290
286
303
310
282
276
293
316
311
282
287
260
302
294
272
295
327
267
304
310
287
283
271
244
292
275
280
277
273
270
254
271
273
275
247
268
271
261
282
277
247
274
233
272
226
244
247
217
227
218
223
235
211
236
203
208
193
214
204
219
190
212
185
202
212
190
205
167
196
216
201
181
196
191
176
213
183
184
158
158
166
151
184
183
159
152
167
149
149
166
150
159
177
151
151
173
141
143
149
138
124
159
163
162
159
142
164
163
176
146
159
161
163
164
166
177
171
151
182
179
131
151
154
180
172
156
174
183
175
163
178
147
158
160
147
171
166
146
152
168
177
162
169
164
179
146
174
165
165
141
155
168
181
156
163
170
156
151
171
165
169
158
168
152
154
155
146
153
161
149
163
137
132
153
149
145
136
155
141
127
147
127
117
126
152
143
120
121
127
115
121
144
152
142
130
109
125
121
129
117
128
114
119
116
111
125
126
131
110
132
121
116
133
126
119
134
118
108
108
118
103
107
102
114
112
125
122
130
126
136
94
126
119
121
131
108
88
138
121
142
119
107
97
92
133
107
93
113
114
108
110
101
121
100
99
95
110
96
107
108
96
124
116
114
89
111
112
121
92
98
102
105
102
98
97
122
107
110
95
90
86
115
100
85
88
94
104
97
119
101
97
83
100
101
94
100
82
101
92
102
110
100
91
86
114
94
101
112
98
85
87
87
105
113
105
94
118
98
96
100
92
100
99
99
110
106
100
94
105
94
103
93
97
113
112
109
116
104
98
118
90
110
98
98
114
109
102
116
119
102
98
124
125
115
101
114
121
106
111
119
121
122
110
121
116
131
120
139
141
129
143
149
160
131
147
151
163
151
136
155
175
155
151
174
176
194
172
170
182
188
170
183
156
186
191
183
179
167
179
199
180
183
189
210
190
216
201
220
184
197
192
169
163
164
169
167
174
148
185
165
182
159
152
174
172
174
160
170
151
165
168
175
153
160
166
146
179
155
159
158
162
158
164
159
154
155
158
134
144
147
152
140
150
161
148
138
140
136
150
131
136
151
117
147
137
147
149
148
125
139
138
145
143
137
145
137
127
148
142
132
122
147
140
129
111
130
138
119
137
148
130
150
132
136
148
134
118
125
144
131
148
127
133
121
143
123
135
128
124
148
149
129
129
115
136
133
137
125
124
124
110
127
118
120
104
107
114
145
129
127
112
121
143
134
135
125
114
123
126
131
127
132
125
130
120
108
126
110
107
116
119
117
111
104
129
111
99
96
115
74
105
99
99
105
97
118
102
103
88
121
114
109
103
86
105
108
87
82
114
86
111
94
84
84
68
69
103
94
94
96
66
91
95
93
88
76
89
82
79
89
88
62
83
87
78
75
68
76
58
69
67
69
71
80
87
64
62
80
82
74
76
62
78
67
57
51
74
76
63
78
63
72
63
61
59
67
62
56
58
56
59
70
62
63
47
49
72
62
65
74
51
53
52
52
55
60
54
58
60
58
58
56
62
58
69
70
55
57
57
52
53
48
66
48
61
63
60
65
63
58
64
73
57
55
61
78
65
73
71
74
91
93
87
80
87
96
88
88
83
106
117
113
107
112
127
132
139
136
116
138
135
173
166
165
159
145
167
195
161
196
198
211
184
194
221
204
254
257
239
228
257
248
276
268
290
253
287
261
253
292
270
308
271
283
316
307
344
301
317
313
307
316
309
329
326
277
346
338
322
301
301
311
313
319
314
311
303
271
289
315
270
294
316
278
287
265
290
266
256
275
273
248
261
255
215
218
210
197
231
202
224
244
212
218
185
215
168
222
167
166
178
156
164
178
127
145
164
154
131
119
141
120
144
113
109
100
114
109
121
94
74
109
105
92
98
91
89
97
93
82
96
77
71
65
87
57
77
73
69
52
59
63
69
51
56
47
52
56
47
58
61
$ROI:
42
143 193
144 194
424 531
429 529
440 544
440 545
440 549
443 544
443 553
490 516
604 1134
679 1395
772 934
800 953
827 855
828 856
840 1946
849 1974
857 2002
872 900
880 1058
887 915
914 1083
1010 1038
1208 1258
1345 1375
1418 1448
2436 2526
3229 3279
3607 3645
6449 6521
6459 6531
6463 6535
6464 6536
6467 6539
6471 6543
6482 6526
6489 6513
6497 6521
12997 13047
12999 13049
13000 13050
