$SPEC_ID:
GAMWIN
$SPEC_REM:


$DETDESC:

$DATE_MEA:
05/29/2025 14:18:32
$MEAS_TIM:
60552.44 61259.67
$MCA_CAL:
3
1.32118272781372E+001 1.29107522964478E+000 0.00000000000000E+000
$DATA:
0 2047
0
0
0
0
0
0
0
0
0
0
0
0
0
0
0
0
0
0
0
0
0
3017
3169
3531
3981
4464
4978
5103
5063
5071
5021
4876
4763
4693
4796
4818
4909
5175
5496
5715
6167
6609
7014
7017
6848
6923
6676
6777
6805
6936
7304
7586
8239
8689
9104
9696
9997
10020
10160
10262
10360
10589
11023
11633
12751
14076
14907
15635
16389
16321
15416
14304
13340
12090
11316
11019
10748
10604
10446
10420
10212
9762
9335
9025
8456
7950
7399
6843
6515
6423
6171
5900
5975
5801
5828
5686
5747
5590
5780
5656
5663
5582
5739
5717
5676
5799
5834
5895
5970
5974
6178
6071
6122
6015
6009
6089
5927
5924
5947
5974
5928
5904
5871
5931
5694
5887
5749
5827
5687
5650
5637
5606
5642
5649
5483
5363
5395
5397
5258
5097
5311
5036
5176
5383
4990
5168
5233
5229
5235
5416
5470
5417
5656
5568
5595
5799
5641
5740
5593
5543
5419
5402
5329
5280
5116
5049
5047
4939
4912
5122
5044
5093
5069
4942
4980
5037
4958
4955
4947
4838
5127
4965
5132
4943
5298
5558
5969
6213
6547
6910
7383
7939
8266
8486
8770
9053
9251
9285
9280
9245
8726
8574
8303
7922
7442
7300
6934
6252
5857
5584
5104
4963
4480
4448
4274
4074
4042
3790
3838
3776
3661
3779
3669
3716
3667
3708
3696
3717
3737
3791
3888
3845
3913
4010
4094
4091
4033
4113
4136
4163
4144
4200
4096
4112
4046
3951
3988
3863
3804
3784
3655
3552
3350
3393
3257
3237
3127
3134
3077
3039
2972
2913
3046
2882
3054
3102
3188
3302
3295
3486
3486
3625
3733
3730
3879
3958
4112
4066
4272
4185
4376
4311
4281
4258
4332
4390
4229
4289
4162
4062
3979
3873
3786
3650
3438
3506
3325
3073
2936
2901
2776
2551
2501
2423
2216
2193
2251
2142
1958
1925
1911
1814
1875
1815
1857
1777
1826
1742
1729
1789
1709
1695
1698
1704
1585
1747
1713
1669
1677
1616
1616
1700
1629
1613
1585
1699
1566
1646
1616
1636
1596
1582
1610
1560
1609
1547
1572
1513
1585
1534
1523
1497
1489
1547
1535
1553
1509
1553
1513
1561
1537
1574
1506
1489
1592
1487
1497
1519
1589
1550
1600
1501
1519
1537
1536
1502
1518
1503
1546
1582
1480
1492
1457
1439
1458
1503
1455
1485
1443
1408
1427
1416
1404
1443
1534
1469
1491
1429
1426
1470
1428
1531
1522
1515
1549
1437
1566
1499
1490
1454
1512
1526
1466
1493
1484
1413
1489
1431
1427
1375
1407
1379
1343
1334
1338
1337
1341
1333
1270
1357
1235
1281
1238
1285
1241
1270
1232
1279
1248
1372
1288
1229
1267
1318
1368
1369
1480
1537
1424
1535
1508
1616
1594
1670
1639
1707
1807
1748
1750
1938
1932
1973
1963
1996
2055
2036
2142
2161
2177
2203
2199
2230
2188
2181
2234
2332
2295
2383
2222
2286
2240
2298
2399
2166
2206
2195
2216
2021
2022
2131
2023
1944
1993
1888
1893
1773
1724
1669
1638
1695
1549
1509
1547
1422
1403
1299
1221
1281
1282
1236
1200
1120
1130
1044
1115
1069
1040
967
963
940
950
952
891
922
916
835
922
929
858
934
892
922
862
905
887
878
814
877
857
879
842
853
886
836
831
875
883
843
858
881
850
906
924
859
876
902
874
827
892
841
892
917
941
913
905
910
910
914
899
853
942
976
890
953
948
921
956
933
943
921
921
954
896
971
885
878
988
971
964
882
867
884
1004
950
946
938
967
874
906
917
944
924
896
869
900
904
867
913
891
879
930
964
932
874
917
880
871
900
948
922
886
886
867
848
893
838
861
897
881
890
824
848
795
861
808
802
793
809
795
783
805
876
809
780
790
745
784
790
817
761
775
810
763
762
842
725
790
797
755
761
797
769
731
765
763
793
790
756
799
754
780
782
824
819
771
844
801
780
826
788
783
781
888
835
875
866
894
843
854
860
922
947
885
902
921
949
946
940
966
936
1019
1024
1008
989
1048
1004
1020
1057
1052
1056
1041
1059
1058
1066
1120
1069
1051
1098
1022
1083
1080
1058
1059
1082
1062
1077
1083
1071
1039
1043
1046
1021
964
988
1061
1037
1026
1033
977
983
1002
1040
1003
1003
1001
956
1011
1070
1024
980
986
980
978
1017
990
1013
957
997
996
996
965
920
948
923
890
933
873
863
840
846
769
878
818
792
805
769
821
768
725
760
752
780
712
719
674
706
713
687
695
721
638
653
622
609
625
617
639
601
643
593
609
645
571
609
615
680
601
559
599
586
622
598
573
563
561
596
597
588
599
645
604
605
600
593
642
597
605
617
626
575
659
599
594
660
725
668
610
671
632
650
674
641
683
660
634
696
707
669
735
739
767
673
716
724
695
754
728
757
767
755
739
821
745
755
757
767
719
738
743
753
751
747
771
709
752
754
737
732
804
719
695
709
748
746
787
684
728
748
687
710
709
803
709
617
673
701
663
676
609
675
646
645
656
676
576
672
649
625
622
579
634
622
562
577
591
577
580
592
547
577
550
523
542
539
573
541
555
530
516
529
538
544
505
510
503
491
485
492
477
508
524
504
497
483
466
429
473
454
403
445
448
439
396
459
372
428
436
458
422
403
439
426
372
423
415
396
372
378
353
384
361
376
364
344
364
334
348
360
358
367
323
347
327
340
361
350
317
297
326
314
302
316
290
314
277
282
278
287
291
265
277
259
260
262
271
246
267
264
272
284
269
287
262
258
296
243
269
271
265
249
216
235
240
237
237
251
242
262
250
273
256
234
235
273
230
238
261
281
272
280
252
278
292
268
265
273
282
285
259
291
310
287
298
315
336
307
323
320
349
371
307
389
372
420
398
439
458
461
484
513
496
524
568
573
588
650
688
664
767
752
804
872
869
910
917
971
1037
1103
1119
1128
1161
1297
1302
1304
1372
1494
1435
1432
1627
1516
1621
1631
1691
1705
1747
1802
1816
1868
1770
1874
1875
1937
1947
1998
1998
2050
1992
2027
1988
1978
1934
1902
2009
1931
1879
1912
1905
1832
1812
1700
1681
1719
1671
1725
1667
1578
1438
1515
1517
1403
1356
1289
1222
1238
1224
1120
1057
1057
1053
997
938
941
902
812
794
780
685
650
645
632
582
524
572
502
501
474
481
472
433
397
398
355
328
336
327
342
319
333
284
290
291
242
232
234
243
220
209
218
231
236
204
212
180
183
160
180
199
198
170
186
180
181
189
156
191
161
172
174
160
192
180
177
165
158
164
130
154
160
161
178
161
151
175
157
150
156
143
155
156
150
146
138
189
155
110
147
117
143
146
141
124
122
141
144
133
141
138
131
136
150
131
123
117
124
123
138
120
123
106
114
124
132
115
114
108
117
117
115
124
102
106
99
105
125
123
129
118
105
119
94
103
114
121
122
119
119
111
111
114
121
114
109
136
123
134
139
131
121
145
135
155
133
123
125
138
141
130
157
159
152
147
152
156
173
139
149
129
153
162
161
173
147
162
180
162
166
178
179
171
165
187
173
178
176
181
165
209
184
187
189
186
186
190
182
170
202
171
167
174
188
196
162
151
158
171
172
146
165
145
152
145
143
156
139
145
129
141
141
127
113
134
143
127
111
118
126
110
103
117
120
114
122
118
112
107
112
109
109
104
93
103
104
97
88
102
117
78
85
84
77
99
84
90
89
86
79
117
82
97
99
99
78
98
83
77
100
93
84
81
91
89
74
81
94
95
73
87
78
73
68
66
73
68
80
60
85
67
80
65
78
80
68
63
52
71
68
75
69
68
75
79
67
76
68
74
66
60
56
68
84
58
74
61
57
73
49
62
62
56
51
55
58
65
57
71
47
56
47
52
59
63
69
54
53
66
47
64
51
52
59
65
73
52
68
58
65
47
54
62
62
48
64
62
69
37
60
45
49
55
63
60
63
55
63
60
52
76
50
50
63
42
55
60
48
42
49
51
61
53
57
61
56
64
57
74
53
59
54
59
79
62
72
74
70
61
66
71
49
57
61
62
74
70
64
58
51
64
73
65
60
63
71
70
87
68
63
71
89
72
84
73
70
79
90
79
91
96
87
73
75
83
83
97
91
91
77
92
93
80
85
95
93
86
98
88
84
83
90
82
79
76
108
83
98
86
98
90
95
89
93
88
89
85
90
103
90
82
80
79
95
93
96
84
71
84
82
92
88
100
82
90
100
90
92
98
86
74
71
98
80
82
83
63
80
76
82
91
86
90
82
100
79
98
75
93
90
83
79
63
72
85
85
88
84
81
76
62
90
84
76
75
89
76
83
76
77
95
66
88
77
86
72
77
68
67
71
76
95
77
70
60
96
74
80
74
61
63
68
86
71
71
81
66
68
59
69
63
80
73
71
78
52
71
64
61
64
58
59
70
64
58
58
59
56
52
46
55
43
68
68
39
61
60
61
53
61
56
68
60
51
58
55
61
47
56
53
60
57
53
60
49
48
52
54
51
53
40
51
46
40
39
55
48
52
60
43
46
61
57
59
55
48
62
45
50
41
46
39
43
47
51
41
56
54
54
45
45
41
43
40
38
46
44
51
45
38
44
35
37
36
50
33
33
43
37
51
44
32
41
49
56
41
35
46
40
33
47
30
43
27
41
45
47
32
37
44
45
46
36
37
42
42
45
37
23
43
36
44
38
32
46
42
43
32
44
38
45
44
39
34
38
29
27
30
28
33
34
27
45
36
47
34
27
44
30
27
35
41
33
35
27
26
44
37
37
34
40
32
38
35
42
43
44
35
39
49
37
54
50
38
41
41
49
37
42
43
65
58
39
66
68
54
58
57
57
65
50
67
78
83
69
84
68
81
86
81
85
70
91
78
93
79
101
103
104
116
98
111
101
117
111
113
127
125
114
122
114
133
138
129
94
112
127
128
128
116
110
139
127
128
122
142
136
152
115
120
134
129
110
124
155
120
111
122
118
117
143
131
111
122
107
128
103
114
133
99
98
104
92
109
94
97
87
91
78
88
85
98
88
74
87
84
68
86
75
80
65
65
72
64
60
54
52
48
53
66
57
54
52
48
42
60
38
43
56
48
53
51
43
35
37
35
35
44
39
25
36
29
41
32
38
30
30
26
21
33
24
28
28
31
35
37
26
18
31
27
33
17
$ROI:
42
143 193
144 194
424 531
429 529
440 544
440 545
440 549
443 544
443 553
490 516
604 1134
679 1395
772 934
800 953
827 855
828 856
840 1946
849 1974
857 2002
872 900
880 1058
887 915
914 1083
1010 1038
1208 1258
1345 1375
1418 1448
2436 2526
3229 3279
3607 3645
6449 6521
6459 6531
6463 6535
6464 6536
6467 6539
6471 6543
6482 6526
6489 6513
6497 6521
12997 13047
12999 13049
13000 13050
