$SPEC_ID:
GAMWIN
$SPEC_REM:


$DETDESC:

$DATE_MEA:
06/11/2025 14:54:35
$MEAS_TIM:
510100.30 515173.54
$MCA_CAL:
3
1.32118272781372E+001 1.29107522964478E+000 0.00000000000000E+000
$DATA:
0 2047
0
0
0
0
0
0
0
0
0
0
0
0
0
0
0
0
0
0
0
0
0
14721
15463
16871
18704
20772
22198
23135
23366
23203
22578
22399
22302
22651
23122
23058
23408
24210
25433
26862
28478
30273
31039
31274
31827
31802
31496
31426
32639
34044
35224
37256
38925
41898
43471
46189
47112
48730
49148
49455
49747
50339
51758
54087
57252
61532
65027
67955
69676
68768
65175
60842
55944
51371
48743
46294
45660
45405
45690
45331
43940
42750
40811
38503
36552
34062
32177
30007
28968
27831
27081
26227
26050
25838
25763
25554
25630
25360
24997
24686
25008
24790
24711
24756
24814
25174
25052
25569
25926
26442
26452
26309
26449
26785
26426
26315
25882
25902
25877
25724
25685
25545
25289
25469
25565
25305
25057
25045
24866
24901
24612
24359
24148
24067
23670
23672
23380
22925
23029
22639
22548
22200
22160
21953
22321
22144
22327
22482
22491
23147
23445
23501
23814
24056
24135
24090
24329
24166
24047
23754
23344
23076
22718
22346
22372
22053
22038
21863
21862
21636
21752
21791
21315
21622
21482
21522
21143
21057
20936
21071
21135
21301
21757
22192
23251
23825
24834
26460
27745
29214
30891
32519
34272
35470
36610
36825
37437
37627
37586
37054
36223
35118
33419
32252
30625
29213
27573
26057
24524
23220
21656
20352
19462
18482
18124
17297
16991
16812
16172
16184
15849
15876
15741
15911
15867
15756
15736
16085
16220
16176
16368
16327
16590
16675
16916
16832
17270
17101
17128
17284
17331
17085
16985
16812
16828
16729
16281
16374
15525
15418
15093
14668
14543
14231
13875
13546
13296
13100
13222
13014
12817
13052
13271
13011
13137
13342
13713
13817
14173
14677
14701
15131
15577
15740
16096
16243
16876
16986
17276
17194
17472
17747
17597
17547
17604
17180
17262
17377
16918
16373
16091
15683
15134
14897
14401
13829
13150
12954
12526
11880
11374
10957
10561
10195
9873
9599
9354
8759
8833
8486
8295
8391
8124
8240
8029
7916
7879
7789
7894
7793
7847
7650
7721
7798
7816
7589
7622
7807
7545
7517
7480
7652
7575
7529
7343
7288
7481
7242
7206
7262
7052
7120
7133
7062
7143
7054
7254
7050
7098
6917
6826
7107
6828
6949
6943
7000
6913
6834
6863
7021
6906
6869
6852
6876
6931
7003
7004
6958
6943
6904
6945
7043
7204
6898
6765
6728
6954
6639
6641
6869
6726
6735
6621
6805
6624
6568
6642
6731
6666
6634
6573
6737
6767
6726
6613
6691
6681
6842
6703
6919
6873
6823
6893
6802
6849
6780
6952
6973
6882
7113
6898
7048
7001
7109
6960
6762
6708
6627
6698
6717
6632
6400
6548
6291
6238
6277
5952
5985
5835
6030
5799
5881
5814
5676
5739
5590
5707
5755
5699
5778
5863
5778
6114
6137
6051
6257
6253
6247
6503
6585
6672
6865
6971
7187
7390
7480
7527
7739
7718
8184
8124
8352
8594
8513
8822
8824
9058
9048
9111
9284
9349
9273
9233
9260
9293
9538
9424
9338
9329
9512
9181
9278
9265
9075
8862
8832
8645
8683
8425
8228
8162
7917
7867
7782
7507
7330
7143
7024
6837
6622
6491
6283
6147
5978
5884
5643
5459
5387
5238
5163
4935
4934
4797
4822
4630
4655
4514
4494
4401
4366
4296
4268
4261
4227
4067
4009
4193
4010
4101
4059
4135
3903
4023
4047
4064
3960
3950
3914
4019
3921
3911
3898
3760
3967
3879
3962
3910
3986
3995
3992
3982
3958
3818
4105
4059
4063
3987
4005
3955
4031
4142
4211
3990
4045
4055
4072
4175
4037
4028
4101
4122
4179
4354
4140
4161
4072
4170
4132
4158
4203
4216
4087
4178
4109
4196
4090
4134
4204
4062
4164
4031
4075
4103
3946
3988
4070
4073
4053
4138
3999
4196
3998
4102
4105
4073
3986
4076
4009
4154
4102
3975
3970
4010
4043
4023
3976
3998
3906
3970
3909
3863
3862
4034
3865
3981
3823
3834
3899
3772
3876
3783
3824
3788
3773
3661
3791
3646
3735
3605
3676
3536
3599
3614
3585
3570
3536
3496
3486
3516
3533
3620
3478
3537
3447
3492
3474
3397
3544
3517
3429
3403
3463
3514
3480
3379
3538
3363
3509
3605
3519
3474
3537
3591
3555
3594
3572
3606
3685
3564
3605
3624
3664
3676
3783
3728
3792
3801
3728
3942
3811
4063
3942
4070
4013
4125
4146
4175
4168
4279
4091
4288
4410
4501
4560
4434
4543
4598
4495
4513
4609
4579
4667
4674
4649
4628
4648
4756
4633
4654
4631
4706
4604
4631
4542
4446
4613
4550
4507
4592
4394
4528
4421
4350
4447
4506
4383
4331
4348
4386
4440
4213
4372
4257
4430
4430
4253
4256
4394
4224
4239
4188
4308
4306
4305
4179
4256
4254
4128
4048
4255
4171
3997
3996
3995
3993
3827
3824
3879
3758
3615
3639
3588
3557
3508
3484
3502
3406
3305
3382
3345
3301
3301
3269
3116
3163
3109
2960
2959
2856
3016
2876
3001
2892
2951
2836
2845
2801
2860
2703
2855
2732
2702
2719
2691
2784
2728
2790
2656
2631
2711
2667
2693
2715
2733
2725
2680
2683
2725
2688
2730
2801
2791
2726
2699
2722
2732
2740
2704
2763
2807
2829
2732
2796
2847
2812
2788
2906
2807
2880
2899
2907
2844
2906
2830
2978
2872
2932
2958
3001
3062
2934
3093
3077
3088
3066
3051
3210
3103
3147
3182
2998
3185
3155
3219
3065
3131
3190
3081
3154
3174
3124
3102
3077
3163
3165
3083
3184
3103
3040
3019
3056
3000
3051
3026
2946
2989
3011
2952
2942
2932
2997
2808
2977
2774
2897
2770
2755
2743
2760
2699
2743
2699
2678
2691
2648
2640
2594
2671
2578
2649
2531
2546
2438
2492
2541
2558
2439
2446
2409
2393
2380
2319
2296
2266
2281
2326
2295
2327
2209
2222
2153
2173
2228
2147
2187
2079
2084
2155
2052
2015
2089
1972
2013
1959
1926
1969
1937
1893
1955
1893
1860
1867
1870
1780
1758
1776
1784
1811
1739
1766
1718
1680
1742
1719
1609
1649
1664
1655
1584
1587
1694
1581
1554
1534
1511
1493
1525
1585
1473
1504
1482
1370
1404
1371
1403
1399
1414
1308
1392
1389
1321
1285
1317
1305
1309
1333
1288
1207
1212
1281
1145
1245
1198
1253
1110
1180
1197
1225
1175
1172
1202
1166
1107
1195
1195
1141
1127
1148
1173
1104
1083
1112
1067
1098
1135
1129
1109
1130
1079
1091
1129
1098
1176
1104
1085
1168
1117
1175
1126
1149
1120
1191
1171
1206
1176
1166
1263
1235
1280
1188
1285
1302
1320
1369
1381
1454
1381
1400
1548
1563
1540
1643
1690
1730
1819
1874
1961
1935
2067
2145
2220
2235
2361
2478
2697
2699
2827
2962
3038
3176
3310
3508
3585
3637
3912
4045
4201
4329
4631
4667
4862
5140
5162
5428
5498
5804
5991
5940
6276
6301
6544
6849
6889
6983
7114
7333
7364
7160
7396
7666
7641
7590
7693
7812
7766
7983
7821
7994
7824
7780
7877
7708
7669
7580
7510
7447
7253
7162
7109
6903
6841
6725
6567
6481
6145
6059
5805
5849
5615
5428
5345
5128
4811
4772
4728
4355
4292
4053
3965
3861
3707
3415
3376
3197
3103
3008
2771
2725
2557
2476
2457
2250
2165
2167
1998
1933
1775
1788
1679
1603
1530
1512
1415
1485
1320
1357
1267
1197
1179
1148
1129
1088
1065
1071
1003
958
924
929
887
894
897
867
892
879
821
840
798
835
832
789
756
716
783
733
729
702
764
740
762
747
713
723
767
743
768
728
726
740
713
699
730
723
751
697
719
695
664
698
669
667
702
683
677
681
649
640
681
585
658
562
643
593
597
632
620
628
572
613
621
609
587
587
580
566
574
543
545
584
569
552
602
564
523
505
524
574
532
561
550
518
512
518
532
557
506
526
544
571
525
536
512
555
566
521
528
533
568
540
549
556
543
586
566
553
557
563
548
570
591
591
586
595
673
603
629
623
639
641
682
707
669
679
697
667
691
698
694
736
709
728
708
732
756
738
727
748
757
763
761
761
786
770
767
744
783
779
772
727
770
788
756
862
753
730
691
737
729
745
731
714
682
734
700
645
680
725
685
672
661
643
685
644
624
641
624
587
610
589
595
619
595
585
527
586
524
581
536
540
520
515
496
536
507
510
472
519
466
514
516
431
461
443
469
462
425
462
440
438
449
411
427
457
410
437
412
434
413
402
394
422
394
395
377
400
397
384
408
386
410
386
423
429
359
366
381
367
364
385
367
396
382
348
398
348
369
369
328
353
340
325
364
355
389
322
326
295
350
343
317
361
334
339
377
353
370
332
302
328
305
336
335
295
298
280
316
327
353
320
318
326
315
294
295
339
333
310
293
305
312
311
295
304
313
265
282
298
305
306
311
275
290
285
306
340
299
282
304
336
284
294
295
278
303
286
279
294
269
290
282
292
301
268
297
311
309
311
299
292
312
294
302
300
281
293
292
317
302
280
289
315
269
289
310
267
311
282
282
308
289
280
313
292
322
305
300
312
323
337
336
299
351
302
309
335
326
348
319
306
343
334
353
362
351
367
370
391
353
343
349
375
361
378
381
373
377
399
387
398
394
395
399
389
425
412
403
406
383
409
395
434
443
413
449
424
402
407
450
466
426
383
429
446
417
396
450
394
459
441
478
430
435
410
432
415
447
392
424
390
378
400
412
398
430
400
390
420
411
413
414
440
426
419
438
407
409
376
425
400
385
432
420
407
415
393
383
375
395
421
375
349
416
353
411
390
385
414
360
366
420
356
380
360
368
389
375
369
387
362
418
368
347
366
339
371
372
373
360
346
393
373
352
374
354
358
365
362
380
371
369
358
341
323
320
338
338
322
367
325
353
333
321
316
346
314
325
332
327
326
307
305
305
338
327
305
323
331
308
330
298
302
326
293
297
330
294
321
311
307
307
287
301
288
304
305
295
315
277
293
269
301
298
300
275
253
281
254
265
257
321
265
284
270
283
270
259
285
263
266
258
271
234
314
261
243
279
265
252
243
251
274
252
237
244
229
237
235
232
251
257
207
221
230
254
245
201
253
225
210
231
219
216
227
233
198
229
238
237
230
231
221
236
200
230
207
225
226
217
226
210
213
202
203
219
229
234
199
222
205
196
186
220
202
203
212
203
204
216
203
200
179
207
198
204
210
184
203
202
197
194
193
215
208
195
208
182
176
183
214
186
173
188
197
179
199
168
185
188
188
178
163
165
189
173
170
193
173
169
181
187
191
175
183
186
201
191
199
194
203
186
177
179
217
182
204
206
190
210
223
228
220
233
245
252
225
232
256
283
245
248
263
279
286
292
328
285
319
317
320
328
370
380
353
390
364
400
354
423
402
401
366
442
426
456
417
480
468
461
477
481
495
481
478
504
495
518
542
537
497
540
569
568
538
507
560
539
555
549
555
500
570
571
570
521
600
558
559
556
600
532
574
568
552
538
527
530
535
501
503
478
483
528
460
494
449
453
485
457
435
409
413
394
407
402
403
378
367
367
364
357
350
382
338
379
331
318
350
332
350
297
309
299
282
283
282
271
290
261
258
254
215
257
237
234
224
233
211
232
218
207
219
203
189
221
210
198
200
196
194
173
178
206
173
152
184
163
163
176
153
179
143
193
140
164
168
180
171
168
157
$ROI:
42
143 193
144 194
424 531
429 529
440 544
440 545
440 549
443 544
443 553
490 516
604 1134
679 1395
772 934
800 953
827 855
828 856
840 1946
849 1974
857 2002
872 900
880 1058
887 915
914 1083
1010 1038
1208 1258
1345 1375
1418 1448
2436 2526
3229 3279
3607 3645
6449 6521
6459 6531
6463 6535
6464 6536
6467 6539
6471 6543
6482 6526
6489 6513
6497 6521
12997 13047
12999 13049
13000 13050
