$SPEC_ID:
GAMWIN
$SPEC_REM:


$DETDESC:

$DATE_MEA:
05/22/2025 14:37:24
$MEAS_TIM:
56789.73 57459.24
$MCA_CAL:
3
1.32118272781372E+001 1.29107522964478E+000 0.00000000000000E+000
$DATA:
0 2047
0
0
0
0
0
0
0
0
0
0
0
0
0
0
0
0
0
0
0
0
0
2750
3009
3384
3717
4116
4663
4935
4901
4658
4679
4510
4376
4470
4448
4359
4603
4890
5141
5739
6045
6738
6947
7067
7147
6713
6234
6169
6318
6645
6941
7168
7666
8290
8801
9269
9723
9672
9855
9945
10104
10270
10803
12196
13470
15185
16993
18517
19339
19077
17923
16328
14555
12967
11711
11348
11101
10828
11000
10975
10659
10367
9671
8831
8221
7221
6691
6205
5417
5146
4926
4705
4665
4705
4653
4644
4601
4537
4523
4363
4505
4308
4556
4446
4494
4583
4591
4840
4777
5018
4911
4969
5140
5125
5016
4938
4891
4963
4786
4826
4773
4920
4872
4818
4897
4866
4802
4933
4803
4765
4798
4794
4645
4752
4575
4554
4400
4457
4533
4427
4327
4327
4336
4398
4267
4288
4346
4534
4653
4707
4872
4867
5077
5109
5175
5256
5157
5092
5160
4987
5024
4710
4860
4692
4642
4578
4559
4447
4585
4513
4553
4603
4543
4444
4561
4384
4284
4419
4341
4278
4439
4488
4479
4706
4800
5349
5696
6079
6757
7001
7808
8413
8960
9348
9706
10197
10148
10151
10203
10021
9736
9459
9046
8529
8136
7462
6933
6428
5836
5435
5095
4752
4343
4190
3860
3757
3557
3528
3377
3406
3362
3224
3269
3337
3315
3364
3427
3428
3668
3677
3759
3848
3892
3933
4149
4081
4280
4204
4397
4403
4449
4365
4458
4359
4204
4128
4141
4041
3974
3767
3690
3725
3527
3348
3255
3093
3012
2959
2869
2882
2870
2957
3023
2932
2989
3085
3202
3189
3459
3445
3610
3958
3970
4009
4303
4357
4576
4633
4859
4925
4969
5030
4942
5003
4921
5112
4895
4964
4930
4771
4725
4451
4297
4211
4037
3933
3608
3500
3335
3067
2941
2684
2584
2365
2240
2054
1971
1862
1800
1785
1732
1678
1629
1546
1559
1503
1593
1486
1382
1592
1472
1504
1423
1491
1323
1466
1425
1374
1410
1417
1395
1401
1406
1335
1383
1374
1313
1330
1320
1311
1321
1256
1311
1290
1285
1226
1252
1273
1227
1283
1247
1313
1233
1172
1284
1239
1296
1281
1204
1252
1253
1313
1298
1290
1270
1248
1328
1322
1287
1304
1294
1245
1321
1316
1305
1296
1301
1338
1348
1228
1229
1387
1293
1282
1325
1236
1317
1267
1218
1243
1262
1320
1317
1285
1264
1203
1279
1284
1253
1288
1366
1335
1297
1281
1381
1407
1390
1331
1339
1377
1370
1310
1353
1291
1323
1290
1295
1354
1295
1303
1271
1220
1202
1201
1229
1158
1098
1154
1165
1209
1148
1105
1105
1056
1085
1174
1134
1087
1134
1174
1138
1269
1218
1253
1345
1344
1388
1415
1502
1566
1533
1616
1635
1767
1748
1738
1848
1917
2041
1961
2118
2089
2149
2163
2242
2326
2329
2466
2457
2451
2545
2621
2551
2637
2612
2626
2697
2702
2653
2645
2634
2616
2597
2628
2599
2518
2514
2434
2477
2388
2382
2334
2162
2131
2076
1984
2051
1897
1774
1785
1628
1636
1562
1539
1412
1434
1248
1185
1178
1126
1098
1108
999
977
994
947
943
885
934
869
817
790
817
867
772
813
786
801
785
713
738
702
773
745
785
716
793
748
732
777
695
773
722
703
736
727
761
754
717
798
747
727
769
689
747
778
768
736
744
722
754
815
818
815
827
842
770
773
832
775
827
866
861
851
851
821
831
806
826
842
817
879
815
868
860
854
865
852
847
806
843
810
838
825
850
846
819
831
838
857
853
837
777
807
828
804
821
835
807
840
846
818
816
876
794
787
802
792
782
834
790
796
783
768
791
815
784
769
749
713
733
747
705
796
728
737
710
721
660
705
696
703
691
681
660
672
696
624
622
678
663
683
650
663
639
676
655
702
626
644
632
638
648
663
674
644
713
694
684
665
632
684
695
670
697
688
721
708
711
731
698
712
723
705
710
754
741
778
802
787
800
842
836
759
850
832
891
901
889
912
947
936
1009
1010
993
953
975
1050
1050
1003
1041
1067
1016
1020
1070
981
1005
1033
988
1054
1026
1004
1024
1039
1006
968
998
976
994
964
996
919
922
957
967
923
956
962
866
894
896
938
950
928
921
880
907
903
967
913
901
866
847
883
864
865
852
835
833
846
870
818
774
774
828
807
785
742
709
747
700
703
603
665
626
628
677
602
617
577
598
558
572
606
518
519
572
516
484
513
486
444
433
453
461
458
379
412
455
410
414
416
413
465
444
448
389
432
402
427
425
419
378
401
411
436
459
372
407
435
417
440
478
455
468
440
427
425
406
444
459
391
435
449
485
497
459
486
475
494
451
510
490
495
513
522
549
489
518
573
525
535
568
565
552
563
595
569
601
579
551
574
554
558
598
617
552
572
613
598
598
592
590
631
588
555
568
571
557
570
540
574
579
546
540
498
518
569
501
525
506
510
465
453
504
463
425
420
423
468
466
400
406
410
447
416
440
397
389
375
391
369
379
365
346
394
340
351
350
323
364
363
356
364
354
328
327
343
362
368
350
321
360
365
337
360
325
353
343
332
349
353
337
327
356
334
354
338
363
341
303
368
323
335
320
326
345
323
325
306
354
332
325
325
338
321
321
288
345
330
300
268
304
345
247
296
321
282
286
278
287
312
277
232
265
251
245
250
281
259
223
235
273
246
245
244
258
260
230
242
230
236
242
264
207
219
220
226
221
225
231
197
230
197
224
224
222
245
207
209
218
224
210
221
196
232
220
231
244
216
241
217
219
223
223
226
221
247
239
248
266
204
253
251
264
233
279
251
274
287
261
272
284
292
239
269
282
310
297
296
306
313
326
318
323
331
312
350
307
339
330
342
360
345
361
385
407
408
422
433
412
494
443
460
444
480
503
522
548
522
563
545
607
604
583
626
627
622
624
626
691
678
648
724
736
749
766
685
763
771
765
778
766
746
725
792
724
770
723
738
784
715
770
765
768
725
735
727
682
748
647
649
654
633
634
611
579
548
573
554
589
481
505
523
490
505
476
462
445
453
419
408
393
361
353
400
341
339
332
308
299
314
297
281
271
277
283
255
268
279
259
235
255
254
226
219
198
195
188
207
217
199
220
189
177
199
214
219
174
216
196
179
222
187
202
186
197
208
208
195
171
213
177
180
202
202
190
183
181
183
178
191
187
189
220
180
213
175
186
185
191
179
192
187
208
189
210
189
185
192
184
160
167
182
156
188
167
162
157
152
167
139
173
203
155
170
144
171
143
132
138
156
144
138
156
148
127
114
150
140
134
138
118
141
144
166
152
145
143
148
145
172
116
132
145
143
140
143
122
152
129
127
137
137
122
137
161
145
137
140
123
148
153
154
168
149
146
145
154
163
176
179
172
163
182
189
185
210
176
186
188
209
187
222
215
234
197
215
199
210
228
217
247
213
269
234
278
227
246
239
229
244
214
224
269
240
244
248
246
232
220
249
239
233
233
226
210
215
215
243
206
238
202
216
205
209
197
205
193
189
218
197
195
181
195
175
202
173
142
173
163
180
146
142
143
127
152
154
134
143
103
137
139
125
149
142
156
131
139
134
118
131
127
111
126
118
118
112
130
107
113
99
123
112
114
121
104
101
102
122
110
110
89
116
94
104
111
84
93
112
99
111
104
99
106
87
116
95
101
88
88
91
67
90
99
98
92
105
70
87
93
100
105
73
80
84
80
87
85
74
90
66
81
91
52
70
96
73
74
63
67
84
71
85
79
75
67
78
67
68
76
81
68
85
70
83
61
75
81
64
68
74
69
72
66
59
72
57
66
62
66
80
63
75
90
72
69
61
72
72
66
67
66
59
68
58
65
67
64
62
62
73
56
71
72
71
79
69
56
63
61
64
73
74
61
72
64
52
57
63
73
66
71
67
60
63
84
48
68
58
79
73
77
58
62
58
68
71
74
74
81
66
84
75
80
69
92
65
78
65
78
87
81
78
91
93
86
93
83
96
96
81
88
115
101
108
86
102
98
109
96
114
97
101
87
91
96
95
102
118
104
114
128
123
106
115
116
94
112
94
105
108
98
99
122
121
99
130
107
96
118
117
110
106
112
95
126
108
132
107
99
123
104
94
102
103
103
124
109
107
111
105
101
106
91
102
99
111
129
120
89
105
90
99
113
111
93
107
115
101
105
102
98
97
114
111
95
105
103
89
111
106
96
101
99
110
91
93
84
114
94
94
86
109
95
87
95
74
85
94
78
90
91
102
85
88
75
87
74
82
82
96
77
75
88
79
79
85
81
79
81
96
61
58
68
76
75
73
75
74
54
74
63
86
75
87
72
66
68
81
77
82
77
75
71
76
61
71
60
71
72
65
64
81
79
53
58
63
63
75
60
71
70
48
62
61
78
61
64
71
76
60
67
63
64
63
61
65
60
57
62
76
72
52
67
47
55
60
44
46
56
55
56
59
54
61
33
54
45
54
54
52
59
54
48
51
41
56
64
40
43
54
40
51
54
52
47
40
55
48
55
60
56
46
43
53
46
44
52
56
50
53
45
44
41
56
53
48
30
32
52
44
43
45
55
52
45
40
49
49
49
40
47
41
48
48
51
38
39
44
32
33
43
43
48
36
37
41
37
29
31
37
41
39
41
31
40
36
37
29
41
43
48
40
33
46
40
31
37
38
31
35
41
35
51
35
39
43
39
58
41
37
38
42
42
55
54
62
49
39
56
43
51
53
72
41
52
54
60
49
85
68
67
81
86
79
84
80
76
78
109
99
106
89
96
100
93
99
103
122
111
112
100
119
116
130
133
112
128
155
146
113
135
140
133
144
125
143
133
135
150
148
165
142
143
142
170
128
139
130
149
144
162
152
134
156
156
149
141
148
144
143
123
134
157
161
139
145
136
129
131
118
123
133
116
121
115
135
116
128
100
108
111
92
119
87
86
101
92
79
91
83
79
60
90
89
93
75
71
72
69
69
63
63
65
66
63
61
67
72
57
66
62
59
51
48
50
56
54
42
40
58
48
47
42
49
51
49
46
40
32
39
48
37
42
35
46
33
23
33
30
33
27
29
34
33
31
25
$ROI:
42
143 193
144 194
424 531
429 529
440 544
440 545
440 549
443 544
443 553
490 516
604 1134
679 1395
772 934
800 953
827 855
828 856
840 1946
849 1974
857 2002
872 900
880 1058
887 915
914 1083
1010 1038
1208 1258
1345 1375
1418 1448
2436 2526
3229 3279
3607 3645
6449 6521
6459 6531
6463 6535
6464 6536
6467 6539
6471 6543
6482 6526
6489 6513
6497 6521
12997 13047
12999 13049
13000 13050
