$SPEC_ID:
GAMWIN
$SPEC_REM:


$DETDESC:

$DATE_MEA:
05/21/2025 06:59:45
$MEAS_TIM:
27366.28 27718.86
$MCA_CAL:
3
1.32118272781372E+001 1.29107522964478E+000 0.00000000000000E+000
$DATA:
0 2047
0
0
0
0
0
0
0
0
0
0
0
0
0
0
0
0
0
0
0
0
0
1853
2046
2203
2409
2765
3151
3416
3356
3319
3106
3069
2986
2954
2880
2919
3123
3283
3544
3928
4230
4493
4751
4847
4823
4642
4538
4428
4387
4613
4608
5115
5329
5748
6146
6500
6641
6892
6992
7046
7121
7319
7876
8526
9672
10935
11862
13134
13474
13494
12886
11736
10278
9135
8550
8178
7952
7841
7890
7906
7680
7378
7030
6379
5946
5146
4881
4353
4033
3851
3597
3510
3579
3437
3397
3391
3362
3266
3154
3295
3185
3233
3166
3175
3272
3321
3349
3394
3435
3615
3585
3776
3705
3605
3785
3731
3641
3592
3594
3532
3617
3614
3512
3649
3754
3562
3557
3516
3486
3544
3527
3486
3348
3356
3367
3358
3270
3338
3152
3275
3080
3204
3103
3172
3113
3171
3211
3210
3335
3480
3566
3571
3597
3808
3802
3809
3702
3724
3689
3704
3727
3544
3455
3449
3448
3360
3162
3232
3270
3204
3327
3292
3262
3156
3190
3175
3081
3126
3193
3206
3148
3123
3265
3430
3454
3869
4017
4376
4857
5213
5535
6148
6478
6688
7016
7104
7177
7499
7198
7138
6980
6855
6559
5979
5717
5383
5013
4545
4348
3811
3620
3326
3158
3069
2813
2646
2504
2522
2492
2387
2376
2321
2286
2274
2435
2478
2462
2474
2440
2591
2636
2697
2765
2868
2983
2914
2945
2960
3056
3034
3081
3104
2996
2979
3014
3007
2854
2807
2789
2622
2543
2529
2427
2298
2330
2196
2111
2144
2027
1903
2026
1990
1970
2068
2028
2168
2258
2304
2447
2394
2672
2658
2703
2851
2981
2966
3188
3302
3382
3448
3589
3385
3391
3505
3509
3439
3427
3312
3396
3291
3209
3079
2902
2856
2708
2731
2603
2444
2278
2120
2015
1877
1784
1648
1571
1467
1392
1340
1342
1253
1270
1143
1127
1126
1046
1034
1003
1080
1048
977
1028
1000
992
1007
1024
944
989
940
994
963
895
968
892
965
926
932
937
903
881
930
890
904
888
940
886
850
791
787
819
905
856
799
865
723
850
812
808
845
801
858
831
826
902
870
885
886
875
839
920
939
857
886
857
878
864
892
901
877
866
845
820
958
854
876
915
859
903
852
888
929
839
833
869
895
889
876
852
832
849
862
920
901
889
933
883
884
939
917
932
871
866
869
870
889
942
889
886
803
839
813
792
855
868
812
868
746
764
796
740
807
826
759
758
717
742
762
733
732
744
815
768
794
807
927
800
882
950
974
978
979
1057
1116
1172
1202
1219
1262
1368
1348
1386
1428
1413
1525
1558
1539
1596
1612
1619
1681
1731
1750
1720
1813
1803
1796
1807
1819
1803
1890
1832
1886
1818
1815
1855
1798
1796
1751
1755
1671
1664
1684
1586
1553
1556
1516
1433
1288
1328
1260
1220
1252
1167
1043
1054
969
960
944
882
890
828
807
751
716
708
635
643
623
669
628
594
559
532
553
533
551
529
496
553
502
526
499
449
527
514
488
492
486
489
459
503
468
507
538
490
505
494
485
474
502
504
506
502
491
512
507
532
549
488
476
453
515
498
527
545
512
518
541
520
488
559
507
601
562
541
598
561
558
597
551
557
540
554
565
553
592
576
576
567
552
575
566
564
539
540
563
539
573
576
550
566
590
528
559
571
525
561
549
572
547
560
569
550
551
540
560
549
559
505
518
551
524
523
501
526
537
494
524
499
523
501
485
506
509
493
509
464
524
500
487
470
467
464
440
447
458
458
463
436
482
434
440
436
437
417
441
444
437
434
414
450
433
436
404
410
425
425
475
446
429
486
456
424
449
471
432
488
476
457
475
464
471
494
495
505
507
521
502
513
504
544
527
568
598
558
582
593
597
618
592
599
682
647
662
690
692
639
645
698
683
680
660
702
721
726
724
734
681
685
702
681
720
695
635
682
663
689
700
723
689
722
626
693
637
680
649
640
677
659
605
668
580
674
686
603
651
631
559
615
633
625
622
578
605
616
588
575
578
572
567
556
561
547
570
552
560
537
546
467
518
442
514
453
475
448
435
444
444
370
379
405
404
393
361
351
342
326
354
335
342
353
304
329
319
282
302
268
292
308
314
300
253
296
267
279
259
255
302
248
274
269
269
261
273
267
264
273
285
249
228
255
260
241
262
241
242
260
253
290
281
261
256
267
317
297
273
296
331
301
306
342
302
302
322
338
343
350
305
319
338
338
366
340
340
343
347
369
389
376
334
372
344
341
392
399
394
394
377
396
403
398
409
366
435
368
388
359
387
350
364
346
337
344
343
329
334
328
324
323
328
338
355
333
326
289
312
316
285
279
296
264
268
274
290
264
275
254
262
224
271
267
253
254
269
232
250
250
217
236
225
214
230
217
223
234
205
232
225
212
209
245
199
212
246
222
213
224
216
203
213
236
258
241
228
228
222
241
214
211
215
216
217
205
188
194
216
219
221
204
215
185
186
214
215
236
198
229
192
207
189
213
198
192
213
201
209
210
203
197
202
182
175
183
207
188
176
183
206
183
182
175
153
152
161
152
171
164
159
145
144
178
151
153
194
130
140
134
155
147
151
146
134
155
143
151
139
153
152
152
153
154
142
151
145
156
150
147
152
153
143
153
143
140
157
158
148
168
155
146
158
146
158
157
141
157
185
167
178
147
170
186
174
197
188
191
199
166
187
174
198
191
187
219
211
214
181
203
194
217
211
207
214
222
253
227
228
267
240
236
255
261
266
243
276
253
236
287
273
302
303
324
277
315
320
313
305
342
343
393
345
349
402
373
379
394
398
405
414
417
416
387
403
410
409
437
418
423
429
429
399
433
435
421
396
392
419
373
398
391
400
391
368
382
371
396
319
368
327
354
351
358
317
299
319
295
302
287
285
286
258
252
257
244
246
244
229
236
191
225
193
188
198
204
176
173
189
160
167
164
166
190
156
153
127
160
150
164
129
170
145
150
137
141
142
135
138
128
134
137
154
148
121
138
141
127
146
117
133
128
140
140
136
158
150
133
141
148
138
141
137
145
119
125
124
133
135
147
158
123
122
134
126
132
131
124
124
130
128
139
112
116
102
124
126
89
124
108
134
111
116
104
112
113
101
128
126
124
110
85
91
107
101
111
86
83
109
96
113
97
101
102
105
82
84
99
97
78
102
102
74
107
96
83
91
85
102
88
99
89
95
92
107
102
77
81
91
86
114
94
81
97
97
107
110
116
103
106
95
94
95
91
119
112
126
135
131
133
126
130
116
125
141
124
127
126
142
167
130
140
162
164
147
175
150
157
159
174
148
155
188
158
176
143
164
158
167
168
148
151
149
150
154
147
137
179
160
145
150
158
148
130
133
133
135
129
162
155
149
119
146
153
148
131
130
110
118
126
113
147
130
116
109
94
105
104
98
91
121
103
109
95
120
101
82
84
96
97
97
69
65
99
84
72
89
72
90
82
87
87
83
87
90
83
78
87
73
73
77
96
81
80
65
68
66
74
56
80
75
76
70
63
76
63
61
76
64
56
64
72
72
56
70
59
68
52
46
56
62
56
43
51
63
58
54
69
50
58
59
56
64
63
46
49
51
60
46
61
53
56
52
54
53
54
49
46
53
64
66
45
57
49
55
58
55
37
41
63
49
42
45
42
45
52
56
48
37
51
52
43
37
43
49
42
49
53
43
37
35
47
50
49
41
35
40
40
32
50
42
47
45
49
47
46
49
42
43
49
47
50
49
43
39
54
56
38
34
40
36
46
51
48
49
43
38
56
53
48
28
41
41
31
45
40
50
37
34
49
42
54
45
38
39
48
53
64
53
43
65
46
52
54
53
65
54
69
59
48
54
67
74
50
67
68
49
69
65
67
73
55
70
57
51
76
71
71
67
70
82
73
77
86
76
67
79
85
65
75
64
68
86
81
55
74
83
70
90
78
86
71
69
86
80
113
68
73
75
71
69
79
72
59
81
80
66
64
73
90
80
69
67
82
89
78
76
63
72
64
69
81
58
69
89
81
74
60
92
78
68
72
62
51
73
90
68
81
71
50
83
68
63
68
75
65
60
76
67
70
64
68
61
73
69
49
70
65
57
63
52
75
52
60
62
62
61
59
45
58
56
64
66
66
77
49
55
51
61
57
52
55
57
59
40
44
63
52
44
50
53
47
52
42
44
54
45
43
44
57
54
49
53
56
46
56
56
46
45
43
41
51
47
41
49
48
45
43
55
46
52
46
48
41
40
35
45
39
40
56
44
42
45
47
54
44
44
36
39
41
44
46
42
34
39
31
36
38
42
39
39
41
54
46
39
32
33
39
37
52
30
36
36
25
36
29
32
36
40
32
34
36
28
38
34
36
35
32
34
33
39
27
33
31
40
29
27
30
28
32
28
35
39
31
36
29
24
27
29
33
39
38
28
46
28
27
32
34
41
32
27
24
29
46
37
30
25
29
26
27
34
19
26
25
25
27
32
28
21
34
27
22
24
23
29
23
24
19
31
22
29
24
25
31
20
25
24
19
29
32
20
22
25
22
27
30
21
26
25
30
30
20
37
23
36
28
26
26
28
30
40
19
32
39
30
27
40
45
40
29
34
43
39
52
44
42
50
48
47
51
63
55
56
62
70
58
51
50
60
66
49
73
73
80
63
79
76
93
106
74
95
80
87
82
104
113
81
110
91
98
114
104
91
104
106
104
112
90
99
109
126
115
118
88
103
133
108
106
119
115
103
105
107
107
97
89
95
102
102
113
103
93
112
108
113
100
86
79
82
76
85
76
80
85
83
87
83
66
92
80
77
75
72
67
59
69
80
68
58
63
60
67
54
52
44
34
66
48
56
39
46
45
35
53
38
44
39
36
44
34
34
37
41
30
33
38
42
28
37
34
27
17
37
21
26
35
24
35
19
29
17
27
17
21
20
24
19
18
30
22
29
15
15
$ROI:
42
143 193
144 194
424 531
429 529
440 544
440 545
440 549
443 544
443 553
490 516
604 1134
679 1395
772 934
800 953
827 855
828 856
840 1946
849 1974
857 2002
872 900
880 1058
887 915
914 1083
1010 1038
1208 1258
1345 1375
1418 1448
2436 2526
3229 3279
3607 3645
6449 6521
6459 6531
6463 6535
6464 6536
6467 6539
6471 6543
6482 6526
6489 6513
6497 6521
12997 13047
12999 13049
13000 13050
