$SPEC_ID:
GAMWIN
$SPEC_REM:


$DETDESC:

$DATE_MEA:
11/21/2025 07:28:03
$MEAS_TIM:
26007.90 26391.86
$MCA_CAL:
3
1.32118272781372E+001 1.29107522964478E+000 0.00000000000000E+000
$DATA:
0 2047
0
0
0
0
0
0
0
0
0
0
0
0
0
0
0
0
0
0
0
0
0
1639
1870
1906
2080
2271
2558
2581
2482
2505
2446
2368
2371
2212
2271
2355
2318
2414
2610
2783
2897
3112
3205
3392
3201
3084
3121
3141
3165
3411
3449
3789
3830
4168
4367
4553
4677
4803
4970
5018
5129
5258
5542
5856
6527
7013
7458
7800
7755
7422
7242
6405
5964
5582
5260
5318
5207
5187
5113
5088
4954
4809
4454
4183
4020
3748
3454
3334
3141
2973
2977
2981
2942
2731
2834
2860
2794
2733
2793
2792
2717
2744
2839
2730
2875
2885
2797
2752
2916
2993
2882
3021
2941
3042
2928
2845
2827
2920
2945
2908
2829
2825
2871
2851
2755
2786
2826
2812
2751
2790
2676
2562
2740
2689
2642
2616
2574
2596
2471
2557
2568
2526
2437
2539
2584
2549
2583
2690
2699
2720
2837
2746
2813
2832
2922
2849
2765
2795
2679
2707
2536
2499
2569
2546
2519
2428
2456
2423
2478
2377
2335
2432
2347
2311
2288
2283
2272
2235
2348
2377
2458
2357
2474
2603
2709
2812
3058
3223
3395
3542
3675
3876
4065
4080
4109
4110
4225
4105
4074
3886
3753
3596
3475
3276
3134
2869
2787
2577
2394
2292
2160
2026
2008
1905
1860
1846
1792
1769
1667
1690
1658
1708
1772
1762
1778
1788
1797
1724
1885
1953
1936
1921
1938
1914
1930
1972
2075
1986
2009
1987
2025
1967
1974
1917
1873
1780
1832
1776
1708
1731
1581
1542
1535
1448
1539
1396
1390
1413
1399
1367
1480
1383
1444
1418
1536
1598
1612
1651
1652
1736
1733
1812
1947
1985
1972
2104
2056
2156
2100
2111
2021
2160
2093
2036
2064
2067
1959
1965
1917
1936
1846
1728
1654
1606
1590
1507
1350
1341
1261
1181
1183
1133
1078
1024
970
932
925
853
871
875
819
820
803
804
824
760
793
775
784
787
787
741
778
732
825
776
753
754
754
749
725
768
736
726
735
695
730
703
696
724
678
700
688
678
710
638
658
666
658
627
648
674
638
673
671
691
622
650
661
682
638
671
629
593
638
652
690
662
717
668
577
633
657
658
631
629
625
631
658
658
599
614
634
648
625
596
659
650
672
632
634
594
616
632
631
651
644
659
634
670
624
677
641
646
657
620
651
650
617
642
645
668
614
653
600
653
566
569
561
582
587
602
574
537
585
557
570
563
539
524
550
614
553
582
526
560
565
579
587
570
593
587
572
645
662
631
693
707
712
763
707
787
791
784
786
864
841
866
892
898
993
955
988
964
1027
970
991
966
989
996
1054
1089
1132
1046
1042
1009
1101
993
1023
1070
1039
994
1018
1044
1010
956
956
952
888
910
821
870
827
857
787
791
715
723
628
674
654
643
621
566
564
504
510
524
484
490
474
478
435
484
435
414
392
402
385
418
430
400
371
385
387
365
367
394
370
360
379
391
389
368
365
357
417
410
354
390
387
383
414
353
402
355
365
391
376
369
400
368
375
448
417
399
410
414
386
383
385
403
388
388
404
413
402
392
433
419
433
421
408
402
394
425
416
410
411
423
413
419
402
419
437
415
411
397
406
426
412
378
381
453
412
400
422
379
396
433
394
403
429
371
385
421
410
431
406
398
445
383
401
420
388
380
435
396
396
381
362
377
439
404
382
364
367
395
376
363
369
389
355
348
364
346
345
366
360
347
336
348
361
333
362
339
361
359
357
279
331
343
355
356
341
336
365
345
344
358
348
346
343
335
349
348
305
372
404
373
347
374
373
342
379
362
353
373
366
358
350
346
416
382
396
366
417
406
386
395
451
419
410
447
418
440
464
393
393
452
428
381
480
449
486
468
461
439
480
480
520
502
493
452
493
435
483
473
480
471
475
443
448
469
473
480
473
477
457
477
487
471
494
422
432
442
461
454
423
418
406
451
442
423
458
415
444
409
447
400
410
415
423
440
405
422
408
369
403
408
401
392
379
385
398
346
330
359
344
347
346
338
343
347
302
335
303
290
302
310
334
294
291
325
258
280
273
254
270
285
266
275
278
273
288
253
244
288
257
258
268
268
253
263
236
271
249
258
246
265
271
266
266
211
249
255
277
269
251
243
281
259
290
263
286
259
263
281
254
255
286
315
285
290
294
305
291
317
325
276
272
343
308
326
321
336
318
297
336
296
344
331
336
329
323
326
324
342
354
327
353
362
354
316
314
324
321
343
339
350
337
333
338
320
353
342
341
306
308
300
306
342
313
324
289
295
293
298
328
306
266
283
309
321
266
277
293
264
282
245
266
291
278
251
229
269
255
255
262
274
276
239
230
249
244
222
245
250
216
211
216
234
223
243
236
218
218
205
214
213
220
215
197
190
226
195
227
191
199
236
212
200
243
206
195
181
196
192
182
210
172
202
181
190
208
172
187
188
162
165
200
190
168
172
169
177
157
149
157
155
155
159
154
136
172
154
116
151
128
141
152
138
144
142
115
124
130
124
135
135
117
120
117
127
123
144
131
128
120
121
105
131
95
117
101
129
104
131
106
128
114
104
118
91
120
111
114
138
112
95
129
110
119
112
103
123
113
106
113
122
116
128
115
107
115
102
124
142
117
131
135
133
109
136
133
129
131
126
144
159
140
166
147
158
147
167
171
185
202
189
221
206
219
217
233
245
240
246
268
282
302
325
345
357
337
374
383
381
421
434
461
454
457
511
464
523
564
539
619
584
611
627
643
656
681
695
689
699
755
730
767
773
766
818
756
802
840
799
793
755
791
761
833
868
796
826
784
760
764
779
824
730
749
754
740
703
680
668
701
644
587
621
585
508
571
486
531
521
459
483
425
398
399
361
367
370
333
341
344
292
267
298
301
246
239
218
236
239
199
179
185
174
179
152
150
149
146
132
141
137
123
123
99
120
114
112
139
110
112
113
93
69
98
100
80
99
93
75
96
74
81
96
78
78
71
90
67
71
71
78
83
68
73
70
74
75
77
73
73
60
75
78
77
67
74
75
70
67
67
88
63
61
83
66
68
71
65
47
65
75
59
68
70
63
65
59
61
61
54
41
60
63
52
50
61
53
48
54
71
64
55
48
43
45
62
51
56
60
55
60
63
53
63
44
53
52
53
50
41
54
55
48
53
49
57
40
46
58
51
50
58
50
57
53
53
57
59
63
68
62
72
65
63
65
62
61
56
55
67
67
65
65
74
86
74
74
74
77
68
88
96
97
92
90
81
85
93
91
85
95
105
75
81
90
81
98
101
83
94
93
77
104
102
92
79
84
87
83
59
76
82
92
69
88
70
68
80
86
71
91
80
80
74
85
64
66
68
74
68
53
65
62
66
68
75
64
59
60
71
57
51
58
55
56
63
47
60
46
34
42
44
59
52
50
45
40
53
42
51
36
53
40
53
30
42
36
39
41
48
36
44
43
42
37
43
41
49
43
35
44
28
43
34
39
40
28
30
44
38
39
30
42
38
43
40
27
52
42
34
30
29
29
36
45
34
40
36
32
25
35
35
19
36
33
24
31
35
27
19
27
25
29
30
38
31
32
24
28
29
39
21
23
32
27
23
32
27
33
24
38
15
41
18
32
32
16
30
33
19
23
25
29
27
17
24
19
27
26
24
30
19
21
26
33
27
29
24
33
31
20
27
34
24
30
33
16
20
15
21
32
32
15
33
30
24
15
19
28
19
28
26
30
32
21
20
23
35
22
17
23
27
23
30
24
31
38
33
28
31
25
29
19
26
24
30
25
32
38
41
24
33
27
30
27
35
27
31
32
29
18
31
34
41
31
30
42
27
31
43
31
36
39
41
28
39
53
40
30
41
40
30
46
35
37
29
33
49
39
36
55
45
34
40
41
45
43
33
40
35
49
41
40
27
41
32
39
37
48
33
37
48
34
52
42
44
29
35
48
45
43
32
45
34
38
47
41
39
40
27
40
48
31
47
45
52
40
42
50
34
46
40
41
38
42
39
41
47
43
31
47
46
39
29
31
49
36
46
41
34
24
31
32
32
39
41
34
36
25
37
40
38
37
36
34
38
24
34
30
32
22
32
34
32
30
35
32
26
35
31
25
35
42
37
36
18
27
30
31
28
27
23
35
28
25
24
31
32
29
24
30
33
19
26
25
29
34
33
25
27
24
20
29
38
25
20
31
32
28
17
23
30
26
16
21
16
16
23
19
28
20
38
27
23
28
21
25
31
24
27
21
20
36
26
24
19
14
29
24
22
21
18
17
32
20
20
24
25
20
18
18
17
23
22
15
21
11
28
18
13
21
13
18
17
15
16
15
22
17
16
20
15
14
15
12
18
19
19
16
14
17
19
22
13
19
11
21
18
16
15
18
16
15
17
12
15
21
23
13
26
11
14
16
13
10
17
18
14
27
14
19
19
22
12
20
17
15
9
21
12
13
10
13
15
9
16
16
17
17
17
10
12
15
15
11
13
12
16
14
14
17
15
18
17
10
16
14
9
17
16
12
22
17
12
21
16
9
18
17
13
15
12
22
11
21
15
13
13
12
22
22
29
22
25
19
20
23
25
21
27
20
31
28
20
35
28
38
34
27
33
24
39
35
37
38
40
42
38
49
40
31
38
52
37
26
46
52
50
41
42
52
54
44
31
59
63
57
44
48
45
54
41
49
53
44
53
47
49
49
52
56
54
63
56
49
57
55
54
44
63
57
48
54
47
38
49
44
38
46
42
46
47
50
46
44
42
53
43
32
43
37
47
44
42
31
33
24
35
27
36
24
49
33
24
29
26
27
29
20
21
29
29
29
22
21
21
22
18
15
16
26
24
19
23
23
18
19
17
18
13
19
20
21
13
15
15
12
14
15
13
16
8
19
15
13
14
8
11
9
10
7
4
5
15
11
14
8
7
8
$ROI:
43
143 193
144 194
424 531
429 529
440 544
440 545
440 549
443 544
443 553
490 516
604 1134
679 1395
690 1434
772 934
800 953
827 855
828 856
840 1946
849 1974
857 2002
872 900
880 1058
887 915
914 1083
1010 1038
1208 1258
1345 1375
1418 1448
2436 2526
3229 3279
3607 3645
6449 6521
6459 6531
6463 6535
6464 6536
6467 6539
6471 6543
6482 6526
6489 6513
6497 6521
12997 13047
12999 13049
13000 13050
