$SPEC_ID:
GAMWIN
$SPEC_REM:


$DETDESC:

$DATE_MEA:
11/27/2025 07:19:13
$MEAS_TIM:
27340.27 27745.54
$MCA_CAL:
3
1.32118272781372E+001 1.29107522964478E+000 0.00000000000000E+000
$DATA:
0 2047
0
0
0
0
0
0
0
0
0
0
0
0
0
0
0
0
0
0
0
0
0
1827
1953
2062
2306
2521
2832
2937
2935
2797
2743
2635
2588
2561
2535
2590
2651
2765
2929
3169
3327
3454
3578
3650
3641
3591
3618
3477
3571
3729
3962
4143
4517
4666
4901
5031
5528
5635
5615
5653
5814
6033
6143
6856
7404
7872
8579
8808
8773
8496
8134
7460
6895
6365
6061
6099
5791
5972
6057
5830
5716
5685
5257
5024
4651
4279
4077
3850
3680
3576
3377
3330
3300
3325
3252
3213
3223
3286
3267
3232
3168
3317
3175
3202
3238
3326
3201
3293
3389
3359
3446
3481
3518
3419
3461
3402
3396
3463
3299
3341
3277
3282
3247
3233
3294
3240
3225
3231
3280
3146
3219
3192
3099
3101
3103
3116
3039
2953
2917
2990
2919
2937
2989
2882
2898
2911
2992
2957
3037
3039
3227
3249
3183
3281
3288
3254
3265
3164
3087
3145
3116
3029
3045
2861
2885
2894
2810
2876
2816
2682
2743
2637
2699
2648
2726
2674
2755
2660
2732
2650
2718
2768
2851
2984
3144
3279
3453
3545
3860
3931
4267
4375
4561
4669
4724
4901
4995
4699
4757
4523
4489
4267
3967
3943
3593
3419
3290
3107
2854
2666
2601
2418
2237
2286
2122
2015
2101
1988
2005
1971
1977
2025
2071
1985
2049
1966
2053
1995
2050
2046
2101
2166
2157
2274
2293
2288
2305
2352
2326
2325
2302
2270
2255
2215
2110
2177
2039
2073
2068
1959
1870
1911
1824
1850
1736
1701
1721
1650
1610
1581
1644
1619
1642
1723
1690
1729
1752
1833
1849
1962
1981
1999
2144
2141
2210
2277
2273
2270
2291
2407
2425
2326
2387
2476
2319
2337
2299
2257
2264
2168
2083
2020
1937
1882
1767
1704
1611
1607
1526
1436
1362
1272
1239
1207
1141
1080
1015
1057
1049
983
988
1041
919
939
897
910
885
925
899
901
861
914
863
914
896
858
830
864
858
786
828
877
790
813
830
800
831
831
849
808
809
810
817
792
817
751
832
727
755
736
806
805
784
729
722
777
710
764
761
763
745
802
813
764
771
709
741
715
747
762
765
784
762
729
788
782
807
763
714
763
690
693
759
746
660
691
727
719
712
735
770
753
691
692
761
735
741
707
798
741
751
747
723
759
761
736
720
747
748
693
748
767
750
683
755
700
709
671
750
690
703
664
669
680
664
611
562
626
649
610
638
649
661
636
646
648
674
654
673
618
692
664
679
737
753
737
760
811
808
823
800
859
905
893
931
904
971
994
1018
1035
1055
1116
1150
1099
1125
1118
1167
1143
1228
1223
1151
1179
1186
1229
1214
1132
1234
1137
1240
1176
1232
1195
1205
1104
1208
1108
1074
1051
1003
984
986
1035
983
936
992
833
862
840
793
774
764
772
728
710
646
662
636
593
614
588
610
567
583
549
517
516
504
501
453
456
481
440
402
465
459
459
409
404
413
428
458
457
440
428
428
377
424
482
441
422
405
426
436
434
452
436
461
427
418
442
466
458
441
445
455
446
464
427
448
478
425
497
423
430
434
435
438
455
473
488
453
432
476
438
456
499
493
494
485
479
454
447
542
451
464
489
482
455
461
491
448
470
450
463
487
471
455
468
451
472
463
488
455
456
469
465
467
504
469
490
464
437
471
467
459
432
453
423
479
474
448
492
462
432
418
440
410
451
411
421
415
419
451
387
404
417
417
406
393
403
401
387
381
416
397
392
388
365
385
414
414
377
361
400
380
378
375
400
411
402
419
406
385
385
405
418
444
435
408
415
410
379
412
408
366
403
443
415
412
410
416
423
461
443
455
524
420
517
450
477
485
455
477
509
498
491
478
453
515
533
492
534
536
578
521
509
536
536
571
482
541
560
567
585
573
539
496
502
526
548
503
507
554
526
504
516
508
501
518
531
505
476
553
511
523
513
539
526
487
526
517
543
513
527
514
493
522
499
506
501
471
484
470
436
456
500
480
484
448
442
483
445
450
492
462
465
444
418
437
398
390
431
425
377
379
375
378
322
353
372
326
389
335
342
349
335
300
339
323
315
312
328
301
315
317
330
317
323
330
304
338
301
284
317
301
294
269
338
319
319
308
341
298
285
291
319
295
280
312
324
297
311
330
346
309
333
314
312
317
303
327
308
329
339
342
346
343
329
341
366
368
373
359
381
337
332
342
355
353
357
350
405
371
347
385
413
387
391
382
414
389
362
393
379
397
383
364
416
413
389
415
375
370
362
398
363
378
350
348
385
344
368
383
364
354
322
325
342
349
359
340
328
330
335
324
315
348
303
314
334
338
284
292
311
302
298
293
272
284
292
303
296
261
288
301
309
299
275
278
282
278
271
261
248
243
243
243
240
259
264
211
254
240
270
237
262
235
257
256
238
269
216
245
238
215
229
217
220
219
226
196
186
238
222
193
186
199
206
186
199
199
215
231
194
208
179
165
181
204
194
184
175
186
169
168
187
163
177
180
155
144
160
180
160
162
166
154
133
142
138
158
175
146
106
159
147
132
139
120
143
122
126
137
151
137
131
137
142
141
155
106
123
114
110
140
135
123
126
121
143
149
134
131
148
112
126
137
125
134
108
132
140
140
136
133
132
134
129
141
150
151
155
139
151
149
162
151
170
170
165
181
165
151
168
180
178
193
210
229
213
208
230
227
249
269
260
274
266
308
307
324
322
357
375
351
384
444
428
418
458
456
542
554
487
549
557
558
626
614
638
657
690
705
757
758
734
852
839
829
887
870
862
901
889
872
958
1001
956
994
916
967
979
997
971
997
960
917
965
943
962
967
869
951
880
843
864
870
842
766
768
760
728
775
703
699
667
655
679
652
625
539
538
574
535
469
486
474
434
382
415
418
377
329
351
322
306
284
267
263
226
235
231
226
253
220
204
195
184
172
145
151
155
162
157
144
139
127
131
127
104
132
112
103
94
113
111
105
95
104
99
102
93
100
80
94
101
77
82
73
93
88
81
83
72
85
96
76
71
68
74
74
87
77
77
88
75
88
86
67
80
74
93
74
72
56
71
74
85
82
75
85
87
79
66
72
65
68
72
68
75
60
82
76
59
80
75
74
68
59
71
80
55
70
55
60
50
63
63
58
63
66
58
63
46
59
51
73
43
46
72
69
52
69
46
55
57
81
54
55
43
61
78
60
62
54
73
74
57
74
65
57
76
64
66
64
74
73
76
75
62
67
78
91
84
77
93
87
92
77
97
79
89
80
84
91
88
109
92
100
88
105
99
89
99
100
83
95
79
111
94
98
114
100
92
110
100
102
92
95
98
90
88
105
79
85
103
91
108
109
72
96
71
101
89
80
81
89
72
91
77
81
73
84
75
72
90
68
62
59
62
61
54
77
73
70
46
57
67
58
49
62
52
61
50
62
43
43
51
68
57
57
56
52
63
49
52
52
38
50
55
45
45
47
38
50
45
44
42
50
34
46
49
41
49
46
37
36
46
45
29
37
47
47
35
34
26
30
34
44
36
35
31
40
45
45
44
44
45
40
45
33
40
40
42
30
33
36
53
24
32
33
37
32
34
25
31
29
33
31
33
28
27
33
38
30
33
27
33
32
35
30
35
34
36
26
26
32
30
35
18
42
37
32
28
23
31
25
27
34
33
30
30
21
34
32
36
35
22
26
29
25
26
33
31
43
31
25
27
39
31
30
34
27
34
33
22
23
32
28
27
28
30
30
40
38
36
17
37
26
32
29
26
31
30
23
25
21
25
22
28
24
22
33
36
35
38
32
35
22
32
32
37
29
39
25
36
28
33
32
38
45
26
31
31
28
46
38
40
39
34
37
38
38
38
32
40
45
43
43
52
52
52
58
40
42
50
51
41
44
45
42
47
54
34
43
53
46
57
40
62
53
40
47
50
51
50
42
45
39
56
38
31
37
44
50
49
40
57
62
47
38
47
48
36
47
51
44
43
47
32
53
41
44
44
51
40
41
50
44
42
48
43
39
57
41
40
37
25
45
48
45
41
48
36
37
48
44
52
27
54
39
48
42
42
43
40
46
28
39
34
36
44
42
42
35
43
25
40
47
42
40
34
37
47
35
30
33
30
41
30
48
35
42
36
39
34
30
42
27
30
39
34
35
40
36
27
33
40
27
31
29
32
32
27
29
32
25
27
36
28
26
36
36
34
27
34
24
30
39
40
31
36
30
26
26
25
16
32
25
31
32
37
32
33
27
37
29
28
30
19
30
29
28
19
28
35
22
25
19
26
25
31
24
22
25
23
21
18
24
25
22
18
24
26
19
22
17
25
15
23
14
24
25
27
24
19
17
23
15
18
22
20
21
22
21
28
29
20
20
25
13
22
22
16
13
18
25
26
18
21
22
20
20
19
26
27
18
18
19
19
19
24
23
22
15
21
15
15
16
19
9
22
26
18
19
9
23
12
18
16
15
23
22
27
17
18
21
29
19
16
13
21
24
20
22
15
22
19
15
16
16
23
23
17
15
17
26
17
18
20
15
17
16
15
23
16
16
13
14
18
17
11
22
15
14
20
21
22
20
18
34
17
21
18
19
24
24
23
27
30
26
37
26
22
27
32
33
34
39
42
43
35
32
37
34
40
41
51
47
55
48
40
37
41
49
55
57
49
48
52
58
62
46
60
56
52
53
51
70
64
50
61
56
59
56
61
54
57
65
77
76
61
52
65
58
45
61
68
55
69
68
60
62
54
49
69
72
58
52
63
59
48
61
44
49
40
59
59
40
38
50
51
38
44
30
34
45
39
53
27
34
36
32
31
39
55
35
29
23
24
26
26
26
31
18
25
29
28
30
14
28
26
23
28
20
26
17
21
17
12
20
9
14
25
20
15
21
13
16
14
22
16
16
13
9
12
18
11
18
17
14
14
16
13
13
11
13
7
$ROI:
43
143 193
144 194
424 531
429 529
440 544
440 545
440 549
443 544
443 553
490 516
604 1134
679 1395
690 1434
772 934
800 953
827 855
828 856
840 1946
849 1974
857 2002
872 900
880 1058
887 915
914 1083
1010 1038
1208 1258
1345 1375
1418 1448
2436 2526
3229 3279
3607 3645
6449 6521
6459 6531
6463 6535
6464 6536
6467 6539
6471 6543
6482 6526
6489 6513
6497 6521
12997 13047
12999 13049
13000 13050
