$SPEC_ID:
GAMWIN
$SPEC_REM:


$DETDESC:

$DATE_MEA:
11/26/2025 14:59:49
$MEAS_TIM:
57865.04 58705.67
$MCA_CAL:
3
1.32118272781372E+001 1.29107522964478E+000 0.00000000000000E+000
$DATA:
0 2047
0
0
0
0
0
0
0
0
0
0
0
0
0
0
0
0
0
0
0
0
0
3660
3697
4053
4608
5070
5352
5651
5462
5435
5293
5081
5035
4997
4757
4930
5054
5432
5613
5958
6476
6619
6886
7010
6935
6735
6726
6744
7014
7285
7615
8021
8540
8948
9418
9971
10501
10782
10784
11113
10953
11331
11983
12944
13793
15280
16394
16830
16874
16705
15426
14661
13381
12402
11827
11288
11485
11654
11377
11429
11147
10803
10052
9603
8741
8213
7701
7272
6949
6711
6522
6413
6375
6320
6252
6093
6068
6183
6140
6033
5840
6116
6062
6138
6208
6213
6168
6229
6230
6319
6545
6637
6460
6443
6370
6398
6328
6266
6367
6332
6388
6354
6291
6251
6333
6391
6331
5973
6014
6086
6018
6056
5835
5872
5902
5698
5663
5653
5690
5614
5541
5514
5501
5483
5664
5705
5694
5862
5868
6010
5869
6310
6270
6287
6401
6434
6368
6225
6078
5947
5871
5754
5622
5492
5372
5382
5376
5317
5332
5423
5088
5152
5137
5102
5181
5199
5081
5098
5068
5111
5228
5296
5377
5453
5967
6050
6471
6814
7224
7650
8021
8456
8494
8789
9092
9218
9022
9147
8955
8889
8394
8108
7820
7240
7023
6394
6288
5690
5438
4930
4832
4582
4374
4247
4277
4074
3968
3918
3910
3888
3644
3773
3860
3724
3811
3828
3908
3846
3949
4092
4155
4183
4156
4271
4286
4380
4297
4364
4357
4254
4331
4247
4359
4271
4172
4021
3923
3880
3836
3610
3539
3434
3410
3323
3284
3171
3046
3065
3053
3052
3050
3035
3094
3083
3242
3279
3299
3456
3576
3717
3900
4023
3990
4052
4286
4184
4369
4372
4527
4545
4576
4523
4585
4576
4487
4477
4259
4320
4319
4132
3969
3923
3636
3612
3517
3331
3105
3141
2875
2773
2643
2449
2386
2278
2181
2177
2007
1954
1960
1927
1855
1746
1786
1687
1743
1779
1675
1698
1745
1661
1598
1716
1721
1613
1692
1684
1743
1588
1626
1657
1569
1612
1610
1620
1616
1496
1570
1513
1482
1539
1514
1479
1498
1487
1464
1495
1448
1415
1413
1406
1405
1401
1380
1455
1405
1443
1411
1406
1490
1373
1386
1427
1418
1492
1489
1520
1429
1465
1439
1477
1427
1472
1375
1396
1410
1382
1429
1397
1367
1346
1400
1397
1412
1331
1306
1345
1334
1355
1404
1356
1389
1422
1341
1385
1390
1431
1444
1493
1455
1396
1369
1408
1430
1468
1451
1438
1461
1364
1415
1398
1402
1322
1412
1367
1380
1383
1315
1353
1298
1274
1267
1282
1232
1284
1294
1188
1189
1229
1191
1163
1185
1169
1191
1188
1210
1198
1178
1169
1274
1269
1349
1376
1288
1353
1459
1437
1473
1469
1470
1559
1536
1675
1576
1743
1831
1805
1772
1835
1936
1929
1907
2012
2080
2069
2099
2161
2284
2190
2288
2274
2344
2388
2347
2336
2279
2348
2326
2310
2302
2307
2272
2211
2236
2235
2259
2226
2102
2114
2046
1986
1899
1881
1871
1760
1795
1708
1561
1598
1526
1433
1397
1438
1378
1324
1292
1232
1206
1150
1112
1099
1045
1006
996
964
914
967
926
839
894
896
845
888
908
840
815
844
875
832
865
803
813
790
805
817
829
813
793
797
829
839
785
808
824
816
842
803
842
827
842
851
845
861
822
825
837
821
836
865
923
922
867
875
833
819
854
940
903
909
854
902
907
914
928
917
920
926
886
863
864
845
866
915
886
894
917
902
886
912
922
863
894
915
881
861
887
882
896
934
903
921
912
842
909
881
883
876
875
911
869
895
884
840
842
863
852
848
894
899
827
811
868
868
757
888
817
877
821
819
864
792
764
781
824
757
836
746
731
755
729
791
773
760
746
782
741
710
740
760
785
735
794
758
756
773
761
739
787
774
754
753
757
742
767
754
742
750
724
749
789
771
723
777
771
735
751
761
798
816
754
770
747
815
787
792
842
870
857
832
875
897
870
874
896
839
917
913
914
936
952
933
993
998
1050
1008
984
1036
987
1040
1089
1011
1041
991
1030
1048
1001
1103
1012
1052
1019
991
1024
1046
962
1036
992
1047
917
947
930
1036
911
970
973
970
928
973
971
992
973
937
983
974
955
919
935
984
966
873
962
937
911
922
946
894
915
898
921
845
887
864
854
822
846
811
819
807
839
765
780
785
782
768
721
733
689
695
739
714
685
704
666
659
644
653
638
658
621
604
623
616
591
634
606
571
561
631
634
599
586
503
593
553
589
533
593
550
567
570
588
542
555
540
579
530
560
590
538
564
543
603
581
570
599
573
536
572
581
574
594
599
631
615
553
574
580
668
627
560
560
624
625
632
657
638
687
650
715
671
729
689
718
740
625
714
713
665
713
726
741
730
730
687
720
749
701
740
732
719
717
692
713
734
744
677
654
671
642
675
686
727
690
671
702
674
666
618
639
660
635
654
612
600
575
617
589
610
598
614
531
552
574
565
586
540
538
546
571
540
556
521
549
557
506
468
507
495
502
504
480
510
522
544
463
490
505
539
473
451
483
462
444
455
426
444
453
460
437
425
429
435
431
420
436
430
454
413
424
411
454
416
402
398
426
411
392
359
374
399
370
356
398
383
340
366
417
383
322
343
353
353
361
340
319
344
352
331
312
320
279
300
313
307
273
311
306
273
282
284
262
265
280
254
298
298
265
304
276
279
274
260
248
264
262
291
247
274
278
260
243
253
229
258
238
251
271
239
232
212
264
247
241
249
240
232
245
232
241
258
250
244
258
259
243
230
263
239
267
258
260
283
252
272
273
302
307
311
293
282
284
307
309
352
313
355
339
377
340
359
352
364
403
397
427
419
477
481
490
505
537
522
549
555
595
647
652
694
738
778
822
819
828
880
908
981
994
1030
1088
1076
1073
1127
1198
1213
1239
1301
1269
1396
1398
1449
1492
1458
1475
1515
1652
1663
1669
1677
1684
1674
1681
1689
1729
1693
1756
1662
1710
1699
1758
1642
1679
1653
1619
1680
1577
1604
1512
1501
1524
1505
1412
1376
1407
1378
1332
1196
1251
1190
1129
1118
1035
1016
1008
964
1005
915
899
869
868
788
726
751
667
622
628
577
567
525
527
544
503
502
407
420
396
405
370
325
365
344
327
272
293
271
299
285
272
241
244
238
235
201
190
207
221
229
194
189
169
191
210
162
193
181
179
172
174
193
174
165
167
177
159
154
183
155
154
171
163
174
169
151
179
158
170
167
148
167
150
148
169
150
159
153
157
158
172
151
156
118
140
147
145
150
149
147
138
140
122
132
135
135
149
131
136
130
150
129
123
134
105
126
120
137
108
114
116
110
118
120
128
101
108
105
115
121
122
108
116
133
116
103
112
117
92
109
115
103
131
128
137
103
109
109
112
133
121
113
138
110
138
112
112
124
128
127
163
138
133
160
141
152
132
159
156
142
158
153
152
157
177
171
169
190
171
194
171
181
161
164
186
185
206
192
183
185
180
230
195
210
177
186
187
186
224
193
195
187
202
182
222
185
209
190
177
162
189
174
193
179
191
188
184
202
159
174
188
156
120
155
179
157
159
150
132
136
132
142
151
153
128
140
130
115
131
135
147
124
118
121
131
117
124
100
114
112
104
126
120
91
116
101
120
104
99
95
104
82
95
79
94
88
85
100
89
102
83
101
78
80
79
74
94
78
93
77
91
74
80
103
76
80
79
80
78
81
79
81
64
98
71
87
78
69
82
77
68
67
76
66
73
42
75
84
69
60
74
53
70
78
61
84
78
72
58
77
71
65
55
65
59
61
64
57
67
77
61
77
59
64
71
60
57
68
47
47
48
54
55
68
69
54
59
63
53
54
54
71
49
67
54
43
50
62
55
64
55
66
48
46
60
57
45
50
55
66
60
67
49
54
48
63
56
69
71
52
63
45
48
57
57
69
45
66
62
51
52
41
53
61
62
56
51
52
57
61
57
60
53
53
56
61
56
54
67
64
56
67
62
38
61
75
74
50
69
58
71
79
64
65
46
72
65
70
59
80
72
85
75
88
80
79
61
72
69
83
73
86
74
65
91
89
70
88
97
79
94
88
102
79
81
94
69
99
94
71
103
95
91
97
94
90
103
75
79
94
102
85
105
96
74
92
105
87
94
98
92
81
83
96
89
91
85
75
84
81
81
76
96
86
96
93
95
99
93
81
87
93
90
84
101
87
75
87
98
94
98
103
90
87
102
96
79
87
83
87
104
85
71
76
89
87
81
84
66
80
93
76
82
74
80
65
76
75
69
70
85
78
76
85
77
63
66
77
64
75
68
74
73
63
61
67
74
70
66
60
64
59
80
75
72
67
68
70
83
60
86
63
70
66
63
60
66
49
66
63
67
61
69
64
63
58
57
60
65
53
71
52
49
60
56
60
51
77
74
65
62
51
56
68
55
52
48
63
62
60
50
50
52
54
55
53
59
54
50
58
57
43
52
49
43
39
53
48
43
47
49
40
43
29
41
46
40
44
41
46
56
44
38
49
49
47
20
44
45
40
34
57
38
48
55
41
38
38
26
39
40
45
50
40
31
48
47
44
41
40
61
39
34
52
30
34
39
51
41
39
43
32
50
38
39
46
45
40
41
40
40
50
28
39
37
32
35
41
31
40
24
31
34
30
45
37
36
39
43
41
38
43
35
38
35
43
40
40
40
27
41
28
30
44
28
45
30
32
36
31
43
34
32
25
30
33
36
28
30
28
48
32
30
45
33
31
29
28
37
41
34
27
26
34
42
36
38
48
46
60
43
44
54
46
45
60
56
58
60
64
66
48
49
57
59
66
63
67
79
71
83
81
81
62
102
79
83
95
90
115
83
102
109
90
130
121
79
113
93
109
111
96
118
120
126
93
128
122
116
125
126
103
134
128
138
135
106
111
120
131
109
118
130
137
120
122
121
114
114
133
102
110
101
105
103
94
92
85
85
105
104
96
91
96
81
91
88
91
84
87
91
76
83
77
60
74
64
82
74
79
74
66
61
69
57
79
48
56
64
48
64
50
55
64
46
53
42
49
43
50
40
40
37
30
35
39
28
41
47
34
48
36
27
37
19
30
35
41
27
33
37
32
21
36
29
38
27
33
28
29
21
22
21
20
$ROI:
43
143 193
144 194
424 531
429 529
440 544
440 545
440 549
443 544
443 553
490 516
604 1134
679 1395
690 1434
772 934
800 953
827 855
828 856
840 1946
849 1974
857 2002
872 900
880 1058
887 915
914 1083
1010 1038
1208 1258
1345 1375
1418 1448
2436 2526
3229 3279
3607 3645
6449 6521
6459 6531
6463 6535
6464 6536
6467 6539
6471 6543
6482 6526
6489 6513
6497 6521
12997 13047
12999 13049
13000 13050
