$SPEC_ID:
GAMWIN
$SPEC_REM:


$DETDESC:

$DATE_MEA:
11/21/2025 14:48:58
$MEAS_TIM:
229427.95 232536.70
$MCA_CAL:
3
1.32118272781372E+001 1.29107522964478E+000 0.00000000000000E+000
$DATA:
0 2047
0
0
0
0
0
0
0
0
0
0
0
0
0
0
0
0
0
0
0
0
0
11234
11487
12380
13540
15002
16046
16371
16186
15950
15338
15128
14460
14321
14238
14515
14941
15719
16086
16972
18082
18588
18961
19202
19024
19204
19169
19320
19787
20545
21289
22508
23779
24777
26230
27488
28190
28800
29070
29065
30094
30755
32166
34521
36643
39433
41808
43264
42921
41730
39114
36281
33437
31060
29741
28904
28726
28516
28461
27759
26901
25870
24461
23092
21342
20137
19126
18208
17452
16967
16651
16445
16335
16005
16070
15888
15677
15711
15613
15440
15499
15781
15667
15482
15640
15737
15832
15778
16478
16343
16347
16696
16537
16445
16250
16254
16323
16282
16214
15842
16112
15765
15745
15877
15865
15700
15519
15532
15347
15378
15191
15062
14886
14822
14740
14513
14500
14406
14211
14054
13842
13952
14086
13978
13938
13695
13991
14379
14538
14563
14887
15188
15246
15195
15103
15150
14946
14677
14694
14502
14351
14333
13779
13821
13825
13579
13742
13719
13555
13556
13243
13523
13165
13181
13148
13160
13222
13421
13234
13567
13448
13900
14210
14830
15548
16048
17203
17944
18922
19884
20661
21609
22367
23298
23308
23664
23277
22904
22508
21907
21204
20057
19369
18590
17559
16308
15338
14679
13642
12992
12149
11628
11183
11018
10661
10415
10169
10018
10013
10093
9937
9991
9794
9712
9922
10227
10087
10094
10443
10547
10705
10546
10743
10917
10829
10972
11043
10970
11017
10882
11058
10909
10641
10596
10339
10175
9916
9685
9523
9335
9146
8931
8662
8556
8366
8256
8182
8255
8130
8169
8126
8164
8330
8486
8584
8684
8807
9219
9366
9692
9934
10101
10334
10432
10821
10756
11132
11079
11155
11247
11256
11074
11437
11120
11088
10672
10537
10555
10312
10174
9729
9317
9302
8723
8388
8134
7873
7542
7020
6869
6703
6473
6114
5957
5762
5541
5527
5316
5311
5063
5061
4940
4880
4909
4916
4870
4917
4711
4723
4677
4663
4746
4751
4756
4615
4535
4604
4640
4508
4693
4445
4651
4365
4486
4469
4432
4365
4400
4314
4209
4272
4283
4246
4315
4226
4258
4249
4232
4186
4090
4163
4194
4227
4080
4212
4184
4139
4254
4059
4038
4098
4058
4065
4064
4038
3960
4058
4049
4268
4095
4010
4143
3989
4077
4049
4054
3939
3923
3936
4119
3996
3932
4004
4052
3997
4090
3932
3807
3971
4075
4062
3999
3847
3966
3879
4095
4034
4061
4180
4049
4129
4075
4019
4064
4101
4168
4179
3999
4078
4104
4042
3941
3932
3926
3868
4047
3903
3836
3678
3731
3767
3528
3726
3598
3495
3487
3613
3408
3369
3458
3452
3356
3453
3434
3451
3566
3528
3521
3585
3586
3681
3593
3904
3809
3900
3873
4048
4125
4256
4327
4369
4431
4743
4792
4817
4923
4952
4946
5263
5212
5416
5392
5509
5609
5538
5736
5760
5750
5961
5802
5843
5944
5875
5953
5786
5837
5936
5907
5719
5750
5806
5632
5630
5399
5417
5294
5226
5162
5147
4959
4818
4738
4429
4372
4309
4177
4204
3968
3842
3791
3687
3525
3447
3329
3440
3303
3216
3008
3028
2924
2854
2851
2802
2739
2684
2708
2537
2590
2574
2553
2543
2492
2445
2529
2491
2537
2441
2435
2438
2451
2529
2495
2467
2452
2389
2484
2419
2380
2460
2415
2438
2409
2461
2456
2438
2496
2463
2462
2395
2458
2481
2465
2504
2498
2556
2516
2543
2542
2447
2438
2541
2519
2584
2593
2546
2516
2492
2593
2573
2583
2540
2521
2573
2534
2586
2621
2537
2514
2593
2615
2526
2469
2545
2578
2538
2573
2616
2496
2551
2483
2505
2600
2548
2576
2592
2599
2437
2535
2586
2490
2477
2499
2559
2608
2588
2605
2514
2492
2517
2653
2468
2476
2493
2402
2433
2504
2533
2440
2403
2432
2483
2318
2344
2398
2425
2334
2385
2325
2288
2220
2289
2261
2239
2423
2231
2263
2276
2307
2281
2175
2276
2168
2248
2268
2235
2162
2128
2104
2209
2242
2199
2214
2156
2228
2164
2251
2158
2171
2172
2201
2120
2177
2188
2134
2193
2223
2266
2261
2235
2304
2314
2295
2240
2298
2266
2296
2225
2261
2231
2357
2348
2393
2406
2484
2454
2434
2529
2553
2488
2526
2588
2606
2615
2643
2617
2609
2726
2857
2691
2768
2775
2785
2819
2808
2868
2815
2903
2940
2944
2937
2856
2806
2873
2887
2990
2943
2945
3012
2922
2768
2872
2814
2833
2922
2922
2869
2835
2719
2680
2665
2765
2846
2726
2723
2774
2788
2700
2727
2752
2709
2691
2783
2757
2758
2694
2685
2709
2685
2600
2656
2610
2631
2582
2564
2582
2623
2463
2566
2548
2542
2515
2471
2429
2423
2413
2389
2359
2347
2230
2210
2267
2159
2089
2144
2029
2068
2056
2082
2084
2052
1955
1994
1943
1970
1931
1895
1923
1858
1818
1837
1841
1843
1858
1813
1763
1727
1804
1744
1734
1780
1765
1741
1739
1847
1773
1795
1712
1746
1760
1722
1723
1773
1720
1774
1836
1793
1809
1757
1770
1815
1811
1898
1842
1859
1822
1852
1803
1876
1891
1785
1861
1785
1868
1862
1953
1914
1947
1923
1873
1918
1978
1901
1992
2034
1906
1998
2009
1990
2056
2018
1986
2088
2089
2141
2114
2192
2097
2022
2106
2070
2107
2137
2049
2159
2085
2048
2062
2096
2045
2058
2130
2102
2065
2102
2020
2033
2113
2052
2063
2057
1951
2022
2010
2011
1923
1994
1952
1934
1950
1934
1906
1938
1914
1845
1821
1848
1777
1887
1887
1847
1766
1776
1740
1747
1699
1600
1682
1699
1749
1693
1632
1701
1650
1646
1607
1621
1589
1582
1440
1592
1537
1510
1458
1450
1530
1492
1385
1417
1465
1419
1429
1429
1379
1318
1404
1363
1417
1284
1344
1284
1244
1318
1215
1224
1269
1193
1216
1236
1189
1192
1199
1126
1137
1223
1146
1111
1070
1101
1086
1115
1077
1032
1033
1070
1076
1037
979
1017
959
1027
996
900
990
926
924
912
926
914
921
921
857
849
906
842
877
808
807
820
852
817
846
788
766
791
754
780
790
822
729
775
748
751
709
708
723
697
703
770
694
716
709
668
723
685
697
683
729
663
689
710
733
703
689
682
663
680
707
737
671
653
733
726
740
674
743
720
700
710
729
765
785
790
775
854
807
862
870
877
866
924
964
972
947
1002
1023
1087
1040
1179
1184
1244
1319
1347
1353
1445
1519
1575
1674
1741
1790
1909
1978
2082
2088
2193
2350
2491
2507
2704
2736
2912
2969
3129
3132
3457
3411
3586
3726
3867
3980
4209
4256
4570
4446
4696
4676
4936
5031
4993
5158
5480
5365
5545
5538
5568
5610
5708
5712
5773
5811
5795
5726
5801
5756
5725
5737
5857
5791
5552
5630
5609
5587
5401
5244
5164
5055
5024
4856
4861
4671
4448
4419
4415
4212
4083
3962
3853
3613
3499
3394
3271
3216
3001
2969
2791
2608
2490
2499
2337
2345
2163
2088
1949
1924
1796
1734
1647
1581
1546
1416
1340
1343
1276
1185
1116
1053
1011
1055
955
924
882
857
822
763
754
731
647
678
651
619
569
563
613
585
577
543
526
515
499
509
497
495
511
465
459
454
473
487
454
464
456
462
439
456
394
400
404
438
421
427
414
447
410
427
402
419
448
409
369
379
394
368
367
380
389
390
379
396
409
358
381
358
377
359
384
377
329
356
331
318
373
307
349
317
369
339
322
301
314
306
331
301
308
299
342
334
316
313
354
310
314
298
283
297
284
312
278
319
301
322
290
292
302
338
313
296
298
250
321
294
347
298
287
306
335
311
311
316
335
316
333
335
311
356
337
366
397
341
371
363
358
390
365
409
371
394
393
408
382
424
412
418
423
464
475
404
423
423
426
444
489
472
473
433
404
469
488
450
460
489
441
455
488
478
455
483
461
431
427
471
433
455
439
406
435
439
460
451
428
419
402
415
415
388
463
406
400
350
394
366
402
348
345
343
325
338
323
327
335
327
350
341
299
308
264
305
277
281
297
283
276
270
292
277
283
245
272
261
255
243
247
242
252
245
247
247
235
259
252
245
242
251
244
218
217
222
247
225
222
246
227
230
253
209
211
233
222
237
207
211
240
201
235
190
238
204
184
219
193
199
209
194
209
206
216
213
203
200
191
193
211
209
181
197
213
192
176
203
164
180
178
154
179
208
192
168
195
182
185
159
174
186
182
160
177
180
180
179
157
169
166
172
159
168
178
154
162
170
150
174
153
179
151
159
160
146
163
145
162
170
169
171
174
169
154
172
170
156
152
147
148
152
171
157
134
176
147
164
142
176
165
169
167
158
153
146
162
153
180
186
179
129
161
150
157
143
177
172
171
151
166
159
173
184
175
172
149
177
139
191
148
168
159
186
167
161
162
199
154
178
186
193
193
194
199
210
194
192
183
185
182
182
219
221
201
208
203
201
194
207
211
221
208
197
230
243
213
234
204
256
222
203
248
227
204
230
214
254
255
255
211
275
220
261
258
235
242
261
254
234
246
266
255
247
238
263
255
255
225
243
234
217
251
253
246
242
251
222
235
236
202
229
252
244
212
228
256
237
241
230
253
237
245
230
240
237
226
229
249
223
239
245
219
224
282
222
231
230
204
220
218
230
208
191
249
233
241
185
221
222
210
238
213
224
209
211
232
215
219
192
213
205
208
195
220
172
200
200
216
174
214
184
192
211
202
212
188
180
187
225
179
198
200
197
202
172
202
160
174
179
170
173
168
181
178
187
179
184
202
151
169
169
174
150
197
157
166
180
163
158
168
162
166
160
166
192
174
182
153
164
143
163
146
165
163
128
156
158
156
137
148
163
149
148
140
150
156
134
139
148
131
143
140
140
151
148
143
137
145
140
145
133
131
161
120
154
146
142
119
120
145
140
124
145
133
123
139
139
124
123
121
122
137
130
120
102
129
128
126
122
131
126
111
122
117
107
126
122
105
116
125
122
114
106
119
117
107
111
96
110
97
109
101
112
101
106
111
122
115
97
114
111
102
97
110
103
93
109
99
111
89
106
98
111
106
115
113
107
104
111
109
108
133
86
103
96
93
89
97
76
99
89
109
101
115
91
91
104
104
112
86
99
114
99
104
86
110
95
99
97
98
108
87
101
105
116
101
86
102
115
101
106
123
119
109
109
107
118
115
126
143
125
111
157
123
148
159
142
136
142
142
166
172
189
162
161
195
183
175
210
224
205
199
220
226
210
194
211
249
232
233
241
252
255
287
301
263
262
257
313
268
316
311
293
318
308
301
305
305
311
315
330
313
307
337
317
329
307
328
314
313
302
324
305
318
329
298
283
300
316
276
300
304
292
319
312
307
280
268
280
274
258
266
264
252
238
248
267
227
242
240
226
238
234
205
199
220
207
192
195
186
178
176
188
180
194
178
154
166
152
145
168
157
143
145
148
128
151
118
131
131
133
119
126
144
126
121
134
113
112
113
117
100
119
109
95
113
90
98
97
88
82
99
86
110
60
73
67
90
75
76
89
76
72
94
88
91
92
99
$ROI:
43
143 193
144 194
424 531
429 529
440 544
440 545
440 549
443 544
443 553
490 516
604 1134
679 1395
690 1434
772 934
800 953
827 855
828 856
840 1946
849 1974
857 2002
872 900
880 1058
887 915
914 1083
1010 1038
1208 1258
1345 1375
1418 1448
2436 2526
3229 3279
3607 3645
6449 6521
6459 6531
6463 6535
6464 6536
6467 6539
6471 6543
6482 6526
6489 6513
6497 6521
12997 13047
12999 13049
13000 13050
