$SPEC_ID:
GAMWIN
$SPEC_REM:


$DETDESC:

$DATE_MEA:
11/19/2025 14:45:32
$MEAS_TIM:
56335.72 57120.05
$MCA_CAL:
3
1.32118272781372E+001 1.29107522964478E+000 0.00000000000000E+000
$DATA:
0 2047
0
0
0
0
0
0
0
0
0
0
0
0
0
0
0
0
0
0
0
0
0
2928
3059
3203
3496
3889
4092
4267
4211
4111
3958
3860
3635
3795
3735
3709
3818
4160
4083
4455
4684
4988
5165
4933
5049
5079
4906
5070
5029
5354
5559
5918
5991
6702
6850
7250
7379
7519
7720
7719
7841
8066
8412
9073
10051
10457
11357
11442
11593
11057
10478
9586
8708
7986
7678
7560
7495
7277
7465
7193
6987
6797
6209
5933
5660
5054
5001
4483
4410
4335
4192
4175
4093
4162
3977
3941
3926
3938
3880
3848
3742
3799
3946
3923
4048
4024
4008
4089
4143
4112
4108
4088
4092
4128
4118
4063
4160
4100
4141
4113
4007
3999
4187
3989
3928
4107
3968
3988
3991
3900
3804
3867
3868
3834
3776
3674
3690
3630
3624
3675
3657
3647
3509
3549
3521
3708
3618
3711
3648
3733
3876
3886
3957
3963
3911
3887
3882
3863
3778
3775
3641
3706
3594
3620
3613
3419
3567
3518
3356
3473
3464
3309
3443
3435
3467
3469
3382
3403
3480
3518
3458
3588
3791
3927
4100
4420
4480
4855
5200
5493
5719
5992
5937
6114
6295
6322
6173
6128
5898
5807
5489
5319
5012
4676
4408
4130
3985
3731
3445
3265
3124
3007
2990
2851
2713
2590
2640
2561
2602
2526
2541
2584
2586
2517
2605
2542
2611
2680
2677
2647
2737
2786
2835
2825
2766
2857
2872
2841
2876
2822
2797
2767
2777
2745
2698
2625
2582
2504
2521
2482
2297
2354
2211
2237
2185
2166
2237
2151
2084
2151
2070
2058
2128
2263
2268
2359
2304
2527
2458
2562
2659
2664
2708
2803
2818
2889
2965
2934
3003
2954
3031
2947
3090
2920
2879
2911
2837
2808
2679
2633
2655
2452
2419
2346
2160
2041
2037
1944
1841
1787
1687
1630
1580
1495
1471
1445
1370
1340
1344
1335
1249
1226
1220
1258
1265
1212
1213
1211
1214
1204
1216
1194
1162
1224
1116
1220
1189
1167
1151
1205
1143
1129
1173
1109
1113
1069
1114
1121
1076
1082
1002
1076
1121
1049
1077
1050
998
1009
1005
1124
1022
1044
1038
1065
1014
1046
1061
1043
1031
1025
1002
1012
1051
1047
1016
1069
1060
1028
1059
1000
1077
991
1027
1075
956
1047
1050
987
1018
1050
1050
1005
990
988
971
938
969
1032
1027
1020
1067
1063
988
1007
1034
1025
1058
1072
1060
985
1097
1025
1104
1063
1074
1031
1074
1065
1068
1102
1092
1086
1041
958
1025
984
1002
987
954
965
952
960
871
882
902
866
847
815
853
865
877
880
847
847
875
873
883
948
923
916
968
945
1011
984
1021
1077
1063
1141
1182
1219
1199
1217
1227
1241
1343
1289
1338
1334
1385
1446
1470
1481
1518
1486
1465
1504
1493
1501
1576
1577
1545
1510
1587
1529
1585
1574
1561
1655
1485
1558
1518
1502
1477
1492
1382
1404
1428
1346
1282
1293
1236
1196
1145
1169
1130
1110
1059
996
1020
978
928
938
881
874
886
809
769
800
750
753
740
737
712
659
653
672
657
624
657
701
585
647
602
642
615
624
605
602
620
614
611
590
603
609
600
608
646
610
645
652
596
578
629
619
638
637
594
644
633
627
596
656
618
648
613
616
625
668
626
645
648
662
641
674
678
696
617
665
647
654
657
646
645
659
635
665
683
717
633
667
681
673
647
639
663
635
661
676
651
625
644
639
666
619
622
717
686
664
631
632
637
673
630
677
606
642
646
663
615
634
713
623
628
633
611
631
633
644
646
562
606
610
610
628
590
592
551
579
613
595
576
594
613
600
562
567
561
556
591
566
553
598
511
515
567
561
569
519
569
551
550
551
537
556
536
548
557
536
532
534
546
560
553
561
572
603
517
539
551
555
548
561
555
566
594
611
565
627
587
578
636
645
637
671
612
641
617
637
655
671
644
649
686
701
725
723
732
717
729
757
711
756
699
726
752
754
723
721
720
723
747
787
760
738
747
768
780
791
764
730
762
713
807
780
698
720
697
738
730
771
743
681
729
681
649
664
708
706
747
708
678
684
709
724
751
698
703
659
727
660
650
707
643
660
690
623
648
644
623
624
638
590
610
624
541
605
524
566
551
566
535
533
540
488
502
528
475
497
494
553
484
469
464
465
474
463
489
457
444
463
437
451
442
430
420
459
456
422
435
442
472
474
436
441
456
432
418
444
482
432
412
463
438
473
456
428
421
408
451
419
438
455
424
443
458
469
440
449
464
485
460
504
506
483
469
496
489
466
477
519
494
480
531
490
491
523
504
502
520
502
542
542
555
509
543
572
514
561
509
512
552
526
527
530
584
494
529
558
547
534
538
511
499
517
484
514
495
490
496
470
478
508
456
478
458
515
498
493
473
461
483
464
503
458
451
407
441
421
450
432
457
396
441
428
401
402
413
452
422
437
420
400
397
418
373
409
398
395
371
380
358
377
360
358
354
378
354
334
333
393
340
359
380
356
339
338
323
333
307
293
310
310
326
328
310
284
276
267
294
301
269
283
289
284
320
276
292
243
262
266
290
241
275
262
234
259
256
263
267
240
239
229
250
241
235
221
217
215
216
229
236
222
225
202
200
193
206
209
207
181
195
201
176
184
219
186
211
181
181
193
185
184
198
152
172
170
191
160
186
185
188
200
182
178
178
180
164
212
190
159
172
183
150
164
186
171
174
184
185
177
173
196
196
180
179
189
188
192
193
184
223
216
195
175
241
224
240
231
231
242
259
267
261
292
293
298
301
329
309
357
333
350
403
421
428
427
447
441
506
486
525
566
576
600
631
656
664
752
721
737
827
843
853
851
934
895
954
981
1019
1039
1131
1097
1125
1112
1202
1334
1250
1214
1256
1295
1265
1300
1337
1367
1283
1362
1347
1383
1370
1412
1374
1407
1385
1362
1307
1350
1341
1309
1290
1236
1239
1272
1202
1205
1138
1144
1111
1082
1077
921
950
939
883
897
856
826
814
767
796
708
700
646
634
577
610
562
535
499
517
466
495
454
399
398
404
364
359
300
305
313
292
285
292
265
256
218
222
230
198
206
203
202
172
188
173
174
151
136
149
165
145
149
156
149
147
123
118
141
111
124
139
130
134
118
121
131
124
130
118
110
139
113
122
105
112
104
113
114
136
122
116
111
112
100
110
107
123
92
110
92
98
90
113
104
109
114
103
91
100
117
97
89
95
96
93
100
88
94
82
83
99
94
90
82
100
75
94
93
79
77
83
83
87
83
79
94
68
88
86
97
77
78
67
93
89
76
78
90
88
77
60
83
84
82
73
83
71
73
81
88
89
75
79
82
67
94
76
80
86
93
99
116
112
97
88
102
95
122
121
106
117
97
105
104
126
99
126
126
114
123
125
119
115
115
124
137
136
111
129
110
125
149
139
107
129
147
113
116
131
120
108
122
112
136
119
141
122
130
119
122
107
116
127
120
117
113
119
102
113
119
107
112
116
108
108
119
101
100
83
116
93
97
74
97
74
90
72
75
95
82
101
77
83
77
91
71
77
67
92
93
83
81
62
80
63
70
61
62
77
65
65
54
66
52
72
70
73
60
96
59
61
55
66
72
57
64
41
63
73
77
58
53
58
59
59
55
56
61
54
50
54
58
68
44
62
57
58
59
72
58
55
54
43
53
52
50
48
45
54
58
51
44
48
42
50
47
41
48
44
50
45
49
47
37
49
52
49
58
50
45
50
41
50
37
57
50
56
36
44
42
34
51
45
26
38
48
42
43
41
55
35
44
39
62
52
37
50
56
34
39
41
39
42
41
49
46
47
48
39
42
31
41
30
45
29
39
41
37
50
46
34
30
42
41
48
43
48
36
41
37
47
35
38
37
49
49
49
35
46
43
38
51
36
50
34
45
40
44
44
45
33
50
42
47
54
32
38
44
62
47
45
54
52
55
45
62
50
54
62
54
47
49
41
37
62
58
61
63
67
47
56
63
58
65
59
59
67
53
55
44
70
67
50
54
69
68
63
83
65
73
75
60
68
61
59
71
59
77
69
63
68
62
50
66
74
72
59
54
67
51
67
53
44
51
55
60
60
62
61
73
47
59
74
61
62
64
62
67
62
63
62
55
60
57
66
58
53
71
59
55
54
73
56
72
58
61
73
61
51
60
59
84
57
56
67
59
56
53
54
61
67
57
57
57
62
44
66
53
55
64
47
62
61
56
47
58
56
51
57
53
57
45
52
56
40
64
48
31
48
59
49
39
53
56
51
48
44
42
45
47
40
51
54
34
52
55
50
54
37
36
57
49
46
54
41
36
44
40
43
42
33
36
47
46
41
47
37
59
41
35
41
42
39
37
43
36
40
28
38
50
43
46
39
25
43
43
36
42
36
48
30
31
30
36
48
40
46
31
32
37
50
46
28
39
24
38
46
28
33
32
30
41
32
35
34
30
21
35
34
33
23
42
32
35
24
33
25
29
25
35
30
27
33
30
22
25
31
34
31
28
22
21
35
25
33
25
26
33
22
30
36
29
32
34
35
29
36
38
22
27
26
38
29
22
24
33
26
28
24
35
23
22
34
29
30
32
27
36
25
23
32
23
30
19
25
25
22
26
27
20
30
21
29
31
23
24
32
23
21
16
34
32
26
31
24
26
25
28
29
25
24
34
33
22
15
29
32
25
24
34
27
35
31
35
30
33
38
37
35
38
37
37
47
44
48
39
43
44
46
38
60
53
62
47
44
59
66
59
52
75
52
55
59
82
67
52
66
63
83
89
62
65
71
78
75
73
85
79
93
85
86
106
74
71
97
86
67
80
77
73
92
85
86
90
85
76
72
88
80
87
84
85
87
62
81
75
73
93
72
73
97
81
58
68
72
60
62
73
56
63
83
75
72
58
68
70
61
58
53
61
52
59
60
43
59
52
52
46
53
51
34
48
55
53
43
41
38
42
34
41
29
41
35
38
25
38
35
33
30
35
35
24
29
27
29
27
34
25
30
32
26
22
27
21
24
29
24
20
22
20
21
30
20
15
17
17
26
21
19
20
15
22
16
15
25
19
18
16
$ROI:
43
143 193
144 194
424 531
429 529
440 544
440 545
440 549
443 544
443 553
490 516
604 1134
679 1395
690 1434
772 934
800 953
827 855
828 856
840 1946
849 1974
857 2002
872 900
880 1058
887 915
914 1083
1010 1038
1208 1258
1345 1375
1418 1448
2436 2526
3229 3279
3607 3645
6449 6521
6459 6531
6463 6535
6464 6536
6467 6539
6471 6543
6482 6526
6489 6513
6497 6521
12997 13047
12999 13049
13000 13050
