$SPEC_ID:
GAMWIN
$SPEC_REM:


$DETDESC:

$DATE_MEA:
11/18/2025 13:28:51
$MEAS_TIM:
62341.51 63221.28
$MCA_CAL:
3
1.32118272781372E+001 1.29107522964478E+000 0.00000000000000E+000
$DATA:
0 2047
0
0
0
0
0
0
0
0
0
0
0
0
0
0
0
0
0
0
0
0
0
3555
3698
3870
4383
4812
5218
5182
5251
4946
4923
4821
4728
4658
4725
4666
4798
4934
5130
5524
5874
6137
6235
6325
6314
6382
6236
6432
6494
6846
7152
7773
7942
8357
8808
9282
9587
9726
9888
10092
10307
10495
11099
11945
12848
13801
14872
15335
15303
14902
13723
12751
11540
10768
10226
10358
10035
9849
9854
9790
9460
8894
8560
7967
7463
6991
6610
6144
5977
5794
5688
5573
5562
5487
5470
5417
5364
5410
5297
5237
5241
5380
5367
5341
5384
5488
5487
5696
5620
5708
5830
5683
5718
5786
5654
5588
5688
5750
5598
5631
5540
5716
5510
5475
5529
5491
5427
5403
5365
5410
5256
5379
5055
5113
5093
4894
4951
4942
4979
4974
4889
4814
4905
4884
4838
4891
4901
5026
4973
5333
5226
5286
5298
5335
5286
5346
5300
5308
5267
5098
5046
4848
4887
4781
4803
4856
4717
4689
4660
4733
4701
4638
4648
4764
4749
4598
4580
4669
4580
4637
4678
4862
5089
5213
5442
5725
6242
6553
6936
7316
7605
7736
8118
8360
8385
8374
8442
8236
7940
7661
7389
7190
6852
6589
5981
5636
5408
5035
4790
4356
4289
4159
3958
3749
3626
3436
3459
3375
3386
3378
3432
3410
3382
3436
3414
3508
3530
3590
3596
3588
3541
3576
3699
3733
3814
3944
3755
3797
3852
3745
3765
3796
3686
3723
3668
3649
3489
3376
3248
3183
3127
3086
3033
2946
2854
2740
2755
2790
2812
2794
2856
2762
2861
2903
2823
3164
3127
3295
3329
3491
3527
3666
3646
3771
3862
3935
4093
3981
4037
4134
4033
4073
3893
3968
3887
3885
3877
3755
3626
3481
3427
3245
3300
3113
2914
2795
2696
2548
2530
2323
2274
2186
1981
1966
1932
1777
1735
1742
1740
1721
1674
1713
1634
1568
1655
1570
1595
1625
1631
1503
1599
1536
1545
1486
1525
1538
1520
1485
1443
1515
1542
1363
1496
1391
1411
1403
1429
1405
1366
1383
1374
1330
1361
1322
1342
1397
1252
1372
1352
1335
1317
1325
1326
1365
1298
1261
1347
1340
1298
1331
1328
1335
1366
1280
1258
1356
1313
1312
1330
1341
1309
1347
1296
1328
1290
1297
1290
1332
1384
1217
1272
1286
1265
1350
1314
1284
1327
1253
1310
1333
1215
1335
1290
1334
1240
1298
1237
1283
1363
1341
1332
1346
1296
1291
1336
1307
1332
1334
1290
1351
1367
1316
1229
1250
1256
1264
1275
1259
1242
1256
1212
1157
1150
1186
1123
1139
1084
1086
1121
1114
1118
1090
1116
1096
1181
1216
1110
1176
1131
1217
1202
1283
1281
1336
1273
1377
1418
1414
1504
1495
1569
1481
1663
1640
1668
1751
1860
1826
1874
1931
1921
1951
1925
2004
1992
2076
2035
2127
2086
2061
2094
2077
2089
2092
2098
2133
2048
2021
2029
2032
2040
1990
1974
1936
1890
1861
1832
1767
1800
1684
1664
1595
1549
1497
1477
1408
1391
1301
1329
1230
1232
1182
1136
1117
1027
1011
995
949
987
896
928
886
891
905
871
814
848
823
810
798
779
741
802
758
824
775
774
757
767
763
821
740
762
717
732
748
791
784
729
744
827
733
761
730
804
776
708
752
767
758
800
789
754
795
755
867
794
836
810
822
829
767
805
817
834
835
845
852
770
789
883
845
851
855
855
880
872
814
797
863
832
801
825
798
805
828
832
844
821
810
872
802
832
806
836
771
803
821
814
833
880
775
827
831
840
862
789
796
778
828
799
844
799
767
790
782
833
785
792
759
801
714
759
761
759
781
786
686
684
729
790
728
696
713
736
696
701
742
713
699
706
726
723
655
662
679
699
654
715
695
691
714
663
675
704
691
687
661
653
735
648
716
726
712
687
750
692
705
695
708
706
710
680
720
736
691
693
728
740
728
757
711
765
721
832
811
816
819
860
809
819
886
848
924
851
859
945
910
955
983
942
888
953
922
936
911
948
1004
935
938
948
1047
1002
958
952
969
954
1011
989
931
950
939
963
904
963
939
940
938
892
937
885
906
928
879
876
873
906
894
916
868
902
874
873
849
837
847
897
898
839
889
909
843
832
879
834
791
788
793
842
799
804
742
793
774
785
757
718
740
682
684
653
686
658
633
660
640
624
638
598
585
624
610
597
593
612
573
568
512
579
528
501
497
522
519
515
517
555
496
552
529
499
492
537
515
514
544
581
514
497
518
536
542
558
484
562
516
505
536
499
567
539
551
549
555
550
570
585
571
576
580
599
604
560
569
580
560
558
563
554
593
604
615
596
627
608
596
628
602
632
634
645
670
666
627
668
585
642
652
648
644
648
657
676
671
654
644
621
605
646
642
654
600
607
619
609
632
678
646
634
593
614
611
590
592
602
585
618
574
570
599
542
567
536
573
535
512
515
497
542
551
467
522
545
528
506
515
523
482
535
483
494
506
470
512
449
453
424
423
462
441
435
461
415
430
439
411
387
336
421
435
428
422
419
414
443
414
412
387
386
418
376
413
373
381
373
370
383
353
364
350
348
346
319
333
364
325
328
348
294
318
295
350
314
315
348
294
300
317
332
330
299
289
298
326
292
296
266
292
273
287
280
267
266
248
279
260
269
238
283
264
243
267
265
242
253
266
256
234
216
229
236
270
248
216
222
231
226
241
217
228
230
234
230
221
213
214
226
198
197
239
205
185
230
205
201
233
194
218
237
249
204
234
250
253
249
257
239
247
253
256
246
250
252
297
285
246
297
286
292
304
309
329
337
335
365
341
344
389
418
391
418
410
405
488
457
509
542
551
566
591
579
585
626
686
703
780
818
809
835
885
868
910
965
1016
1069
1086
1142
1120
1152
1212
1289
1218
1309
1318
1341
1384
1445
1457
1474
1497
1593
1549
1534
1498
1585
1621
1662
1590
1623
1578
1637
1637
1520
1587
1542
1556
1598
1492
1507
1466
1415
1421
1334
1418
1332
1370
1285
1231
1216
1152
1164
1033
1043
1081
1006
972
902
927
905
780
754
770
752
685
695
641
599
583
579
547
540
535
524
473
465
414
390
383
364
338
345
357
360
294
291
275
290
287
260
237
213
246
202
219
224
224
189
203
192
182
196
184
182
162
193
160
177
178
152
188
167
161
166
160
160
152
147
166
160
166
172
152
174
149
146
170
165
162
149
139
156
127
143
156
139
144
161
152
123
144
136
135
121
127
143
136
137
119
131
137
129
120
129
111
139
125
132
136
115
126
131
133
115
114
128
113
90
112
115
112
129
122
117
92
106
106
105
134
112
103
93
111
106
112
106
97
96
102
95
114
111
105
89
110
115
106
89
112
94
100
113
103
126
122
99
112
105
132
117
126
130
146
132
111
113
140
130
155
130
157
172
150
166
157
171
169
156
184
150
193
152
165
167
168
166
161
145
166
185
175
176
180
177
183
178
169
179
159
180
172
158
179
178
178
188
195
173
156
158
162
168
170
147
174
167
167
155
172
166
136
138
158
134
137
145
127
129
126
121
124
125
112
133
127
124
111
114
115
119
107
122
94
116
101
109
102
89
93
118
75
98
101
104
83
109
89
70
95
85
77
95
97
77
97
95
78
85
82
84
66
75
96
68
80
87
62
79
97
72
78
87
62
84
64
74
76
61
72
66
66
69
78
66
74
68
58
82
76
70
75
72
59
54
78
80
72
64
55
59
57
72
74
74
81
42
64
47
63
50
48
63
75
57
71
70
48
70
52
74
63
58
66
65
52
72
57
59
52
65
52
61
59
49
79
66
55
59
59
64
46
53
68
55
49
59
53
52
60
61
42
51
57
64
47
67
58
54
68
63
63
47
51
60
61
59
50
66
47
60
50
44
54
56
46
59
67
57
67
48
52
52
44
51
55
63
57
53
62
57
50
54
59
48
58
54
59
62
61
49
53
74
69
71
68
57
60
63
60
72
75
72
75
74
56
68
68
63
58
64
78
74
77
60
84
86
81
72
73
80
77
74
73
89
82
78
82
76
75
84
77
59
88
92
75
74
91
80
88
81
77
82
75
79
80
83
104
66
80
88
96
95
90
81
86
83
80
85
89
101
77
91
95
83
82
92
97
93
92
83
87
100
70
100
91
85
94
77
88
79
90
86
86
71
72
79
87
66
76
80
87
72
78
91
72
80
80
76
80
77
91
77
93
83
77
79
79
81
79
72
90
83
80
88
68
83
69
76
90
81
67
68
53
75
88
71
62
79
72
57
75
64
73
59
79
56
66
80
67
65
65
68
71
84
73
65
48
71
69
65
69
50
53
58
68
59
48
53
62
59
55
62
60
57
55
51
55
61
57
73
59
57
66
58
62
59
53
61
51
46
69
54
48
58
46
51
47
57
55
49
48
54
48
53
64
51
67
43
48
47
45
51
51
44
66
52
51
59
57
43
33
45
39
47
37
45
51
44
42
30
39
41
33
46
51
48
43
42
44
46
50
41
37
40
54
41
35
52
40
40
52
50
41
35
41
46
37
29
45
36
35
34
43
43
37
31
38
42
38
37
42
47
34
51
34
36
54
31
40
31
31
31
33
28
29
32
36
27
38
32
41
28
38
45
30
24
45
30
45
28
34
31
33
30
26
43
35
30
46
36
39
44
30
34
31
47
33
37
14
27
36
23
38
36
44
37
23
35
35
34
25
34
34
42
35
41
33
40
47
29
34
43
54
39
51
47
42
52
57
47
41
57
46
52
54
52
68
47
76
60
61
56
69
77
66
74
68
67
71
70
80
89
86
69
83
103
77
101
101
101
90
115
94
88
97
88
89
106
114
126
96
107
131
108
113
100
125
126
97
119
105
126
111
114
93
123
112
112
112
115
117
111
123
106
100
107
114
118
111
107
104
114
95
91
124
95
103
106
95
92
111
77
123
93
108
91
88
80
69
80
77
91
89
73
85
66
66
59
76
58
63
55
56
63
58
60
48
59
49
43
62
58
45
50
52
39
53
46
42
38
30
38
37
34
35
40
36
34
27
26
24
28
33
34
35
33
34
38
42
24
28
26
30
23
26
29
28
19
26
24
35
25
31
20
29
33
27
23
15
$ROI:
43
143 193
144 194
424 531
429 529
440 544
440 545
440 549
443 544
443 553
490 516
604 1134
679 1395
690 1434
772 934
800 953
827 855
828 856
840 1946
849 1974
857 2002
872 900
880 1058
887 915
914 1083
1010 1038
1208 1258
1345 1375
1418 1448
2436 2526
3229 3279
3607 3645
6449 6521
6459 6531
6463 6535
6464 6536
6467 6539
6471 6543
6482 6526
6489 6513
6497 6521
12997 13047
12999 13049
13000 13050
