$SPEC_ID:
GAMWIN
$SPEC_REM:


$DETDESC:

$DATE_MEA:
11/25/2025 14:42:06
$MEAS_TIM:
58979.72 59781.20
$MCA_CAL:
3
1.32118272781372E+001 1.29107522964478E+000 0.00000000000000E+000
$DATA:
0 2047
0
0
0
0
0
0
0
0
0
0
0
0
0
0
0
0
0
0
0
0
0
2761
2805
2989
3383
3631
3899
3957
4008
3840
3808
3702
3620
3540
3513
3590
3558
3770
3887
4083
4401
4515
4567
4551
4663
4619
4510
4593
4814
4877
5110
5310
5637
6020
6213
6417
6493
6652
6912
6847
6924
7011
7203
7655
8253
8796
9323
9585
9313
9340
8732
8077
7357
6830
6549
6399
6231
6350
6196
6186
5800
5762
5442
5150
4899
4594
4392
4108
3924
3905
3794
3722
3635
3786
3696
3637
3611
3582
3494
3570
3557
3449
3612
3596
3544
3607
3546
3638
3791
3723
3787
3778
3723
3785
3747
3593
3568
3596
3619
3599
3463
3598
3638
3548
3512
3490
3520
3508
3396
3505
3468
3380
3376
3225
3302
3254
3293
3245
3164
3141
3204
3201
3175
3176
3197
3112
3263
3147
3199
3240
3211
3264
3359
3225
3326
3223
3283
3212
3208
3245
3171
3193
3089
2985
3010
3044
3054
3032
3070
3067
3008
2981
3064
3016
3026
3070
3025
3014
3092
3047
3112
3135
3142
3268
3482
3720
3888
3976
4203
4333
4653
4720
4880
4952
5081
5166
5132
4917
5006
4732
4599
4485
4289
4226
3908
3718
3388
3288
3121
2946
2889
2628
2620
2572
2510
2377
2434
2306
2284
2281
2320
2252
2261
2280
2304
2408
2308
2355
2359
2378
2343
2411
2357
2367
2391
2429
2456
2435
2406
2456
2372
2370
2330
2347
2313
2283
2245
2141
2219
2123
2085
2052
1986
1994
1938
1863
1887
1793
1833
1880
1800
1875
1844
1885
1973
1922
2026
1988
2040
2168
2123
2206
2225
2334
2301
2378
2358
2451
2467
2552
2507
2464
2419
2311
2314
2345
2331
2337
2196
2216
2185
2085
1961
1921
1924
1880
1712
1672
1705
1536
1564
1437
1385
1377
1381
1299
1327
1253
1255
1201
1237
1194
1163
1217
1164
1145
1143
1191
1146
1238
1154
1166
1118
1092
1096
1127
1109
1112
1103
1115
1088
1118
1079
1033
1046
1088
1055
1047
1082
1037
1055
1052
1090
1044
1048
1104
1015
963
1032
1001
1043
980
1058
982
983
980
961
981
1001
1027
1018
967
1008
960
1015
987
1016
1032
986
988
929
941
968
999
1014
975
965
928
986
958
977
898
930
956
892
943
932
905
947
967
977
964
933
903
946
927
950
1013
962
971
998
962
941
956
980
1042
980
941
1003
947
948
965
925
927
966
935
922
910
938
908
915
848
858
863
882
862
825
762
849
806
719
822
835
801
797
836
824
852
830
808
825
853
881
887
879
913
980
972
966
1032
1000
1062
1092
1030
1059
1088
1109
1165
1169
1242
1254
1128
1176
1240
1275
1225
1168
1306
1285
1256
1268
1241
1260
1297
1272
1263
1306
1255
1255
1179
1260
1188
1265
1200
1133
1207
1151
1073
1127
1154
1021
1064
1032
1059
969
994
960
925
864
838
844
809
818
776
786
746
764
725
695
636
708
723
606
659
627
660
620
667
584
600
641
617
573
630
601
607
596
596
586
657
628
590
595
625
598
570
602
571
611
633
585
624
661
552
598
624
617
604
596
583
603
557
608
577
576
606
612
572
611
595
628
606
559
641
624
601
620
633
620
617
617
643
652
636
603
651
651
578
623
634
592
558
629
645
603
625
619
636
626
628
629
608
588
635
629
611
632
619
651
593
608
636
689
649
617
649
597
592
650
608
647
656
613
575
609
603
577
629
590
596
605
588
570
593
565
540
577
552
526
572
546
537
583
578
577
542
522
518
563
590
589
547
529
554
548
572
508
555
548
563
543
550
568
571
531
550
536
529
516
550
567
522
557
553
567
568
547
585
570
548
481
511
568
577
578
605
564
536
591
562
529
622
578
560
625
593
609
630
609
606
600
641
679
631
627
653
636
621
682
640
664
681
693
675
717
689
697
692
699
727
730
696
721
690
693
663
691
653
714
659
692
717
604
650
690
652
633
710
684
702
701
696
672
649
668
633
605
719
712
631
644
673
669
685
699
655
633
675
635
703
694
683
633
628
629
645
625
603
619
633
567
631
596
604
600
540
623
587
560
624
563
548
543
550
523
547
555
541
522
498
526
529
550
476
483
543
494
523
499
484
457
468
470
494
497
491
498
455
487
469
444
462
452
441
482
454
462
452
516
432
455
477
453
497
487
453
467
486
518
480
501
441
443
503
503
454
468
467
504
510
475
477
517
494
476
494
490
521
494
479
481
502
547
522
545
538
529
509
489
522
507
543
490
573
540
557
538
550
548
546
494
581
552
542
508
563
571
546
609
539
547
532
513
558
537
576
535
527
540
535
534
478
509
515
517
522
467
466
474
513
509
481
529
482
458
525
531
461
478
476
479
450
437
475
464
457
460
452
448
447
430
458
444
436
424
412
411
410
426
416
434
440
405
385
354
395
383
374
381
373
387
372
343
331
352
370
376
371
352
366
328
336
302
325
343
312
317
316
317
306
320
304
307
293
309
267
300
292
264
288
270
253
252
272
268
270
241
258
286
262
244
277
241
207
238
226
217
258
212
226
225
228
220
191
210
223
230
191
203
196
218
198
191
214
191
181
178
179
192
197
177
197
163
196
177
164
185
170
190
156
207
158
162
167
182
157
192
179
169
152
187
176
176
170
162
159
158
178
169
150
172
187
185
171
152
195
177
185
178
170
185
195
176
196
180
205
188
211
223
221
226
207
226
257
241
226
319
276
255
287
315
349
338
344
387
411
417
467
450
510
495
510
553
568
585
704
673
732
735
803
799
867
942
925
955
1001
1058
1114
1150
1173
1234
1277
1319
1297
1325
1357
1451
1441
1396
1559
1486
1532
1611
1599
1557
1615
1727
1627
1621
1669
1633
1648
1611
1680
1672
1645
1700
1754
1717
1594
1624
1571
1557
1475
1490
1490
1388
1400
1366
1302
1251
1214
1214
1162
1101
1149
1098
1071
1027
964
933
900
870
862
736
773
683
713
714
629
610
577
552
532
476
475
446
395
387
379
356
374
312
291
314
318
278
274
253
232
213
241
188
211
178
184
173
169
175
166
155
153
140
146
143
150
124
106
114
109
122
94
115
122
94
116
109
109
107
104
80
87
87
101
75
96
93
94
96
80
97
98
90
90
99
94
105
94
85
105
73
74
104
82
84
68
78
73
78
80
73
84
78
83
89
68
100
85
66
62
86
61
86
66
78
67
87
65
75
61
72
63
68
62
69
72
75
68
68
72
62
64
68
68
61
66
72
66
70
70
64
60
62
57
71
64
47
70
63
42
62
87
61
55
68
60
83
59
58
71
71
83
62
59
75
77
81
85
71
83
72
79
85
73
84
87
91
94
78
67
98
79
87
77
94
101
74
94
77
99
64
98
82
93
81
98
109
116
105
80
81
83
98
107
99
79
87
81
91
77
102
82
96
93
81
106
104
73
85
91
95
83
81
82
56
94
80
73
92
62
83
70
79
73
84
70
75
74
75
64
69
64
48
69
59
61
62
72
76
48
62
57
61
52
62
65
70
64
69
64
47
58
48
70
45
49
47
65
48
53
56
41
47
58
49
54
43
52
50
54
54
44
46
48
46
57
60
53
52
41
37
35
39
51
40
32
46
51
44
37
62
50
48
39
56
39
45
43
50
36
40
33
38
36
42
43
50
41
48
38
40
39
30
43
46
53
34
47
41
49
30
39
48
41
42
40
41
40
39
48
35
42
45
33
41
47
35
35
43
44
34
38
36
31
26
32
41
41
39
44
31
27
29
32
41
33
32
40
32
42
30
33
31
34
39
38
32
20
36
26
29
43
42
27
39
36
31
29
34
40
34
35
29
49
29
44
32
50
33
29
39
55
46
28
42
39
36
38
31
28
41
43
32
44
40
44
41
59
36
35
41
42
41
42
43
48
38
41
40
52
37
59
37
46
51
43
48
48
47
49
55
45
38
53
46
53
55
32
39
49
59
38
48
54
53
46
48
46
46
62
33
50
50
50
51
52
64
58
56
51
65
54
53
60
54
62
50
48
54
54
58
45
56
54
56
42
63
47
47
48
54
55
58
51
39
49
56
52
40
51
43
44
55
42
46
49
36
45
73
48
56
50
48
48
43
41
57
47
46
58
54
47
53
42
60
37
49
51
64
50
39
51
48
50
44
46
56
40
37
47
26
54
42
45
44
42
42
43
40
50
42
48
42
51
48
44
35
44
50
43
47
30
27
39
38
37
41
37
33
40
38
36
56
36
37
36
28
35
47
36
37
41
27
40
27
42
46
35
30
38
49
33
24
40
33
42
25
25
39
49
38
32
38
43
44
27
38
44
21
25
30
33
27
33
30
25
32
27
39
31
25
37
25
36
36
36
37
27
25
36
35
22
30
24
23
26
33
32
23
36
22
17
27
35
26
29
28
30
35
35
33
28
31
21
32
24
28
24
23
29
36
23
30
29
19
25
18
29
28
25
30
24
23
19
24
31
26
38
25
33
20
24
23
20
24
25
27
34
37
15
18
28
26
20
16
26
24
24
21
16
21
23
26
18
23
14
20
22
28
16
27
23
30
33
25
22
26
24
25
21
25
19
28
21
23
23
16
19
26
21
31
25
24
29
25
19
27
23
25
20
15
26
24
15
30
25
25
16
24
25
26
26
30
29
19
19
28
31
27
17
28
34
32
30
29
27
36
32
36
28
47
39
46
34
29
46
39
52
41
33
44
47
56
54
40
54
47
36
50
47
54
52
54
48
58
34
64
62
60
79
68
55
70
78
61
64
67
73
53
69
70
68
66
59
76
87
72
72
71
83
59
66
76
64
76
70
66
70
70
65
62
67
59
62
59
66
66
65
49
66
53
82
49
66
48
58
61
45
58
53
53
53
42
67
40
37
43
42
40
49
36
37
29
33
36
36
33
46
28
29
33
42
45
24
33
38
34
25
20
32
24
31
31
24
29
25
25
22
31
21
25
16
23
33
31
31
34
19
23
31
16
22
8
23
15
17
17
15
18
19
11
19
14
22
18
14
16
18
$ROI:
43
143 193
144 194
424 531
429 529
440 544
440 545
440 549
443 544
443 553
490 516
604 1134
679 1395
690 1434
772 934
800 953
827 855
828 856
840 1946
849 1974
857 2002
872 900
880 1058
887 915
914 1083
1010 1038
1208 1258
1345 1375
1418 1448
2436 2526
3229 3279
3607 3645
6449 6521
6459 6531
6463 6535
6464 6536
6467 6539
6471 6543
6482 6526
6489 6513
6497 6521
12997 13047
12999 13049
13000 13050
