$SPEC_ID:
GAMWIN
$SPEC_REM:


$DETDESC:

$DATE_MEA:
11/24/2025 15:11:45
$MEAS_TIM:
56243.88 57050.60
$MCA_CAL:
3
1.32118272781372E+001 1.29107522964478E+000 0.00000000000000E+000
$DATA:
0 2047
0
0
0
0
0
0
0
0
0
0
0
0
0
0
0
0
0
0
0
0
0
3141
3301
3618
4007
4308
4683
4775
4730
4699
4577
4342
4430
4162
4262
4248
4319
4480
4686
5181
5357
5746
5696
5815
5777
5700
5690
5582
5926
6178
6401
6697
7191
7501
8041
8508
8606
8857
8919
9300
9383
9572
10148
10899
11891
12974
13715
14338
14452
14060
12977
12013
10840
10105
9528
9269
9168
9051
9151
8885
8675
8420
7962
7429
6728
6084
5891
5507
5372
5069
5081
5098
4963
4807
4912
4732
4706
4675
4661
4660
4597
4621
4669
4696
4695
4726
4800
4842
4944
5101
5075
4947
5170
5034
5204
4999
4836
4963
4872
4906
4859
4950
4947
4922
4909
4925
4750
4836
4751
4807
4729
4602
4598
4455
4450
4459
4420
4369
4382
4269
4229
4254
4291
4148
4313
4408
4274
4331
4540
4550
4529
4670
4720
4870
4774
4805
4694
4781
4615
4701
4430
4440
4418
4352
4381
4323
4252
4205
4254
4132
4240
4103
4186
4125
4271
4016
4093
4020
4122
4124
4205
4327
4374
4598
4771
5132
5400
5816
6028
6590
6745
7030
7353
7678
7710
7818
7786
7706
7536
7410
7239
6950
6442
6000
5599
5415
5041
4776
4409
4136
4005
3657
3515
3353
3112
3206
3114
3170
3112
3075
3026
3021
3037
3104
3109
3037
3091
3187
3240
3239
3266
3184
3269
3336
3344
3506
3515
3537
3428
3496
3520
3428
3305
3352
3362
3223
3108
3154
2996
2860
2885
2888
2718
2641
2726
2569
2469
2518
2426
2447
2441
2562
2510
2661
2664
2800
2762
2983
2937
3005
3189
3312
3309
3340
3385
3475
3441
3668
3701
3745
3673
3824
3737
3731
3649
3588
3449
3375
3394
3271
3178
3033
2996
2918
2671
2649
2529
2412
2295
2145
2099
1985
1927
1797
1685
1710
1636
1602
1556
1521
1430
1442
1436
1367
1348
1377
1388
1382
1424
1351
1406
1343
1395
1343
1331
1395
1375
1333
1291
1276
1218
1303
1306
1182
1315
1293
1270
1279
1264
1287
1241
1195
1200
1263
1214
1154
1200
1187
1153
1134
1169
1202
1244
1146
1155
1116
1225
1163
1227
1160
1142
1200
1201
1224
1160
1179
1217
1152
1212
1163
1174
1244
1183
1115
1179
1172
1113
1120
1179
1182
1167
1165
1211
1180
1116
1114
1125
1198
1092
1148
1112
1165
1210
1118
1163
1127
1115
1192
1158
1202
1219
1192
1223
1123
1227
1282
1214
1236
1204
1178
1202
1161
1162
1196
1197
1195
1167
1140
1095
1103
1092
1078
1043
1038
1051
1054
1022
1050
1027
991
972
983
997
1032
990
1011
1018
1100
1006
1095
1069
1153
1042
1124
1172
1189
1301
1293
1266
1398
1395
1437
1502
1483
1493
1634
1562
1621
1659
1784
1659
1687
1794
1783
1897
1874
1823
1925
1914
1903
1895
1891
1939
1904
1991
1922
1985
1940
1904
1928
1826
1815
1803
1884
1803
1716
1743
1636
1682
1613
1577
1501
1528
1379
1402
1381
1302
1276
1202
1239
1170
1144
1025
1088
998
985
951
937
885
855
851
792
837
873
726
758
760
732
792
713
674
713
698
666
707
675
675
723
675
656
730
711
651
653
699
715
712
659
658
656
652
686
706
666
697
666
624
701
642
665
683
729
718
727
694
727
701
726
719
705
694
783
709
747
704
761
724
720
747
745
765
766
708
721
751
790
792
746
794
812
762
731
765
746
749
778
749
731
718
751
762
719
780
743
763
760
757
745
693
765
713
713
760
753
731
735
793
698
748
716
732
704
749
726
679
700
742
727
714
668
707
715
666
697
693
647
633
658
675
590
649
693
657
661
650
678
639
657
616
617
627
641
585
602
625
645
611
571
590
614
594
557
591
594
618
663
601
608
577
607
610
610
615
618
596
640
618
580
619
644
642
609
635
649
656
667
599
642
695
648
655
689
692
656
723
709
776
694
739
769
722
750
768
757
796
805
812
764
836
826
832
901
892
802
932
829
851
883
849
882
877
869
858
881
874
867
850
854
873
862
829
834
901
928
823
813
839
847
837
806
755
817
797
799
862
820
831
819
755
823
823
809
794
833
732
820
786
794
790
804
805
800
795
740
786
737
748
734
686
726
704
717
712
726
646
666
702
593
677
645
642
656
590
619
602
603
574
535
530
538
516
535
562
499
485
525
532
486
487
455
492
497
520
493
484
445
469
484
436
463
486
413
450
438
468
450
404
461
421
434
457
443
449
413
487
475
475
481
426
476
461
442
497
481
435
457
508
464
460
472
461
486
499
481
509
502
534
519
506
454
475
560
507
524
580
578
535
564
541
558
542
526
529
584
567
567
528
571
527
628
587
553
544
540
597
587
581
562
620
582
600
595
566
546
512
527
525
578
518
522
572
551
504
510
523
540
480
527
511
533
500
484
543
476
491
468
441
489
445
468
463
465
452
462
385
393
395
457
408
441
425
397
418
404
383
386
399
378
387
406
358
370
396
401
382
353
383
366
388
414
377
370
347
368
328
366
329
365
352
338
325
357
356
366
328
325
316
337
303
340
321
347
310
302
290
299
292
306
303
307
302
287
298
290
304
271
273
291
262
258
222
261
294
286
288
275
241
261
236
250
248
251
271
265
253
241
248
205
236
206
237
216
204
230
199
226
206
205
222
187
204
183
197
231
207
205
196
181
197
178
213
172
169
214
204
206
206
189
193
196
216
192
208
195
189
203
196
210
178
210
205
201
193
220
201
218
216
209
206
224
215
227
238
227
236
221
217
242
238
254
257
248
260
272
258
293
299
307
297
285
322
351
330
358
356
374
376
416
391
461
433
496
537
534
564
529
538
619
625
621
694
643
752
743
767
833
897
872
911
919
994
1007
1057
1014
1077
1110
1115
1156
1165
1195
1191
1170
1269
1221
1235
1261
1262
1272
1309
1286
1274
1299
1311
1304
1294
1242
1275
1300
1290
1272
1283
1187
1212
1190
1202
1102
1142
1095
1093
1066
1032
979
984
917
950
920
902
849
856
805
712
752
735
654
742
614
632
565
570
551
515
492
478
459
437
422
399
406
374
353
360
313
286
320
276
279
277
276
241
226
239
212
200
224
222
200
207
212
193
184
196
185
168
153
161
168
170
164
188
171
149
169
155
112
161
152
140
141
135
136
162
142
131
148
143
134
149
133
155
132
145
118
157
125
128
129
117
141
143
141
145
125
148
146
126
121
132
117
122
122
136
117
138
121
131
138
107
135
98
115
118
100
123
132
103
113
115
113
111
114
122
110
109
100
107
131
114
95
107
93
99
102
89
102
118
97
93
122
101
109
116
123
95
104
114
120
99
113
103
105
106
88
108
102
93
106
126
98
108
111
102
119
117
96
132
134
113
116
127
112
135
128
139
154
128
141
123
155
130
150
144
152
147
169
138
141
141
146
138
153
143
137
164
162
145
161
197
166
155
153
187
152
170
197
165
138
144
145
167
171
165
167
149
145
157
154
155
128
172
159
130
134
138
143
130
127
135
119
114
101
118
135
146
119
119
108
104
102
130
123
108
89
115
113
103
100
104
111
82
114
84
91
76
100
83
80
76
83
92
89
87
94
68
82
78
67
90
82
83
86
76
70
75
87
78
81
79
81
78
58
55
74
67
75
64
69
74
88
78
70
66
75
76
72
66
52
58
63
69
74
80
75
52
72
69
65
76
65
61
58
65
62
68
64
60
61
47
64
52
62
49
68
46
53
50
56
53
42
62
50
60
62
58
50
53
56
54
64
63
62
51
63
52
47
57
61
48
52
50
56
42
51
53
65
52
58
57
50
49
49
46
55
46
51
51
51
57
49
44
49
39
59
49
51
50
54
44
59
43
44
41
51
41
43
49
45
49
45
49
49
49
48
50
62
59
43
60
54
42
54
42
46
52
51
48
49
46
45
51
57
57
61
51
43
54
46
56
51
55
60
65
63
69
53
57
66
66
52
58
63
55
78
65
70
59
56
65
75
74
80
70
82
78
74
62
68
65
73
76
85
82
97
86
71
70
72
84
72
79
69
70
63
76
79
76
76
85
57
95
94
80
90
83
76
74
92
84
88
75
85
101
83
90
84
65
91
83
103
84
79
87
80
68
76
76
82
62
77
82
81
75
88
88
81
82
74
94
68
78
81
59
86
76
73
65
68
89
93
72
77
94
61
92
79
80
60
77
56
79
88
72
68
74
78
62
72
66
62
72
54
77
77
61
67
76
70
65
62
61
75
69
59
67
55
58
52
73
69
63
55
74
60
66
57
58
40
67
70
73
68
60
51
61
53
63
66
64
54
51
56
56
68
55
53
62
68
59
40
43
60
59
46
67
46
61
41
64
61
58
53
50
55
45
50
72
50
60
48
56
54
46
53
55
53
43
38
46
51
35
51
50
43
50
53
53
52
41
51
45
60
40
35
47
31
61
33
44
38
40
32
37
42
38
42
34
49
36
48
41
36
37
40
39
42
39
44
37
34
41
31
31
25
44
29
38
51
36
35
41
30
42
34
45
30
39
36
34
31
29
38
41
35
40
46
37
28
35
36
39
33
41
35
30
34
25
36
25
42
29
38
37
30
31
39
28
30
35
33
30
31
28
33
22
39
34
26
21
29
23
35
28
26
30
32
38
26
29
28
33
31
31
33
31
33
30
35
31
23
37
34
23
26
29
41
32
29
32
29
40
32
37
30
39
35
35
32
37
36
39
43
43
40
45
38
45
39
39
55
51
37
53
59
56
70
55
71
63
58
67
64
72
65
70
69
58
81
82
82
86
101
86
96
84
103
86
94
102
94
107
94
93
81
119
98
104
98
96
107
104
96
112
110
107
124
97
102
110
114
115
116
116
108
113
96
125
95
107
92
122
104
86
94
110
111
99
96
84
92
100
103
88
78
90
79
100
89
75
79
95
75
69
77
71
73
64
85
70
67
63
50
66
68
62
57
52
65
62
50
59
59
51
62
60
44
52
56
54
51
51
49
43
38
39
36
50
39
43
27
50
35
39
40
28
35
41
39
35
28
27
27
38
33
18
26
19
32
34
27
22
27
29
28
29
26
32
34
23
20
$ROI:
43
143 193
144 194
424 531
429 529
440 544
440 545
440 549
443 544
443 553
490 516
604 1134
679 1395
690 1434
772 934
800 953
827 855
828 856
840 1946
849 1974
857 2002
872 900
880 1058
887 915
914 1083
1010 1038
1208 1258
1345 1375
1418 1448
2436 2526
3229 3279
3607 3645
6449 6521
6459 6531
6463 6535
6464 6536
6467 6539
6471 6543
6482 6526
6489 6513
6497 6521
12997 13047
12999 13049
13000 13050
