$SPEC_ID:
GAMWIN
$SPEC_REM:


$DETDESC:

$DATE_MEA:
11/10/2025 06:58:47
$MEAS_TIM:
26001.18 26438.27
$MCA_CAL:
3
1.32118272781372E+001 1.29107522964478E+000 0.00000000000000E+000
$DATA:
0 2047
0
0
0
0
0
0
0
0
0
0
0
0
0
0
0
0
0
0
0
0
0
2981
3091
3394
3850
4368
4790
4872
5042
4804
4601
4645
4397
4477
4240
4410
4682
4747
5064
5490
5783
6272
6233
6466
6383
6353
6187
6419
6449
6799
7195
7506
8118
8387
8933
9331
9642
9744
9982
10219
10438
10920
11545
12937
13823
15221
16213
16755
16841
16405
15358
14027
13039
12098
11702
11561
11403
11326
11350
11138
10862
10322
10024
9474
8750
8210
7863
7428
7288
7069
7081
6954
6892
6623
6751
6697
6718
6694
6721
6497
6764
6426
6610
6728
6645
6679
6829
6875
6829
7045
7046
7180
7028
7098
6923
7025
6861
6647
6995
6893
6865
6777
6703
6778
6771
6740
6690
6710
6629
6652
6603
6418
6481
6270
6213
6218
6164
5932
6032
6023
5938
5928
5856
5929
5854
5827
6059
5946
6100
6208
6183
6248
6318
6080
6362
6407
6281
6171
6199
6033
5908
5936
5875
5722
5689
5654
5804
5695
5612
5634
5616
5507
5638
5474
5376
5642
5485
5477
5425
5504
5694
5809
5879
6128
6376
6801
7233
7600
8038
8570
8871
9167
9687
9947
9769
9893
10038
9564
9501
9223
8953
8473
8041
7661
7211
6569
6297
5968
5599
5263
4879
4710
4518
4485
4227
4077
4132
4101
3961
3905
4045
3970
4059
3880
3992
4064
4115
4192
4245
4267
4310
4345
4348
4449
4440
4464
4449
4421
4512
4511
4506
4332
4420
4248
4134
4182
4050
4013
3919
3865
3724
3528
3395
3470
3361
3355
3170
3135
3142
3247
3245
3225
3401
3372
3474
3565
3651
3645
3832
3879
4042
4134
4174
4406
4454
4558
4653
4545
4725
4769
4680
4687
4671
4670
4555
4479
4368
4306
4224
4171
3940
3841
3664
3553
3479
3254
3037
2926
2840
2746
2549
2361
2305
2175
2222
2038
2120
2006
1845
1916
1842
1852
1877
1826
1826
1795
1785
1706
1803
1701
1763
1684
1656
1688
1728
1711
1658
1711
1656
1725
1634
1613
1593
1607
1593
1612
1603
1615
1495
1509
1546
1547
1513
1469
1519
1509
1480
1474
1468
1549
1488
1407
1468
1427
1439
1461
1538
1540
1453
1438
1437
1420
1524
1494
1497
1527
1560
1465
1499
1484
1467
1471
1375
1480
1419
1476
1411
1450
1438
1399
1323
1441
1422
1502
1397
1373
1384
1430
1383
1385
1385
1381
1399
1362
1437
1415
1333
1382
1449
1371
1434
1441
1439
1402
1442
1439
1475
1375
1416
1423
1414
1440
1401
1383
1306
1400
1343
1340
1333
1284
1305
1254
1281
1236
1218
1248
1187
1229
1200
1218
1205
1226
1193
1227
1211
1235
1253
1353
1255
1306
1408
1417
1412
1497
1497
1477
1510
1591
1626
1670
1724
1732
1813
1901
1874
1951
2028
1979
2055
2127
2176
2223
2136
2171
2270
2336
2302
2329
2385
2357
2419
2407
2468
2343
2369
2408
2345
2380
2454
2352
2329
2235
2208
2242
2234
2140
2066
2004
2031
1987
1836
1810
1738
1754
1700
1716
1547
1466
1425
1443
1362
1283
1301
1296
1201
1145
1150
1127
1047
1034
978
971
1008
940
906
952
882
881
931
875
871
844
830
860
811
863
795
855
815
856
812
872
843
769
814
828
797
842
838
815
765
836
913
849
820
843
804
789
854
843
897
852
925
839
855
890
804
917
859
874
850
900
910
859
866
910
901
908
923
903
933
908
945
935
913
925
885
918
888
862
917
941
891
875
950
948
874
884
915
948
899
900
930
918
842
888
913
935
912
898
892
875
898
941
894
882
871
858
888
858
914
879
822
845
865
875
922
896
884
847
856
799
868
827
806
837
865
821
852
761
794
816
773
765
757
765
741
787
814
725
739
773
751
735
762
751
702
754
778
721
774
727
763
791
775
800
773
733
753
758
737
714
770
782
776
790
769
780
756
779
717
784
814
822
801
765
803
844
809
779
794
879
861
868
862
872
926
962
914
958
909
988
939
967
1004
1027
961
1017
1057
1011
1039
1025
1065
1050
1036
1006
1123
1044
1078
1089
1107
1116
1063
1147
1071
1066
1116
1074
1036
1087
1086
1070
1077
1041
1070
1025
1071
1035
1031
1056
1014
1007
997
993
1067
1006
1005
1028
967
973
1018
927
923
991
971
944
1003
914
969
1002
956
961
928
948
922
911
946
874
940
941
906
871
784
805
855
804
823
815
787
794
772
766
759
733
645
719
665
665
676
678
638
663
602
618
635
604
622
628
622
625
613
576
598
559
541
534
569
589
529
539
560
587
585
573
542
544
554
553
548
588
546
571
569
605
589
605
590
572
574
612
585
575
602
630
581
602
600
609
584
623
620
638
606
654
653
597
651
669
632
633
678
689
664
712
700
652
689
678
656
683
720
655
699
718
748
724
753
742
709
724
664
767
703
740
702
745
745
741
754
708
698
729
727
709
728
707
753
713
655
699
664
683
649
632
688
688
689
706
656
645
622
629
599
612
556
586
598
577
578
576
566
637
566
573
565
583
548
568
537
576
538
563
542
528
504
530
491
512
535
485
467
483
491
485
494
457
449
449
465
465
453
456
481
475
462
440
439
472
448
439
463
415
439
449
411
431
411
425
380
447
409
374
401
436
366
401
385
359
380
380
366
370
371
380
338
376
321
351
341
350
343
364
337
362
312
322
316
313
289
303
292
289
292
302
325
299
274
272
339
252
265
284
272
272
274
253
296
232
283
258
268
269
263
252
240
218
258
215
231
269
247
250
238
246
249
265
265
231
229
260
246
236
225
259
256
237
210
226
269
271
259
249
250
253
261
258
286
281
250
277
288
272
267
245
298
308
310
313
294
307
328
320
357
393
328
380
418
391
420
452
418
483
465
551
548
517
591
612
627
609
653
751
758
790
774
815
854
907
882
925
967
1075
1066
1145
1233
1212
1277
1398
1347
1360
1431
1443
1498
1547
1606
1697
1641
1648
1639
1725
1761
1789
1798
1837
1877
1790
1851
1878
1875
1868
1890
1938
1818
1856
1816
1874
1812
1819
1813
1742
1649
1704
1679
1614
1655
1485
1468
1435
1437
1437
1296
1360
1322
1229
1232
1128
1071
1147
1014
955
1019
909
853
888
822
795
721
696
683
629
656
600
615
560
509
510
483
496
477
384
394
371
381
356
346
344
345
271
294
295
253
260
233
236
220
231
222
207
235
217
188
191
220
230
196
164
179
172
187
190
170
161
190
171
161
179
190
178
162
147
166
171
132
189
176
153
148
129
146
159
145
141
140
143
143
160
149
164
153
167
121
136
141
149
142
167
135
137
139
109
140
135
159
148
140
134
111
125
126
133
104
103
139
135
111
129
104
117
122
124
137
108
116
118
101
95
118
99
119
101
104
109
132
110
116
107
100
104
104
103
112
130
105
114
95
105
113
125
121
118
127
138
117
109
132
125
132
120
121
138
126
116
118
143
139
166
138
130
158
154
142
156
168
166
165
159
153
158
167
160
181
174
159
173
187
207
191
166
190
183
188
190
172
187
169
189
194
166
203
194
168
188
185
185
203
189
172
190
157
151
193
178
187
171
170
167
180
160
170
179
180
150
151
175
165
152
138
151
137
141
137
134
140
139
129
147
129
117
105
113
111
107
118
103
109
112
106
109
103
113
102
102
104
100
90
116
95
96
94
100
94
83
85
92
79
87
92
83
71
78
87
89
85
66
74
81
83
90
84
76
70
82
81
74
68
55
70
78
65
83
76
96
58
66
71
60
65
67
91
57
71
80
64
68
63
73
62
65
58
60
76
77
60
67
71
71
61
69
55
57
48
60
59
74
60
69
70
43
65
67
59
45
48
49
52
75
61
60
64
59
53
36
61
52
43
43
59
57
63
51
50
45
50
52
54
56
53
50
49
62
48
49
42
43
40
49
50
59
46
47
37
47
43
51
62
61
44
37
38
49
39
53
50
54
66
67
48
59
43
68
53
59
52
44
46
58
57
46
55
47
50
46
54
62
50
51
48
42
65
59
65
47
56
61
53
56
71
61
59
62
52
58
56
68
70
66
57
74
75
60
71
63
78
89
80
70
86
86
73
66
60
79
78
74
88
84
70
68
104
87
88
68
98
90
89
84
78
108
90
90
81
88
80
84
88
89
87
91
93
98
90
92
102
97
93
93
80
87
87
90
78
89
83
97
89
92
84
98
81
85
85
90
97
70
92
84
74
86
89
98
77
104
88
77
86
92
87
99
73
91
75
81
85
89
86
84
87
83
85
66
77
89
66
82
85
83
81
96
82
78
83
85
65
68
96
84
54
84
77
85
76
74
82
83
74
67
59
65
79
73
74
68
75
66
83
68
68
91
81
68
63
82
66
75
76
64
71
71
53
57
50
55
73
62
69
56
48
56
64
50
52
65
66
61
63
55
55
57
67
74
40
54
45
61
58
53
41
64
57
45
64
52
47
56
48
53
42
49
51
66
51
54
55
33
44
46
60
57
30
51
60
37
44
45
46
39
46
44
39
41
44
33
44
34
40
48
43
48
39
36
40
32
38
55
46
46
44
36
32
31
35
44
36
34
45
26
32
43
31
39
30
33
52
39
42
36
38
33
49
33
31
31
32
38
45
32
38
39
35
41
47
33
28
25
30
25
41
48
39
39
49
29
40
31
22
21
26
40
30
30
32
43
35
30
21
36
31
24
29
24
30
33
28
28
23
39
37
29
29
41
22
28
27
31
30
34
26
23
33
25
35
30
16
26
38
26
26
34
29
26
28
39
32
37
27
42
30
30
35
37
37
42
45
51
46
38
39
49
54
47
55
55
69
67
52
58
58
54
62
56
63
61
54
70
69
70
67
75
74
95
81
82
89
83
95
82
94
90
110
99
95
93
129
110
105
120
112
120
98
120
123
119
103
119
132
147
137
118
109
116
131
128
125
141
129
136
113
116
137
122
126
136
130
126
119
121
124
115
107
123
111
109
117
109
103
102
105
105
107
110
111
95
99
69
113
95
99
100
97
71
88
65
72
78
82
68
75
78
67
61
74
76
79
62
72
56
69
46
55
60
55
62
64
50
47
49
51
52
45
39
55
41
36
38
40
36
34
37
42
41
33
28
37
30
36
38
32
34
32
26
16
32
33
38
28
34
20
31
21
16
27
15
23
13
23
19
19
26
$ROI:
43
143 193
144 194
424 531
429 529
440 544
440 545
440 549
443 544
443 553
490 516
604 1134
679 1395
690 1434
772 934
800 953
827 855
828 856
840 1946
849 1974
857 2002
872 900
880 1058
887 915
914 1083
1010 1038
1208 1258
1345 1375
1418 1448
2436 2526
3229 3279
3607 3645
6449 6521
6459 6531
6463 6535
6464 6536
6467 6539
6471 6543
6482 6526
6489 6513
6497 6521
12997 13047
12999 13049
13000 13050
