$SPEC_ID:
GAMWIN
$SPEC_REM:


$DETDESC:

$DATE_MEA:
11/12/2025 07:19:30
$MEAS_TIM:
27893.19 28344.74
$MCA_CAL:
3
1.32118272781372E+001 1.29107522964478E+000 0.00000000000000E+000
$DATA:
0 2047
0
0
0
0
0
0
0
0
0
0
0
0
0
0
0
0
0
0
0
0
0
2823
3121
3513
3885
4485
4751
4863
4873
4658
4591
4603
4412
4339
4350
4497
4636
4748
5037
5285
5686
6019
6251
6210
6247
6084
6259
6266
6475
6782
6997
7392
7954
8360
8787
8932
9377
9568
9760
9856
10268
10862
11523
12534
13698
14926
15783
16633
16622
16189
15032
13697
12582
11743
11228
10981
10645
10905
11111
10649
10537
9800
9415
9031
8254
7812
7371
7140
6840
6690
6560
6592
6507
6404
6213
6231
6157
6265
6224
6220
6082
6010
6336
6412
6177
6470
6493
6499
6597
6672
6727
6829
6762
6814
6551
6546
6551
6353
6364
6505
6381
6381
6425
6166
6348
6151
6210
6073
6098
6191
6042
6048
5950
6026
5782
5913
5645
5747
5568
5660
5573
5640
5432
5435
5417
5442
5418
5512
5578
5570
5765
5891
5813
5860
5810
5818
5738
5577
5649
5549
5351
5535
5505
5406
5479
5376
5492
5320
5332
5470
5383
5469
5368
5315
5172
5263
5195
5310
5354
5411
5419
5481
5797
5927
6315
6839
7328
7680
8139
8535
9167
9254
9621
9965
9993
9939
9963
9913
9658
9207
9024
8373
8154
7458
6870
6551
6176
5777
5560
5088
4666
4518
4408
4274
4169
3952
3844
3847
3901
3861
3790
3747
3805
3932
3838
3817
3741
3817
3810
4070
3916
3968
3948
4074
4043
4041
4021
3976
4063
4009
4049
4033
3947
3806
3877
3711
3662
3564
3440
3505
3397
3248
3270
3131
3179
3035
3073
3061
3115
3017
3146
3107
3188
3202
3295
3363
3508
3479
3664
3734
3726
3977
3886
4058
4153
4103
4108
4132
4296
4166
4201
4261
4109
4085
4024
3861
3833
3861
3772
3534
3592
3271
3213
3080
3028
2916
2771
2642
2444
2367
2272
2272
2140
2025
2080
1898
1854
1825
1812
1862
1754
1818
1757
1757
1694
1715
1732
1741
1647
1691
1652
1702
1615
1662
1624
1654
1540
1609
1615
1542
1566
1524
1525
1512
1578
1639
1516
1561
1522
1510
1512
1501
1490
1493
1587
1491
1480
1478
1406
1429
1487
1433
1400
1495
1540
1468
1437
1526
1420
1395
1482
1518
1474
1493
1474
1443
1446
1465
1459
1500
1493
1401
1501
1404
1480
1447
1422
1435
1391
1409
1456
1447
1333
1387
1362
1404
1293
1426
1427
1448
1401
1360
1342
1471
1389
1457
1428
1387
1412
1398
1482
1406
1429
1426
1427
1465
1413
1456
1402
1412
1454
1409
1445
1369
1371
1355
1327
1376
1230
1307
1351
1253
1326
1285
1233
1215
1151
1329
1231
1275
1272
1213
1199
1227
1203
1235
1329
1330
1306
1297
1403
1406
1408
1539
1532
1518
1533
1610
1641
1707
1763
1725
1819
1896
1929
1982
2043
1928
1990
2001
2125
2144
2145
2177
2210
2133
2169
2242
2206
2298
2302
2301
2215
2232
2117
2169
2209
2196
2125
2139
2059
2042
1929
1955
1877
1862
1856
1804
1722
1659
1724
1618
1632
1526
1487
1415
1433
1351
1351
1322
1225
1160
1187
1134
1102
1116
1072
1003
1059
984
945
920
906
942
931
896
842
858
889
868
883
822
876
850
838
862
806
875
831
835
836
813
819
791
813
815
805
806
855
755
811
826
840
821
824
846
862
875
816
866
831
861
890
886
849
832
857
916
891
851
894
845
859
916
893
942
906
924
901
934
904
882
918
892
884
929
927
907
928
903
922
869
936
901
919
902
894
885
876
921
938
861
937
869
827
880
851
855
893
916
875
886
878
886
890
867
901
891
851
877
865
874
895
885
915
849
854
883
866
848
846
837
823
826
857
827
821
753
783
775
800
764
775
760
743
741
756
755
739
763
751
754
720
693
791
721
726
778
726
749
771
726
717
767
714
752
765
800
738
752
715
777
836
796
747
803
772
774
810
801
772
770
827
840
868
838
808
827
766
848
892
845
848
923
915
868
910
928
906
955
957
980
1007
993
994
1088
1056
1029
1033
1098
1076
1111
1140
1136
1138
1111
1158
1135
1125
1106
1138
1111
1149
1154
1110
1147
1132
1095
1115
1078
1070
1099
1065
1098
1090
1055
1066
1037
1077
1061
1110
1109
1051
1127
1058
1053
1039
1042
1072
1119
1042
970
1067
1031
1072
1013
1002
1034
992
1018
974
988
957
1027
954
931
964
947
947
895
905
861
864
906
917
836
870
824
833
726
743
747
786
722
752
696
722
737
685
719
695
651
647
651
681
621
603
598
594
623
594
622
616
610
586
601
583
631
603
630
609
585
552
548
606
595
625
568
576
544
573
558
612
585
604
581
642
590
617
587
638
583
597
595
575
609
608
635
631
583
684
670
624
642
680
637
657
639
654
675
616
646
677
663
708
689
690
702
667
666
690
653
684
696
696
750
742
692
723
701
733
707
754
714
782
713
750
702
736
735
695
733
737
740
715
687
694
676
696
654
709
681
673
674
657
683
666
644
682
612
593
639
645
611
603
614
611
602
594
622
602
594
581
622
612
552
589
588
531
562
573
546
515
500
496
548
535
504
521
508
538
524
481
488
508
448
503
453
479
486
473
470
478
465
474
461
425
447
452
434
395
419
416
383
402
390
430
416
411
388
393
415
388
382
372
388
348
364
345
394
358
333
351
335
344
367
345
344
329
331
311
337
315
328
327
310
334
293
312
297
310
297
291
277
309
294
289
269
279
255
251
281
251
258
242
260
262
255
214
234
263
248
223
252
246
246
225
213
224
248
234
248
238
255
254
231
231
209
255
210
244
255
237
241
234
201
227
256
247
233
259
245
247
256
232
273
246
241
253
248
265
278
257
256
305
282
267
319
297
324
338
341
327
347
364
400
360
381
427
441
455
504
505
482
574
533
567
579
618
631
667
699
783
745
788
896
899
945
982
1010
1094
1105
1135
1220
1216
1282
1295
1434
1343
1442
1496
1494
1558
1630
1748
1769
1817
1800
1845
1840
1921
1942
1963
1944
1913
1983
1996
2038
2023
1949
1998
2002
1904
2028
1961
1978
1940
1996
1924
1916
1871
1766
1769
1772
1713
1628
1653
1683
1566
1509
1448
1413
1380
1315
1311
1257
1189
1176
1076
1045
1048
1089
904
905
880
877
812
701
686
718
667
729
630
634
549
545
517
441
490
440
469
388
384
378
350
313
322
268
302
297
279
260
255
255
251
219
201
221
213
189
197
213
208
184
198
165
175
186
183
177
169
147
191
180
166
168
159
163
159
152
163
160
144
140
175
162
154
156
150
150
155
146
142
159
143
124
170
150
162
166
152
137
140
130
127
157
143
143
139
127
124
153
132
131
138
153
133
133
115
127
113
130
141
134
128
116
105
107
104
102
114
111
127
127
112
111
108
91
93
95
92
97
77
113
89
100
86
114
88
113
116
107
105
105
79
92
103
107
90
99
92
105
101
105
109
97
90
108
123
114
120
117
107
121
123
106
137
120
112
107
128
126
125
130
139
137
129
127
128
130
143
156
126
126
151
146
144
156
161
128
149
153
180
142
140
155
153
154
143
161
151
147
142
165
151
156
153
147
154
144
141
178
143
146
151
128
130
144
147
144
121
131
134
119
132
140
122
102
119
105
122
108
104
109
94
107
104
108
97
97
108
107
86
90
93
95
91
97
93
95
73
90
103
86
95
79
80
86
81
78
78
82
87
89
85
88
91
90
76
75
83
75
70
76
76
90
73
63
65
68
86
59
87
91
56
67
84
64
62
57
64
64
71
59
57
73
64
67
72
67
70
63
76
54
62
65
63
64
55
64
77
57
57
82
61
59
70
57
50
69
60
57
59
61
64
59
58
47
49
55
64
59
64
53
67
53
55
53
64
43
57
59
46
67
48
53
49
54
58
45
65
49
57
62
65
58
53
63
56
49
53
51
48
59
60
40
49
44
52
51
59
39
48
55
58
50
53
44
52
64
45
60
53
37
48
44
55
46
55
51
40
66
52
49
55
59
43
62
51
54
46
55
51
53
62
72
54
57
57
54
57
56
50
57
48
46
52
63
60
68
64
60
64
57
60
65
66
69
79
64
54
82
98
70
79
78
76
80
82
81
84
79
69
85
93
79
95
77
89
93
66
78
75
96
88
88
79
74
102
94
76
84
100
86
102
98
99
77
88
91
107
90
81
92
90
75
80
90
74
92
100
100
100
90
91
79
88
89
92
85
77
90
88
83
93
86
84
84
82
74
87
74
69
95
88
84
75
79
83
90
99
84
69
72
73
85
94
87
79
84
73
71
92
70
69
71
59
87
60
77
64
88
70
68
97
69
76
46
94
86
87
73
75
60
69
68
60
77
60
63
75
75
73
65
68
77
80
66
54
70
76
79
53
74
65
73
67
67
60
65
63
58
58
64
52
66
69
63
50
72
57
78
67
75
55
67
60
65
53
61
52
48
64
52
73
55
52
43
50
55
65
53
44
65
54
62
49
48
59
57
45
55
48
54
61
41
46
47
57
47
55
64
40
39
62
46
56
43
46
52
54
51
35
41
38
51
40
50
45
52
42
47
41
45
44
40
43
49
35
38
47
44
47
34
33
37
30
40
38
47
43
36
44
47
38
42
50
33
41
35
39
36
46
41
35
28
28
42
40
34
36
38
25
33
27
35
39
34
26
42
34
46
27
36
29
25
40
33
34
30
25
24
29
38
42
36
45
39
41
40
28
34
28
35
22
30
29
31
26
22
38
33
23
23
37
27
28
35
28
30
29
39
36
28
26
26
39
22
30
32
33
40
39
32
34
31
34
31
29
42
38
42
52
41
36
47
49
62
46
44
60
51
56
53
77
63
69
42
52
68
73
70
69
71
84
86
78
77
85
77
81
92
94
85
95
100
109
93
107
114
129
104
104
118
133
111
121
107
137
136
140
129
128
144
136
132
132
144
145
122
116
132
114
150
137
146
151
151
143
113
159
147
155
136
138
121
132
131
114
114
126
127
113
134
137
118
105
107
109
97
112
107
96
112
102
124
104
100
104
90
84
87
89
87
72
82
104
79
80
80
66
60
78
68
66
76
63
54
59
68
41
59
56
49
55
61
49
40
49
49
52
40
53
36
51
47
50
37
32
44
36
36
42
34
36
30
37
28
42
23
30
26
27
24
28
25
32
27
18
23
13
26
20
27
17
22
22
22
$ROI:
43
143 193
144 194
424 531
429 529
440 544
440 545
440 549
443 544
443 553
490 516
604 1134
679 1395
690 1434
772 934
800 953
827 855
828 856
840 1946
849 1974
857 2002
872 900
880 1058
887 915
914 1083
1010 1038
1208 1258
1345 1375
1418 1448
2436 2526
3229 3279
3607 3645
6449 6521
6459 6531
6463 6535
6464 6536
6467 6539
6471 6543
6482 6526
6489 6513
6497 6521
12997 13047
12999 13049
13000 13050
