$SPEC_ID:
GAMWIN
$SPEC_REM:


$DETDESC:

$DATE_MEA:
11/27/2025 15:02:47
$MEAS_TIM:
58732.43 59516.75
$MCA_CAL:
3
1.32118272781372E+001 1.29107522964478E+000 0.00000000000000E+000
$DATA:
0 2047
0
0
0
0
0
0
0
0
0
0
0
0
0
0
0
0
0
0
0
0
0
2778
2934
3111
3401
3809
4153
4122
4307
4088
3931
3828
3814
3708
3681
3778
3895
3875
4094
4194
4511
4680
4881
4891
4792
4792
4839
4927
5045
5105
5251
5637
5733
6053
6244
6480
6753
6858
6972
6954
6971
7455
7312
7838
8235
8626
9098
9401
9362
9136
8597
8012
7454
6966
6640
6454
6553
6314
6370
6193
6128
5881
5588
5281
4849
4752
4654
4340
4227
4321
4118
4165
3949
3851
4012
3915
3994
3902
3877
3843
3785
3805
3764
3885
3857
3798
3820
3945
3901
3959
3944
4047
3927
3829
4081
3849
3827
3859
3852
3770
3787
3774
3844
3709
3756
3694
3711
3616
3662
3712
3452
3501
3565
3554
3510
3352
3415
3475
3449
3312
3287
3280
3330
3247
3371
3381
3288
3299
3370
3383
3438
3462
3392
3482
3425
3399
3342
3377
3356
3232
3252
3253
3212
3198
3200
3174
3133
3194
3211
3132
3225
3138
3157
3218
3199
3213
3159
3124
3164
3213
3229
3431
3378
3555
3555
3656
3897
4128
4158
4518
4553
4680
4793
4912
5111
5013
5055
4844
4953
4787
4778
4544
4333
4064
3873
3776
3533
3314
3172
3073
2959
2850
2919
2678
2640
2531
2525
2495
2464
2406
2438
2359
2428
2363
2423
2400
2400
2384
2358
2530
2444
2373
2365
2519
2396
2552
2464
2493
2437
2396
2418
2336
2419
2385
2256
2359
2246
2300
2196
2084
2121
2192
2065
2089
1965
1950
2022
1906
1913
1867
1894
1884
1979
1963
1940
2047
1976
2017
2196
2133
2131
2201
2243
2244
2298
2331
2370
2428
2269
2289
2286
2351
2396
2362
2351
2316
2262
2190
2219
2250
2012
2032
2071
1944
1798
1822
1748
1731
1678
1641
1586
1472
1463
1441
1441
1457
1416
1341
1352
1301
1305
1279
1315
1311
1233
1241
1260
1232
1300
1268
1242
1225
1212
1210
1275
1216
1228
1198
1206
1177
1169
1180
1106
1120
1116
1193
1126
1139
1081
1125
1091
1090
1105
1090
1134
1107
1146
1107
1113
1107
1082
1053
1037
1031
1110
1044
1089
1080
1092
1083
1052
1090
1083
1051
1065
1072
1024
1005
1049
1067
1106
1036
1077
1058
974
1039
1082
1028
1072
1085
1004
955
1008
995
998
959
1022
1006
997
963
1028
1013
944
968
986
974
1001
989
1034
983
1044
984
1025
1013
1051
1029
1044
1045
1013
1084
1030
1006
1019
1029
1033
1004
978
990
1007
910
958
973
972
916
930
901
918
862
859
839
883
866
839
878
829
881
840
873
864
878
878
821
920
862
879
982
966
973
996
934
1029
989
1115
1079
1100
1101
1089
1101
1126
1122
1228
1200
1217
1215
1285
1167
1278
1211
1180
1330
1313
1228
1248
1266
1301
1247
1256
1198
1205
1174
1204
1218
1193
1126
1157
1113
1123
1096
1060
994
1048
971
987
989
954
913
906
939
898
849
858
870
745
794
823
806
782
771
783
763
747
728
717
707
681
673
665
657
680
664
670
661
694
631
654
657
628
648
649
658
703
643
616
655
640
653
673
630
657
635
637
673
656
590
645
610
661
591
620
590
618
620
669
625
620
690
612
668
665
666
659
625
647
644
637
620
637
653
634
693
627
641
619
654
636
697
666
624
623
653
644
705
633
666
668
659
613
610
637
643
653
656
656
629
618
660
626
659
663
661
619
635
630
629
631
615
623
672
614
640
649
625
652
653
670
629
630
644
635
649
618
606
633
606
591
616
598
633
609
599
597
591
599
559
571
632
587
595
596
616
611
575
544
563
563
581
598
586
575
554
585
571
598
579
557
535
580
564
546
557
584
582
614
599
532
597
569
559
542
608
601
606
563
590
578
590
640
607
629
617
638
633
617
644
657
645
620
657
653
611
605
684
654
644
708
712
744
707
684
678
712
690
712
743
706
777
783
672
741
708
677
724
714
756
642
699
701
697
697
703
750
682
739
702
731
699
705
705
674
729
735
700
753
743
695
786
698
770
702
665
730
708
710
751
689
752
736
681
713
702
700
695
671
718
695
678
702
694
735
691
663
663
669
673
611
617
654
625
619
624
660
632
610
629
644
592
555
553
594
548
576
591
590
527
562
557
589
575
534
564
551
563
533
497
507
548
539
531
525
474
514
533
560
548
482
547
557
528
549
502
502
512
501
513
487
596
497
510
539
531
516
524
530
512
558
482
540
514
558
553
591
558
567
525
557
552
496
570
567
550
559
521
583
524
538
572
587
600
585
630
589
622
568
582
561
612
647
593
640
618
590
607
593
633
634
599
619
562
606
593
636
624
634
629
577
609
581
590
575
595
580
577
577
579
584
570
555
567
602
538
609
549
564
541
582
548
564
551
553
509
512
467
537
521
527
531
506
520
523
511
525
477
509
505
465
523
464
498
461
446
469
488
453
459
437
437
449
451
431
414
446
398
419
417
400
415
401
407
390
379
410
350
330
388
345
319
322
350
363
359
326
345
333
296
314
310
317
304
342
289
271
320
299
278
300
272
263
269
283
292
270
272
224
262
236
257
240
218
240
256
206
231
231
225
213
228
232
251
234
226
251
250
199
215
226
219
222
195
198
223
215
180
188
206
194
183
192
186
165
192
215
196
201
168
182
189
174
190
199
179
177
172
166
164
205
174
180
184
181
175
166
186
175
165
149
173
180
168
198
196
199
181
204
214
200
215
192
230
214
231
239
237
262
249
273
304
293
314
326
332
355
339
366
406
434
447
487
484
508
504
571
583
565
664
686
703
776
801
800
902
939
974
1025
1082
1145
1163
1186
1223
1270
1358
1326
1462
1502
1493
1551
1578
1645
1705
1700
1742
1793
1837
1900
1908
1911
1952
2002
1958
2033
1994
2040
2077
2024
2000
1963
1955
2034
1976
2014
1937
1904
1932
1882
1879
1804
1730
1733
1767
1744
1643
1581
1513
1495
1544
1422
1376
1304
1272
1237
1228
1169
1058
1088
1006
989
921
929
821
759
737
776
745
657
613
641
605
528
544
501
452
418
429
374
395
353
333
321
295
284
249
237
268
225
240
184
189
180
175
186
164
145
174
149
131
135
143
134
123
120
106
116
108
114
108
119
102
100
100
112
97
95
103
78
81
104
81
93
94
96
84
95
74
93
98
76
85
89
85
92
83
74
81
91
65
59
74
71
78
89
93
81
73
64
69
63
64
67
54
80
69
73
75
65
66
66
80
61
56
60
76
68
70
66
63
51
64
60
44
57
61
64
60
54
60
55
62
68
62
45
58
50
72
51
71
59
70
57
54
60
55
55
73
66
63
75
56
62
60
60
58
52
59
72
67
81
58
69
72
59
77
72
59
85
82
66
71
77
73
65
68
81
77
78
87
85
85
80
83
77
71
116
87
68
70
78
77
88
83
69
79
96
85
77
86
82
81
88
85
85
82
84
71
88
91
76
82
68
83
85
88
70
71
78
66
77
75
70
74
51
63
59
65
80
53
80
58
62
65
54
64
62
56
47
70
70
40
54
50
61
50
59
68
55
64
45
48
49
54
58
47
54
53
42
43
48
40
44
49
47
52
51
47
52
56
47
39
56
59
51
47
48
50
40
51
35
48
36
35
39
48
46
38
46
47
44
46
49
51
46
39
31
37
49
48
49
56
56
50
47
42
48
43
42
40
46
37
29
39
40
32
46
33
34
43
37
44
39
37
45
32
39
36
47
37
45
41
40
37
31
47
35
36
33
26
39
37
35
24
33
43
36
27
23
34
30
29
31
41
32
32
25
32
34
42
44
39
33
43
43
28
20
30
35
38
41
33
34
36
30
31
30
35
25
28
30
31
35
36
25
26
30
23
30
35
34
30
33
39
28
39
32
41
35
31
33
35
39
33
43
41
33
28
39
28
31
31
36
39
40
46
33
44
39
40
44
36
56
49
36
38
37
39
36
38
33
36
40
35
49
29
45
45
34
47
47
52
46
40
42
54
42
43
48
49
60
37
40
50
36
56
46
47
41
45
61
48
49
59
46
37
42
40
46
53
48
45
48
47
45
57
51
51
47
64
49
56
51
46
45
60
47
54
46
43
46
48
53
53
45
60
51
52
44
48
54
46
38
45
49
44
57
43
30
40
49
53
47
59
42
44
46
42
46
39
40
45
46
40
46
42
43
41
47
42
37
46
51
39
52
34
39
34
36
46
46
45
40
34
34
40
49
42
45
38
37
36
39
57
36
47
34
41
37
57
30
38
47
44
34
41
30
39
36
42
30
38
35
38
45
44
33
25
29
30
40
28
34
31
45
39
40
42
40
34
30
36
28
46
42
32
38
34
43
38
30
35
52
22
36
34
24
35
37
40
33
29
33
28
34
26
38
32
41
39
35
31
23
22
15
32
32
22
32
21
19
34
37
27
43
39
22
20
22
39
35
22
29
21
28
28
32
26
31
31
20
26
24
22
12
19
34
22
25
30
18
24
28
24
22
22
29
25
29
30
21
33
33
27
27
33
27
23
21
16
29
24
32
21
24
34
25
29
26
24
25
37
19
24
26
21
26
24
22
31
18
18
24
18
29
22
19
26
15
29
20
26
19
18
22
23
23
25
20
22
24
20
14
15
16
22
16
20
19
17
23
22
22
23
20
12
20
20
17
23
16
28
29
30
29
25
20
28
20
19
23
26
23
21
27
29
39
30
23
22
23
34
27
32
21
43
32
31
28
42
48
33
33
47
40
40
44
45
44
50
45
50
52
49
40
58
56
49
64
46
48
51
56
58
56
52
60
66
56
56
56
42
73
56
67
59
72
79
62
60
70
62
68
69
70
73
56
67
76
71
65
65
62
54
66
66
64
68
66
59
63
50
42
50
54
51
57
56
49
49
43
53
46
53
51
42
64
47
45
43
52
40
58
37
41
54
36
43
41
37
41
38
26
33
32
26
30
42
33
37
28
31
33
26
38
40
17
32
33
26
36
20
27
27
25
18
20
25
26
23
24
27
21
16
20
18
17
17
24
17
21
20
12
24
21
12
23
20
10
16
17
18
16
22
$ROI:
43
143 193
144 194
424 531
429 529
440 544
440 545
440 549
443 544
443 553
490 516
604 1134
679 1395
690 1434
772 934
800 953
827 855
828 856
840 1946
849 1974
857 2002
872 900
880 1058
887 915
914 1083
1010 1038
1208 1258
1345 1375
1418 1448
2436 2526
3229 3279
3607 3645
6449 6521
6459 6531
6463 6535
6464 6536
6467 6539
6471 6543
6482 6526
6489 6513
6497 6521
12997 13047
12999 13049
13000 13050
