$SPEC_ID:
GAMWIN
$SPEC_REM:


$DETDESC:

$DATE_MEA:
11/05/2025 14:15:41
$MEAS_TIM:
62008.48 62841.86
$MCA_CAL:
3
1.32118272781372E+001 1.29107522964478E+000 0.00000000000000E+000
$DATA:
0 2047
0
0
0
0
0
0
0
0
0
0
0
0
0
0
0
0
0
0
0
0
0
3474
3612
3926
4298
4705
5151
5294
5245
5109
4832
4653
4470
4659
4613
4724
4743
4901
5087
5320
5671
5955
5991
6035
5985
6012
6110
6334
6619
6803
7092
7527
7847
8114
8259
8271
8456
8534
8640
8528
8702
8940
9556
10147
10757
11724
12194
12328
12036
11422
10875
9991
9253
8882
8674
8366
8390
8257
8367
7919
7874
7599
7265
6774
6615
6142
5964
5748
5621
5368
5376
5263
5175
5255
5234
5249
5106
5005
5016
4877
5134
5115
5015
5020
5041
5235
5236
5299
5201
5411
5342
5232
5226
5287
5189
5225
5055
5145
5148
5038
5140
5052
4938
5101
5022
4928
4796
4886
4861
4765
4738
4881
4588
4643
4615
4515
4576
4399
4353
4369
4506
4357
4421
4454
4399
4381
4456
4407
4434
4432
4424
4479
4488
4434
4550
4588
4431
4399
4435
4348
4352
4317
4317
4237
4279
4353
4241
4249
4283
4347
4347
4260
4335
4337
4254
4316
4294
4321
4313
4315
4537
4695
4863
5141
5204
5623
5844
6152
6370
6840
6988
7067
7386
7331
7386
7376
7357
7042
6709
6771
6340
6092
5723
5450
5073
4854
4666
4312
4049
4001
3795
3527
3465
3397
3210
3296
3297
3086
3148
3083
3192
3079
3088
3141
3213
3115
3155
3222
3060
3250
3309
3262
3295
3256
3317
3309
3170
3336
3221
3199
3041
3221
3241
2955
2978
2974
2881
2869
2719
2777
2712
2556
2640
2632
2599
2568
2510
2568
2575
2559
2611
2661
2711
2730
2670
2739
2906
2835
2976
2969
3080
3096
3137
3100
3137
3140
3141
3246
3172
3166
3092
3152
3070
3000
2952
2880
2830
2849
2770
2781
2608
2417
2354
2407
2255
2195
2154
2085
2049
1981
1904
1815
1830
1855
1749
1679
1689
1667
1652
1635
1679
1596
1642
1685
1573
1595
1636
1595
1613
1547
1600
1598
1563
1480
1534
1493
1572
1475
1480
1502
1537
1453
1487
1410
1469
1493
1495
1461
1496
1459
1486
1433
1495
1396
1421
1389
1360
1418
1475
1430
1444
1411
1415
1433
1412
1326
1375
1380
1417
1430
1365
1322
1362
1298
1403
1378
1348
1383
1312
1361
1385
1346
1412
1392
1320
1333
1305
1290
1259
1356
1302
1263
1299
1293
1282
1329
1350
1375
1294
1348
1285
1324
1312
1296
1358
1288
1375
1318
1409
1300
1333
1310
1341
1321
1351
1378
1376
1366
1347
1310
1319
1342
1307
1289
1303
1282
1287
1237
1178
1238
1209
1174
1240
1156
1105
1137
1072
1073
1137
1143
1130
1221
1166
1180
1200
1227
1244
1249
1206
1297
1248
1227
1329
1237
1325
1294
1367
1418
1444
1456
1358
1501
1493
1588
1540
1560
1650
1721
1639
1667
1689
1649
1715
1662
1675
1761
1699
1713
1676
1668
1695
1694
1677
1641
1589
1643
1592
1510
1654
1566
1493
1504
1544
1478
1511
1415
1412
1375
1342
1357
1316
1228
1190
1168
1208
1162
1091
1092
1042
1011
1025
995
991
951
964
973
1001
900
872
904
823
908
881
828
856
861
833
822
867
849
796
823
836
888
891
833
782
807
831
763
838
816
847
834
801
837
805
812
814
848
775
769
802
837
826
808
817
790
852
853
799
808
886
879
861
826
846
868
907
878
895
893
890
884
878
893
867
940
854
900
855
869
866
830
890
912
872
879
883
849
906
843
856
858
848
833
852
799
850
844
851
778
843
833
856
847
862
812
810
864
856
843
841
835
816
848
851
821
822
798
837
813
831
842
779
817
845
760
823
803
748
810
852
779
771
786
789
788
760
793
721
774
733
766
820
733
720
780
776
770
727
752
820
767
776
734
766
720
727
709
774
708
733
735
736
796
768
782
769
764
819
776
718
740
818
736
766
820
796
763
786
784
814
797
769
828
773
819
824
848
868
905
844
859
897
884
915
865
858
895
974
928
906
948
957
974
914
992
978
943
943
974
978
970
997
991
1012
1018
1007
912
988
1005
970
1017
973
1060
932
993
968
943
968
889
962
987
968
911
984
946
976
1013
961
917
932
900
954
989
913
958
942
960
894
958
1013
945
930
962
985
904
928
953
912
898
867
916
958
926
872
841
863
815
803
842
799
848
790
776
755
807
752
791
768
725
748
784
710
727
745
744
672
710
703
701
704
662
717
695
687
646
650
646
697
679
696
616
680
662
687
677
689
687
668
625
671
605
658
659
661
644
651
647
660
634
685
674
732
652
664
646
676
677
667
695
684
705
681
677
745
700
667
712
665
718
700
714
706
704
685
761
736
742
749
739
776
740
776
714
734
751
742
787
761
739
753
738
738
770
732
757
719
723
763
723
730
720
723
764
757
781
769
749
739
749
708
759
744
770
759
745
740
699
707
744
692
739
686
773
707
732
691
734
668
707
712
713
672
683
683
713
669
662
620
699
646
660
656
606
627
616
604
634
589
578
588
588
594
570
590
589
595
568
573
523
553
518
512
517
541
527
528
480
458
473
505
477
477
468
478
445
413
459
422
441
439
413
414
432
393
463
379
380
390
391
391
350
361
368
369
343
330
386
369
377
351
320
352
323
347
320
328
330
297
303
303
300
283
285
291
303
294
291
286
290
294
283
266
244
261
255
258
270
249
291
253
252
252
261
246
266
220
225
249
242
215
230
250
245
236
246
256
215
240
213
223
246
223
229
189
229
189
226
229
251
216
231
224
229
247
260
220
218
237
256
260
243
233
279
279
264
287
257
287
307
290
297
323
333
344
359
339
371
394
442
422
460
460
552
531
548
583
613
638
696
710
768
780
912
882
928
1029
985
1067
1146
1151
1219
1283
1349
1447
1458
1504
1585
1607
1755
1822
1778
1929
1973
1958
2057
2183
2175
2179
2289
2240
2269
2284
2363
2437
2470
2496
2445
2546
2426
2478
2529
2475
2546
2588
2519
2537
2554
2471
2555
2451
2438
2339
2207
2302
2308
2238
2035
2204
2040
2094
1951
1824
1821
1772
1712
1628
1483
1532
1468
1383
1383
1368
1196
1205
1118
1160
1085
1018
957
922
845
834
777
751
781
715
629
588
578
502
505
530
503
424
438
384
375
347
360
298
358
285
298
263
262
264
237
216
238
213
239
205
198
188
150
180
155
164
134
168
159
167
178
128
127
131
140
125
133
152
122
113
127
120
134
112
116
133
113
133
131
113
120
127
112
102
127
92
115
118
103
97
94
107
100
110
101
111
112
106
105
104
97
134
96
102
110
113
101
96
80
87
103
100
120
91
102
91
101
94
86
99
102
90
76
69
94
83
92
89
85
75
74
86
82
86
73
75
87
81
79
71
93
81
83
83
83
84
92
71
79
81
84
88
84
88
75
75
76
92
73
86
84
102
80
96
103
97
90
96
75
90
104
87
108
91
84
108
96
90
80
104
95
97
113
112
107
107
103
95
114
99
107
108
116
121
97
113
110
109
115
100
114
108
112
120
98
83
105
99
118
88
95
104
113
94
95
110
104
80
102
87
94
91
113
95
112
99
82
84
72
98
87
92
75
67
79
80
93
81
80
70
86
84
69
91
76
75
54
75
79
67
71
68
74
71
72
63
73
72
67
55
61
54
59
66
60
77
52
55
60
70
65
64
60
46
67
54
61
68
57
48
55
56
64
55
54
44
55
45
53
59
60
54
61
61
54
35
50
55
38
65
50
50
55
51
49
42
42
52
55
42
56
52
55
65
54
56
43
51
44
50
54
59
43
47
54
59
44
43
39
54
34
33
47
44
51
53
47
43
37
39
47
38
28
50
36
44
46
43
50
50
47
46
57
48
38
42
54
35
51
49
44
49
45
55
53
42
50
41
37
44
47
43
60
44
45
44
52
49
40
38
59
49
52
52
52
44
45
40
54
40
42
51
54
33
47
43
39
56
48
39
54
40
58
54
78
53
43
41
56
46
62
45
47
54
48
53
56
47
54
55
48
52
51
45
62
52
60
67
57
63
53
57
62
60
55
57
56
64
71
62
57
63
66
75
68
65
63
71
76
77
78
56
72
78
70
63
65
78
57
74
67
68
72
70
70
73
78
71
64
74
68
70
72
61
58
69
63
67
63
52
65
61
66
79
65
74
58
72
71
55
59
63
77
82
71
71
53
77
70
66
50
57
66
39
68
66
68
45
47
62
60
42
64
51
68
70
62
59
56
59
59
65
49
57
53
58
60
69
60
46
55
43
55
58
54
48
55
66
52
53
66
51
60
43
44
50
55
65
54
53
72
58
59
61
58
52
50
56
44
50
45
51
63
59
69
63
47
57
62
51
48
56
56
50
43
48
58
57
36
44
64
45
56
43
45
44
38
49
43
52
47
52
47
34
40
34
39
44
51
45
32
44
37
52
45
49
51
42
48
48
53
43
43
40
44
40
53
43
41
50
40
48
29
36
34
37
45
34
30
41
50
40
41
38
31
46
35
39
40
33
39
34
33
34
33
43
40
28
29
33
36
32
46
34
32
42
32
27
28
23
35
40
36
34
38
25
36
38
31
32
38
26
37
33
37
30
32
28
31
29
36
21
25
34
29
31
34
29
34
36
30
34
26
26
32
39
40
31
36
25
30
17
31
15
24
25
25
19
27
24
44
32
35
38
35
28
27
24
25
20
30
30
22
28
22
24
28
37
25
30
23
19
18
26
27
33
32
33
31
41
31
24
27
25
43
31
39
43
33
50
36
55
38
40
30
45
35
41
40
42
39
40
60
51
38
46
62
53
41
56
56
46
65
62
70
69
71
66
56
64
74
63
71
82
76
68
85
82
86
88
86
84
76
98
95
88
82
82
94
112
105
99
115
85
97
96
101
101
113
99
84
94
116
98
99
101
98
105
94
89
109
95
93
97
82
76
109
102
85
71
84
76
78
78
74
76
78
78
77
71
68
67
78
66
56
69
63
80
62
74
49
55
64
63
59
46
54
47
66
46
33
50
42
44
46
41
51
40
39
42
39
44
49
43
45
21
28
40
29
40
43
29
37
29
35
36
36
36
31
25
33
33
29
30
26
21
26
22
24
32
19
25
20
16
27
23
24
21
25
13
26
22
20
24
21
31
20
24
13
13
23
17
21
$ROI:
43
143 193
144 194
424 531
429 529
440 544
440 545
440 549
443 544
443 553
490 516
604 1134
679 1395
690 1434
772 934
800 953
827 855
828 856
840 1946
849 1974
857 2002
872 900
880 1058
887 915
914 1083
1010 1038
1208 1258
1345 1375
1418 1448
2436 2526
3229 3279
3607 3645
6449 6521
6459 6531
6463 6535
6464 6536
6467 6539
6471 6543
6482 6526
6489 6513
6497 6521
12997 13047
12999 13049
13000 13050
