$SPEC_ID:
GAMWIN
$SPEC_REM:


$DETDESC:

$DATE_MEA:
11/18/2025 05:45:59
$MEAS_TIM:
27254.18 27700.36
$MCA_CAL:
3
1.32118272781372E+001 1.29107522964478E+000 0.00000000000000E+000
$DATA:
0 2047
0
0
0
0
0
0
0
0
0
0
0
0
0
0
0
0
0
0
0
0
0
2726
2790
3104
3505
3799
4330
4368
4402
4250
4198
4079
4064
4033
3941
4005
4034
4340
4570
4760
5182
5529
5721
5804
5802
5793
5683
5765
5873
6167
6383
6710
7376
7436
8161
8253
8773
9035
9207
9210
9458
10006
10456
11366
12370
13563
14569
15425
15439
15009
14046
12835
11639
10902
10481
9950
10106
10159
10140
9792
9764
9255
8563
8178
7707
7200
6878
6424
6214
6124
5869
5891
6038
5685
5757
5755
5583
5741
5810
5732
5516
5626
5601
5575
5581
5662
5745
6034
6061
5950
6085
6099
5861
6105
5928
5844
5994
5766
5805
5828
5927
5821
6003
5771
5830
5968
5717
5787
5635
5627
5628
5542
5580
5505
5387
5333
5279
5280
5185
5144
5092
5055
5110
5083
5146
4981
5271
5157
5290
5372
5424
5486
5539
5534
5607
5525
5508
5426
5482
5375
5277
5092
5092
5019
4954
4938
5015
4845
4856
4825
4806
4827
4899
4980
4806
4774
4592
4863
4720
4809
4844
4883
5094
5228
5602
5855
6176
6525
7038
7292
7744
7988
8109
8437
8374
8672
8567
8515
8283
8118
7762
7440
7096
6655
6443
5995
5664
5223
4917
4697
4306
4072
3891
3835
3651
3680
3635
3467
3440
3597
3356
3361
3462
3420
3504
3694
3580
3611
3651
3653
3827
3806
3801
3923
3923
4000
3947
4002
3877
4010
3936
3873
3802
3834
3830
3718
3574
3574
3388
3329
3256
3050
3009
2945
2893
2839
2791
2767
2749
2769
2740
2730
2888
2937
2979
2989
3140
3213
3317
3368
3474
3607
3681
3789
3927
4007
4149
4153
4106
4202
4225
4304
4103
4141
4032
4076
4076
3994
3862
3680
3612
3545
3258
3149
3103
2769
2826
2648
2463
2440
2281
2195
2061
2065
1904
1843
1782
1759
1745
1671
1656
1588
1521
1576
1529
1561
1517
1472
1495
1511
1455
1412
1494
1431
1486
1418
1514
1449
1453
1377
1433
1381
1410
1364
1381
1357
1400
1295
1326
1339
1284
1272
1349
1267
1236
1228
1342
1243
1269
1244
1247
1232
1265
1226
1299
1194
1287
1266
1251
1186
1263
1276
1257
1228
1235
1224
1291
1283
1286
1214
1243
1192
1300
1268
1162
1191
1197
1246
1262
1186
1230
1179
1231
1227
1225
1138
1211
1184
1295
1124
1168
1170
1199
1192
1210
1259
1225
1162
1240
1304
1198
1267
1241
1237
1206
1238
1223
1286
1231
1253
1237
1218
1208
1187
1170
1237
1182
1107
1190
1130
1069
1121
1089
1081
1071
1055
1061
1037
1079
1021
1034
1116
1058
1030
1101
1082
1055
1066
1068
1090
1114
1163
1192
1226
1276
1287
1262
1407
1390
1422
1469
1532
1520
1592
1603
1682
1695
1769
1697
1899
1852
1906
1812
1876
1862
1961
2020
2012
2102
2073
2118
2088
2114
2139
2181
2092
2104
2084
2126
2054
2033
1988
2057
2000
1944
1964
1855
1862
1779
1727
1804
1669
1642
1556
1560
1496
1474
1373
1325
1284
1229
1214
1120
1096
1115
1026
955
936
970
930
934
873
856
851
851
814
810
774
779
774
738
682
700
736
689
698
698
734
703
734
722
721
640
713
704
680
752
681
696
710
755
713
743
684
654
652
681
709
685
725
719
716
710
796
708
736
727
782
715
734
739
763
699
773
759
746
774
758
796
834
777
756
764
753
829
785
754
767
777
803
789
740
790
782
713
749
796
793
754
725
772
761
722
772
781
760
797
751
752
781
776
747
748
731
754
788
780
813
797
726
717
769
727
766
741
717
754
777
806
748
730
690
765
690
672
697
715
701
691
743
659
708
694
660
689
649
696
654
617
676
626
640
694
691
635
607
635
637
635
616
652
598
627
644
674
643
690
693
611
666
659
647
632
659
664
648
638
638
662
660
631
662
697
646
664
664
687
667
657
703
747
661
751
725
738
776
764
700
748
762
785
797
795
802
826
805
889
822
815
868
883
871
912
903
905
952
902
859
914
880
886
928
916
888
928
854
893
900
942
934
855
929
884
867
913
898
860
881
851
856
867
864
859
831
886
832
822
860
831
847
859
839
779
847
819
824
817
837
773
807
786
774
808
770
735
731
807
779
784
710
740
695
728
721
701
707
660
693
634
685
646
634
625
546
595
590
616
562
521
547
506
535
525
554
527
517
514
499
463
490
463
472
483
502
473
474
481
480
466
474
486
485
492
457
444
460
479
478
445
484
461
446
519
496
482
506
420
467
453
486
489
459
473
475
484
499
465
513
483
518
508
526
464
529
512
523
550
515
546
523
562
542
494
557
572
571
607
565
600
595
669
620
582
597
616
602
617
592
593
621
581
590
622
630
612
605
585
609
611
590
643
557
575
598
600
605
565
593
593
596
585
618
558
533
542
526
608
517
520
547
529
492
532
570
558
487
514
507
488
476
508
433
449
478
455
480
458
435
423
446
488
463
447
466
450
422
444
397
394
406
426
414
395
410
438
355
404
410
375
392
381
345
399
363
377
391
363
380
366
352
361
359
351
362
335
370
318
336
385
348
337
342
338
345
303
344
346
333
309
341
289
309
333
292
310
294
319
279
274
276
275
293
276
282
297
278
262
275
303
250
257
259
282
278
231
275
237
235
262
242
264
233
229
225
254
256
203
228
210
217
221
207
220
218
209
213
199
192
234
227
213
198
184
221
223
210
211
196
213
211
187
211
201
211
211
223
221
199
227
210
202
221
226
221
226
209
203
239
235
243
235
273
246
240
225
228
256
256
293
287
274
296
299
266
298
300
318
364
321
348
350
347
396
417
407
429
466
462
464
529
537
520
570
559
570
690
669
668
713
740
724
804
862
855
924
925
966
982
1057
1069
1079
1119
1142
1103
1155
1162
1264
1185
1250
1350
1291
1289
1317
1331
1399
1354
1456
1368
1428
1436
1357
1417
1414
1411
1320
1426
1341
1391
1397
1403
1304
1400
1300
1296
1242
1177
1206
1118
1186
1169
1095
1068
1045
993
949
924
930
843
836
846
860
729
744
731
672
631
621
554
591
532
543
506
483
486
434
424
434
426
362
346
337
369
335
298
306
254
281
260
221
249
272
248
220
226
207
188
214
193
192
189
195
166
181
172
149
172
161
179
158
168
177
166
171
144
129
136
158
142
137
149
144
141
158
139
149
149
144
126
130
125
140
137
119
138
147
121
129
125
143
130
145
148
141
145
135
166
126
136
112
115
112
106
142
114
131
117
127
125
134
120
112
134
139
113
96
105
126
87
101
111
112
113
93
96
92
91
94
94
100
93
95
106
110
114
108
103
103
97
99
106
81
93
99
90
88
97
104
115
106
91
128
114
121
113
97
98
101
116
106
126
115
124
138
117
120
137
147
120
135
134
128
148
130
138
135
136
140
172
161
165
162
166
174
170
177
164
204
153
166
176
173
173
193
193
183
203
142
203
162
164
185
186
175
207
195
143
194
177
173
165
203
167
180
147
155
173
174
162
147
149
123
147
138
136
137
152
143
124
161
128
119
125
140
135
114
106
107
122
126
110
119
109
115
126
90
102
93
81
97
101
93
107
98
108
85
86
106
103
98
79
75
73
80
92
84
78
76
68
75
70
71
78
70
79
96
85
69
79
68
64
74
67
69
64
56
70
69
72
60
63
68
74
65
58
68
67
67
59
75
66
51
64
49
63
58
64
68
60
58
50
56
67
65
58
63
64
54
73
42
57
49
55
50
61
67
51
55
56
54
54
40
56
45
50
47
53
42
57
42
54
50
61
42
55
56
42
48
63
47
41
43
44
50
51
41
48
57
55
45
49
52
50
47
62
44
32
42
42
36
42
53
47
31
50
40
44
44
52
45
56
57
59
59
47
56
55
50
41
44
43
58
36
49
50
52
52
40
44
34
40
43
51
43
42
47
42
40
53
46
51
47
47
53
56
54
52
54
59
54
52
56
47
66
52
58
62
48
50
50
73
64
53
55
59
70
76
58
51
74
72
77
70
72
78
63
66
75
75
86
78
78
66
84
75
71
75
87
81
70
95
76
91
84
79
95
94
80
88
77
82
77
83
85
76
81
72
94
89
89
71
73
74
86
91
78
85
82
83
82
90
84
81
90
65
76
92
79
93
75
99
78
91
75
67
68
67
86
84
83
84
74
67
73
72
78
75
75
81
85
65
85
64
70
65
87
65
83
63
64
68
82
85
81
83
68
49
60
96
59
69
58
59
64
69
62
57
77
58
53
83
60
82
56
56
67
51
58
67
67
70
54
62
70
74
62
62
60
56
65
53
67
46
60
53
50
62
55
58
61
54
66
46
54
45
46
51
48
62
51
59
52
41
53
49
51
54
47
50
35
38
39
42
44
44
38
47
46
48
37
49
48
45
50
50
38
40
44
48
51
55
39
36
45
40
36
38
30
50
40
37
32
33
41
39
42
47
27
41
35
31
41
30
34
35
46
44
43
31
35
25
21
37
38
40
34
46
35
36
40
29
29
32
29
47
39
36
28
33
44
38
37
29
34
33
25
41
37
36
34
35
38
34
45
45
36
36
32
34
32
30
40
26
41
31
38
32
34
30
32
25
29
33
37
28
39
22
29
23
36
37
42
37
25
26
19
34
21
18
40
29
20
29
27
19
33
22
30
19
20
31
24
33
33
27
26
26
21
24
21
31
30
30
22
35
28
37
32
37
38
29
22
29
30
28
26
31
35
33
25
40
51
40
43
49
45
37
54
46
58
56
54
67
65
54
68
49
69
60
73
56
63
89
73
86
82
80
85
86
78
105
81
89
70
85
105
88
102
104
79
123
93
110
114
109
86
105
103
107
96
103
108
100
132
99
128
108
109
104
110
107
137
107
120
118
105
117
83
104
108
114
120
81
100
105
110
96
93
102
93
103
106
94
73
88
89
70
80
77
72
68
83
67
70
70
71
73
61
62
50
60
66
76
43
78
58
45
62
55
47
53
51
54
48
34
38
36
42
35
28
46
27
35
30
30
41
30
31
36
31
31
32
48
34
25
26
32
42
34
26
29
18
25
28
20
33
21
21
27
28
21
23
18
19
25
21
20
28
22
$ROI:
43
143 193
144 194
424 531
429 529
440 544
440 545
440 549
443 544
443 553
490 516
604 1134
679 1395
690 1434
772 934
800 953
827 855
828 856
840 1946
849 1974
857 2002
872 900
880 1058
887 915
914 1083
1010 1038
1208 1258
1345 1375
1418 1448
2436 2526
3229 3279
3607 3645
6449 6521
6459 6531
6463 6535
6464 6536
6467 6539
6471 6543
6482 6526
6489 6513
6497 6521
12997 13047
12999 13049
13000 13050
