$SPEC_ID:
GAMWIN
$SPEC_REM:


$DETDESC:

$DATE_MEA:
12/03/2025 15:04:14
$MEAS_TIM:
56346.83 57101.03
$MCA_CAL:
3
1.32118272781372E+001 1.29107522964478E+000 0.00000000000000E+000
$DATA:
0 2047
0
0
0
0
0
0
0
0
0
0
0
0
0
0
0
0
0
0
0
0
0
2550
2704
2782
3130
3340
3667
3787
3773
3598
3436
3435
3250
3266
3266
3396
3434
3573
3691
3735
3862
4318
4347
4308
4304
4259
4239
4235
4473
4681
4864
5033
5278
5608
5869
6174
6295
6295
6458
6571
6671
6702
7138
7656
7947
8681
9017
9549
9365
9052
8619
7833
7152
6662
6543
6117
6179
6179
5968
5982
5709
5523
5093
5143
4495
4379
4244
4027
3821
3751
3580
3672
3569
3521
3435
3460
3450
3411
3465
3388
3504
3442
3383
3456
3437
3289
3533
3618
3664
3473
3632
3764
3753
3534
3545
3527
3540
3458
3470
3453
3462
3496
3532
3442
3471
3379
3364
3274
3308
3326
3216
3233
3241
3246
3182
3146
3126
3140
3145
3042
3103
3071
2935
3038
3020
3056
3117
3009
3045
3067
3114
3116
3119
3151
3053
3045
3176
3067
3065
2944
3102
2968
2967
3000
2987
2885
2785
2982
2913
2925
2844
3021
2918
3021
2830
2849
2864
2972
2967
2843
2959
3017
3279
3211
3362
3497
3646
4069
4166
4232
4678
4791
4895
5089
5051
5134
4990
5133
4851
4878
4731
4498
4278
4102
3824
3695
3429
3211
3043
2863
2832
2535
2563
2435
2356
2231
2227
2251
2129
2157
2148
2096
2179
2130
2157
2163
2200
2195
2263
2199
2149
2155
2237
2304
2272
2314
2227
2245
2308
2248
2239
2233
2222
2228
2173
2109
2111
2054
1996
1978
1900
1863
1832
1877
1764
1762
1753
1632
1712
1690
1788
1757
1741
1802
1829
1848
1890
1991
1960
2036
2046
2053
2111
2262
2277
2206
2274
2349
2233
2352
2337
2321
2243
2224
2219
2182
2233
2043
2087
2044
1954
1945
1831
1812
1649
1719
1594
1669
1534
1493
1373
1413
1322
1240
1245
1139
1197
1162
1128
1072
1084
1095
1074
1100
1057
1058
1022
1013
1071
1079
1065
1054
1046
1071
987
1077
974
1053
1008
940
1033
1016
1032
1001
936
1026
918
946
960
999
958
955
888
960
992
930
941
924
892
913
914
960
942
913
945
921
959
912
945
938
911
935
910
879
894
978
866
850
918
876
921
889
947
932
912
902
868
903
950
878
821
910
912
875
883
833
883
875
830
823
914
915
900
882
935
908
866
914
939
904
878
850
918
944
945
972
866
910
903
913
947
927
902
874
913
898
805
866
825
839
847
813
771
771
780
814
768
730
796
725
793
788
747
775
823
756
778
745
798
786
798
857
839
825
879
893
856
843
962
938
980
1012
1014
956
1041
1079
1118
1127
1075
1187
1127
1179
1167
1173
1180
1211
1207
1209
1201
1145
1210
1202
1260
1212
1259
1214
1209
1152
1154
1174
1158
1136
1142
1127
1130
1075
1088
1043
1038
930
963
915
927
923
863
922
865
870
791
801
763
747
704
703
715
687
641
611
687
631
646
592
591
633
600
575
595
574
579
565
562
538
532
617
530
534
535
537
593
543
529
545
528
517
492
502
543
484
512
518
523
572
520
505
483
558
542
536
515
563
551
546
510
515
556
565
553
610
527
562
575
604
517
617
538
557
581
561
596
600
603
567
541
562
585
564
572
523
581
536
543
542
582
573
575
615
570
538
568
525
582
595
547
536
549
527
521
549
528
588
548
537
542
555
552
552
548
534
532
527
523
504
544
497
510
519
540
527
516
521
529
521
517
494
522
537
544
518
505
551
492
488
526
494
496
487
500
474
462
476
431
470
443
481
471
471
501
496
484
492
477
479
466
461
478
523
488
447
512
492
511
526
499
512
464
496
516
478
486
490
525
466
521
516
505
516
520
511
509
552
486
502
494
488
535
560
531
552
559
573
549
594
557
618
603
587
601
648
607
608
658
624
636
634
625
639
638
601
632
661
653
621
647
635
651
627
663
622
615
580
641
684
655
613
626
590
617
665
637
596
625
599
579
571
620
604
627
588
630
612
607
618
577
564
617
610
590
554
644
606
589
592
553
575
581
539
604
589
546
561
531
509
583
551
562
557
514
490
504
520
509
473
449
484
496
473
465
428
422
445
441
432
458
461
440
471
405
377
417
459
358
392
407
417
431
432
397
389
364
357
363
403
403
395
402
382
399
379
397
399
398
382
394
426
423
385
374
382
376
402
431
387
393
387
414
409
412
396
414
410
408
433
419
395
392
423
435
418
444
430
403
453
416
430
415
409
456
432
441
441
437
448
444
420
428
443
458
440
435
430
445
438
474
482
448
496
450
421
414
453
441
469
424
446
440
458
421
431
428
398
451
429
491
445
417
429
414
409
415
430
373
451
436
406
406
407
417
402
396
413
407
393
333
378
384
367
376
392
381
369
368
367
359
336
364
352
351
352
380
367
343
324
325
317
327
313
323
309
280
302
334
300
325
303
308
290
323
281
296
298
277
297
315
280
268
265
272
257
251
253
256
252
235
235
249
244
243
257
257
231
230
211
238
223
236
242
223
229
207
222
219
210
174
218
186
219
180
199
207
206
214
197
181
207
215
189
196
185
180
175
183
168
191
144
181
178
178
173
156
171
150
170
145
157
150
178
174
161
170
157
152
146
155
159
148
175
151
135
153
138
159
171
141
152
148
141
158
143
126
133
167
140
165
149
148
143
153
172
187
163
164
186
161
179
155
176
178
187
185
168
180
204
237
210
211
216
231
241
240
228
268
279
274
321
297
322
364
369
390
378
408
411
450
436
489
490
501
547
580
604
627
682
653
704
755
728
742
799
855
917
937
960
953
903
976
1048
1163
1124
1060
1085
1144
1205
1182
1218
1220
1282
1294
1261
1274
1217
1305
1285
1210
1319
1218
1237
1220
1255
1265
1199
1151
1157
1222
1185
1162
1148
1088
1070
1008
1023
992
992
985
859
902
785
807
802
807
702
721
694
668
613
623
547
590
503
530
493
470
444
432
389
389
376
370
340
348
314
291
265
264
243
263
259
212
248
211
191
211
184
173
177
166
169
132
148
144
149
141
133
122
127
118
121
124
122
108
116
103
115
110
116
96
101
95
115
97
114
115
96
107
89
92
117
67
91
97
112
83
79
87
83
89
100
94
92
103
73
79
91
91
78
91
88
77
76
88
85
97
84
93
86
72
65
85
68
76
80
82
71
68
81
73
76
61
96
67
74
72
72
68
62
77
78
68
61
79
71
60
72
66
61
63
63
63
68
71
65
63
57
60
66
80
66
70
70
47
62
67
62
55
63
84
64
71
77
53
78
70
78
92
73
68
81
74
61
83
76
66
72
71
67
81
92
96
81
95
80
96
83
74
84
85
82
101
89
102
76
106
94
92
87
91
95
99
100
99
99
104
102
91
88
70
85
85
84
91
101
90
92
81
90
84
93
87
80
103
88
90
96
81
84
78
76
82
85
77
71
71
73
77
89
64
69
66
75
52
62
53
66
62
61
75
66
57
57
55
47
66
59
61
52
50
49
72
60
46
59
44
50
59
66
53
38
54
38
37
48
47
61
49
36
41
40
38
60
44
58
43
47
34
32
44
41
54
46
61
36
57
42
41
50
46
56
45
55
52
36
48
46
48
34
38
43
39
34
60
37
49
41
41
51
50
47
45
46
30
41
39
41
49
37
36
36
43
40
38
32
39
37
41
51
32
35
34
39
31
37
43
32
45
42
27
31
41
29
45
35
32
31
47
25
54
51
29
38
33
41
40
31
28
23
38
38
41
38
33
38
38
27
39
33
34
38
30
40
38
33
34
40
35
33
27
27
43
27
40
34
47
37
42
28
44
35
40
37
41
25
35
29
41
40
38
45
45
34
40
36
43
49
35
35
33
39
47
43
35
35
38
46
58
41
38
34
39
51
53
48
38
45
33
56
42
49
39
54
57
58
56
41
46
44
46
63
60
50
54
43
50
45
57
51
51
62
70
56
60
59
61
56
57
51
47
51
43
45
49
55
62
50
58
50
48
58
44
46
59
56
59
63
52
54
57
48
49
54
53
43
57
51
61
48
68
48
55
60
35
37
64
59
47
64
47
60
40
39
49
45
51
48
41
43
59
40
49
45
37
56
50
42
49
57
40
49
57
53
41
41
63
60
37
42
50
47
35
49
47
50
50
47
54
57
45
38
52
57
37
40
36
47
39
35
48
37
39
42
38
44
33
39
33
43
43
35
39
29
39
53
47
39
41
31
43
40
42
34
41
30
41
33
38
34
32
44
42
34
34
30
39
40
32
22
28
42
41
33
40
39
43
37
37
40
48
33
33
33
35
26
33
39
32
25
35
35
25
34
30
40
40
27
35
34
33
26
32
42
34
38
34
36
36
24
39
30
25
28
31
30
33
39
26
22
28
33
24
27
40
36
27
26
28
19
27
29
24
28
31
31
28
34
24
20
30
26
24
25
26
22
28
30
20
26
15
23
23
15
26
25
26
26
25
29
29
24
23
24
22
21
27
17
30
21
32
32
32
26
30
21
26
33
24
30
25
16
27
25
23
21
28
28
28
20
15
25
26
24
22
16
23
37
28
28
24
23
17
31
21
18
21
13
28
24
26
21
24
19
22
26
22
26
30
29
23
18
26
18
32
24
25
25
33
29
42
30
23
37
31
24
35
34
35
31
27
40
36
33
40
35
32
47
35
25
40
42
49
45
39
53
48
53
70
45
53
56
39
38
41
54
55
69
50
52
66
64
58
71
49
68
74
63
46
66
58
84
64
61
75
64
75
61
67
64
75
76
68
60
82
79
62
78
76
63
91
76
68
63
77
61
85
66
71
71
65
70
67
59
64
65
62
59
45
81
60
57
63
53
55
53
72
70
60
46
41
56
52
39
46
52
42
34
61
35
37
54
44
39
39
44
41
29
34
40
30
41
30
29
21
25
33
38
21
21
28
21
32
24
39
24
30
13
15
32
16
23
24
24
19
23
24
22
19
21
13
18
31
19
18
11
25
18
18
18
22
15
16
16
$ROI:
43
143 193
144 194
424 531
429 529
440 544
440 545
440 549
443 544
443 553
490 516
604 1134
679 1395
690 1434
772 934
800 953
827 855
828 856
840 1946
849 1974
857 2002
872 900
880 1058
887 915
914 1083
1010 1038
1208 1258
1345 1375
1418 1448
2436 2526
3229 3279
3607 3645
6449 6521
6459 6531
6463 6535
6464 6536
6467 6539
6471 6543
6482 6526
6489 6513
6497 6521
12997 13047
12999 13049
13000 13050
