$SPEC_ID:
GAMWIN
$SPEC_REM:


$DETDESC:

$DATE_MEA:
11/26/2025 07:19:37
$MEAS_TIM:
27035.48 27542.47
$MCA_CAL:
3
1.32118272781372E+001 1.29107522964478E+000 0.00000000000000E+000
$DATA:
0 2047
0
0
0
0
0
0
0
0
0
0
0
0
0
0
0
0
0
0
0
0
0
4278
4444
4940
5553
6286
7075
7313
7201
6958
6740
6618
6597
6224
6314
6520
6889
7231
7637
8318
8819
9404
9879
9841
9853
9652
9654
9459
9923
10365
10640
11265
11855
12599
13447
14077
14581
14673
15200
15233
16109
16593
17680
19388
21488
23816
25979
27314
27804
26788
25293
22752
20562
19347
18292
17433
17300
17236
17291
17031
16454
15778
14802
13946
12903
12002
11017
10481
9986
9487
9391
9229
9088
9140
8969
8827
8778
8984
8712
8882
8408
8602
8878
8694
8702
8958
9147
9235
9352
9553
9480
9608
9453
9646
9578
9368
9216
9252
9244
9223
9334
9225
9172
9362
9292
9187
9065
9148
9023
8980
9052
8684
8891
8657
8420
8521
8436
8414
8253
8228
8073
8083
8068
8219
8033
8212
8185
8270
8364
8782
8519
8817
8929
9148
8974
9091
8863
8751
8717
8366
8482
8291
8263
8267
8093
8104
7967
8034
7886
7893
7916
7789
7845
7804
7857
7812
7722
7604
7716
7878
7973
7876
8368
8499
8961
9505
10336
10784
11593
12372
12989
13572
14385
14733
15112
15448
15084
15374
14949
14437
13896
13581
12821
12219
11615
10688
10013
9406
8666
8109
7501
7163
6713
6282
6235
5952
5761
5859
5713
5532
5510
5702
5645
5685
5639
5641
5714
5904
5913
5899
6052
6234
6316
6322
6511
6548
6630
6672
6565
6614
6511
6433
6431
6436
6385
6079
6117
5911
5738
5487
5498
5267
5071
4895
4849
4704
4573
4740
4594
4586
4493
4705
4751
5006
4933
5018
5207
5317
5465
5658
5914
5956
6239
6350
6645
6668
6755
6861
7134
7033
7131
7169
7215
7032
7068
7000
6838
6763
6598
6465
6207
6113
5780
5549
5365
4998
4867
4602
4316
4050
3889
3739
3497
3342
3187
3061
2945
2907
2802
2723
2727
2611
2531
2465
2448
2500
2462
2361
2480
2422
2431
2473
2389
2421
2383
2316
2349
2405
2308
2269
2330
2231
2286
2235
2264
2151
2154
2152
2115
2108
2215
2113
2073
2054
2156
2022
2124
2060
2070
2085
2053
2015
2059
1984
2063
2089
2056
2033
2107
2136
1996
2071
1948
2114
2104
2135
2069
2058
1984
2124
2021
2008
2087
2036
2055
2034
2093
2105
2001
2074
1989
2026
2011
1990
2065
1983
2023
2024
1934
1947
1985
2015
1995
2015
1942
2014
2050
1924
1979
2026
1959
1981
2052
2062
2050
2044
2062
2086
1992
2019
2014
2060
1887
1922
2029
1907
1950
1899
1862
1920
1887
1813
1754
1814
1767
1742
1760
1826
1737
1754
1737
1711
1811
1753
1704
1743
1734
1762
1838
1800
1880
1921
2009
2033
2173
2100
2193
2322
2266
2283
2463
2502
2590
2712
2654
2842
2987
2996
2980
3131
3249
3196
3348
3457
3472
3435
3524
3488
3576
3586
3622
3748
3713
3747
3588
3707
3767
3699
3703
3722
3643
3681
3488
3495
3420
3253
3406
3293
3125
3043
3039
2923
2758
2833
2681
2537
2557
2385
2311
2216
2152
2125
2027
2001
1894
1846
1765
1688
1632
1522
1596
1431
1400
1420
1397
1335
1316
1307
1300
1236
1203
1202
1195
1241
1237
1238
1231
1161
1195
1182
1171
1152
1111
1225
1149
1215
1225
1075
1162
1167
1109
1236
1193
1183
1131
1157
1134
1140
1116
1213
1182
1166
1158
1218
1188
1225
1215
1217
1207
1194
1211
1234
1271
1208
1309
1212
1362
1231
1318
1253
1299
1337
1298
1318
1309
1313
1341
1414
1347
1367
1275
1249
1258
1306
1332
1355
1294
1288
1282
1246
1234
1263
1229
1257
1270
1324
1293
1265
1269
1287
1262
1285
1299
1276
1218
1202
1246
1233
1208
1252
1188
1254
1272
1298
1231
1295
1274
1227
1242
1249
1189
1226
1259
1224
1274
1173
1192
1210
1148
1227
1130
1115
1130
1134
1063
1208
1124
1151
1066
1094
1126
1126
1052
1070
1034
1068
1005
1065
1019
1056
1010
1017
1042
1062
1090
1052
1059
1077
1076
1059
1070
1097
1045
1017
1067
1070
1089
1052
1113
1074
1043
1100
1113
1051
1108
1121
1143
1134
1142
1141
1191
1183
1188
1104
1260
1225
1237
1221
1376
1381
1301
1392
1340
1385
1392
1400
1458
1398
1513
1512
1520
1473
1555
1518
1477
1538
1591
1622
1571
1578
1663
1625
1654
1562
1637
1629
1544
1646
1628
1596
1657
1561
1554
1543
1566
1550
1571
1606
1522
1565
1514
1559
1549
1477
1497
1437
1522
1538
1503
1471
1440
1473
1549
1404
1452
1418
1443
1369
1460
1433
1411
1465
1396
1381
1340
1391
1397
1352
1357
1347
1265
1315
1283
1222
1265
1173
1137
1202
1164
1118
1063
1105
1063
1067
1039
1008
1051
1042
955
964
987
951
939
889
899
853
889
855
820
870
817
817
796
773
776
789
808
747
808
735
788
754
761
783
807
747
827
733
722
751
753
755
727
779
758
733
756
740
777
719
796
760
825
779
793
801
783
821
817
807
826
846
830
851
830
810
863
869
861
897
976
884
930
942
911
913
917
920
945
967
903
998
997
1030
988
938
1013
1012
985
978
1048
1024
922
1015
1023
1056
971
998
1037
1036
1026
1088
1018
985
966
1015
1000
967
1000
985
992
942
979
988
969
944
878
846
898
927
909
888
827
877
843
834
893
810
870
834
787
811
795
776
816
753
721
724
749
760
784
728
699
716
740
705
718
735
676
713
721
673
646
690
652
663
646
675
647
620
624
681
643
654
657
587
596
553
595
582
635
609
575
590
602
600
590
556
592
533
555
571
570
561
568
533
547
530
544
506
550
506
521
503
532
460
502
498
445
470
441
501
496
483
455
479
462
473
483
477
435
449
425
419
403
420
416
420
404
398
413
402
397
384
350
386
393
400
358
367
339
352
349
364
341
334
344
369
334
335
347
348
335
337
329
325
346
353
344
343
332
330
321
349
314
313
352
313
380
319
348
340
364
380
321
362
348
333
361
388
390
374
368
336
393
421
421
430
420
424
464
454
448
414
454
462
525
473
498
494
535
563
556
595
584
620
626
614
683
743
692
755
823
845
867
872
913
987
1050
1087
1139
1197
1139
1226
1327
1291
1389
1474
1449
1551
1613
1592
1710
1736
1792
1837
1847
1916
1934
1985
2026
2052
2098
2147
2145
2159
2207
2255
2268
2290
2373
2251
2281
2327
2321
2310
2400
2414
2361
2393
2268
2229
2139
2146
2062
2090
2073
2053
2018
1971
1839
1783
1894
1899
1737
1718
1622
1520
1599
1499
1491
1388
1392
1282
1230
1233
1148
1147
1091
1066
1016
977
935
892
858
753
786
769
705
660
635
624
626
539
594
528
469
519
481
480
385
419
358
414
400
351
356
341
370
366
317
339
290
315
310
318
302
293
324
264
293
255
263
275
258
264
243
257
233
286
247
218
296
277
240
245
252
228
266
244
246
235
272
246
255
244
235
237
237
263
236
232
245
262
252
250
218
229
223
248
236
216
236
189
228
216
200
197
222
216
218
208
209
195
198
200
193
199
198
167
185
183
190
196
177
192
194
184
196
186
183
195
170
173
191
172
185
151
184
174
157
153
173
172
156
163
159
167
166
181
172
185
173
185
153
184
165
183
187
194
202
192
186
206
197
235
223
175
188
187
207
220
244
201
237
230
213
243
239
248
233
249
247
258
268
281
285
250
281
286
313
296
253
297
308
300
285
279
277
349
277
328
295
282
307
298
308
286
292
305
266
290
288
282
275
327
271
268
276
283
282
267
263
271
240
226
217
216
222
239
241
246
224
194
232
205
223
205
207
234
203
164
212
172
204
153
192
189
191
189
177
170
177
177
149
157
162
146
156
145
150
152
143
140
148
121
162
161
138
144
132
119
134
127
135
138
110
133
124
99
132
126
122
124
108
124
133
129
116
146
127
125
130
116
120
132
113
101
97
82
113
97
96
127
113
134
103
100
101
122
105
105
88
110
113
81
98
94
81
90
90
93
89
82
107
96
90
90
83
92
77
105
94
98
90
90
69
101
91
77
88
66
78
86
69
92
79
90
64
102
78
91
81
63
86
86
102
83
78
77
90
78
67
68
78
78
77
73
79
90
70
88
93
78
90
72
80
84
85
77
79
90
73
65
101
89
59
81
71
73
78
72
79
69
78
77
89
79
95
79
66
85
60
88
82
77
62
63
75
86
90
82
88
88
86
88
99
90
73
94
85
77
81
61
108
105
114
105
92
100
89
109
102
94
107
115
109
94
114
111
125
101
120
106
124
117
141
120
125
148
145
126
126
157
132
140
135
139
132
130
131
143
136
146
141
143
133
151
132
141
146
156
118
138
161
136
155
161
151
168
141
140
157
127
138
126
164
150
135
154
140
131
157
130
123
121
129
165
139
146
158
128
123
127
171
123
133
133
136
138
116
153
145
135
140
139
132
140
136
135
151
120
140
126
157
138
155
131
141
142
124
126
115
135
129
141
113
123
135
126
132
117
130
135
131
102
115
104
125
129
115
130
116
120
113
133
120
104
130
113
131
97
126
95
113
111
108
101
108
107
97
112
94
102
92
98
94
103
98
96
116
116
107
82
93
75
91
93
93
78
111
78
120
80
87
79
88
71
87
75
99
110
93
89
95
81
87
74
91
96
84
94
94
84
76
80
76
72
86
80
66
73
79
72
71
82
74
84
94
84
61
90
68
81
69
65
62
73
61
66
64
74
78
71
62
66
56
58
61
69
50
70
54
71
69
54
59
59
76
77
68
64
50
53
57
52
59
60
42
78
56
59
53
49
72
65
50
52
58
65
49
61
43
50
58
57
60
48
60
57
54
48
51
71
44
44
60
46
67
53
52
45
55
43
54
55
57
53
45
49
53
46
44
49
59
49
42
42
38
50
51
49
51
54
57
32
42
43
42
48
42
47
50
39
45
33
50
37
46
52
36
38
41
39
51
45
39
44
48
43
52
52
47
47
61
63
50
53
56
55
53
64
70
60
82
70
74
72
58
92
84
64
80
79
77
96
107
112
99
97
111
129
126
111
115
104
136
125
134
112
136
144
163
166
168
152
138
164
157
171
178
197
151
182
200
217
187
178
195
191
208
197
200
196
207
207
215
217
221
212
218
207
198
202
204
208
199
223
228
183
218
176
178
191
202
177
199
176
188
185
195
172
173
154
176
173
173
172
165
159
161
135
169
143
159
145
137
137
149
133
118
118
104
106
114
121
114
102
95
92
102
109
111
93
95
108
92
83
77
76
79
73
83
68
67
65
71
65
66
62
62
67
64
69
67
49
49
57
44
43
49
38
46
39
47
49
46
50
45
43
40
26
44
47
33
56
50
27
$ROI:
43
143 193
144 194
424 531
429 529
440 544
440 545
440 549
443 544
443 553
490 516
604 1134
679 1395
690 1434
772 934
800 953
827 855
828 856
840 1946
849 1974
857 2002
872 900
880 1058
887 915
914 1083
1010 1038
1208 1258
1345 1375
1418 1448
2436 2526
3229 3279
3607 3645
6449 6521
6459 6531
6463 6535
6464 6536
6467 6539
6471 6543
6482 6526
6489 6513
6497 6521
12997 13047
12999 13049
13000 13050
