$SPEC_ID:
GAMWIN
$SPEC_REM:


$DETDESC:

$DATE_MEA:
11/11/2025 07:20:22
$MEAS_TIM:
27279.83 27923.13
$MCA_CAL:
3
1.32118272781372E+001 1.29107522964478E+000 0.00000000000000E+000
$DATA:
0 2047
0
0
0
0
0
0
0
0
0
0
0
0
0
0
0
0
0
0
0
0
0
6306
6722
7360
8530
9423
10501
10766
10733
10504
10323
9908
9780
9613
9505
9533
9672
10368
10751
11480
12402
13298
13578
14027
13936
13441
13225
13336
13854
14547
15251
16352
17406
18580
19690
20572
21452
22247
22774
23466
24136
25486
28029
30627
34530
38203
41755
44027
44227
43107
40443
36993
33138
30859
29096
28772
28710
28381
28442
28072
27248
26184
24059
22906
21332
20154
18554
17609
16821
16702
16119
15968
15760
15727
15821
15553
15634
15335
15248
15223
14792
15092
14985
15025
15589
15741
16172
16413
16502
16899
17083
16885
17184
16944
16888
16478
16373
16237
16272
16310
16024
16072
15889
15960
16025
15633
15675
15643
15837
15324
15317
15071
14873
14800
14712
14714
14505
14175
13986
13878
13845
13917
13886
13717
13850
13526
13877
13893
14180
14271
14381
14855
14594
14647
14510
14781
14721
14561
14122
14358
14101
14105
14031
13823
13924
13748
13685
13908
14049
14182
14266
13987
14051
13870
13787
13931
13655
13899
13735
13583
13933
14114
15168
15465
16586
17713
18847
20132
21849
23435
24870
26361
27308
28159
28697
29018
28509
28345
27804
26726
26053
24796
23334
21821
20347
19046
17659
16264
15081
13868
12806
11991
11358
10800
10175
9892
9729
9466
9199
9361
9338
9462
9252
9266
9280
9238
9325
9471
9465
9529
9635
9810
9801
9843
9894
9976
9829
9844
10016
9978
9685
9827
9567
9450
9340
9167
9046
8832
8864
8538
8298
8187
7934
7735
7743
7680
7595
7629
7495
7584
7706
7714
7853
8063
8294
8586
8689
8902
9134
9490
9599
9755
10262
10101
10387
10448
10695
10704
10644
10619
10799
10614
10588
10378
10176
9880
9765
9378
9228
8846
8838
8312
8016
7740
7470
7082
6639
6494
6065
5741
5630
5310
5149
5005
4785
4604
4532
4302
4287
4240
4234
4106
3937
3962
3892
4017
3965
3987
3891
3920
3800
3787
3844
3788
3755
3797
3776
3786
3687
3673
3633
3646
3697
3666
3528
3585
3634
3306
3483
3473
3477
3408
3442
3485
3382
3289
3256
3313
3350
3434
3338
3390
3331
3329
3397
3416
3369
3386
3383
3403
3434
3409
3398
3483
3480
3395
3457
3494
3439
3480
3494
3406
3496
3432
3532
3395
3472
3458
3354
3473
3359
3339
3388
3368
3326
3217
3382
3396
3201
3266
3295
3302
3361
3384
3422
3274
3405
3311
3396
3410
3444
3436
3527
3508
3512
3452
3443
3513
3530
3560
3375
3443
3280
3477
3315
3238
3305
3294
3173
3089
3065
3036
3090
2999
3002
2989
2940
2963
2963
2750
2943
2894
2900
3111
2860
3113
3102
3166
3195
3315
3327
3401
3514
3677
3648
3909
3883
4083
4211
4324
4358
4520
4764
4878
4835
5050
5166
5331
5414
5393
5524
5520
5720
5887
5804
5863
5959
5879
5915
5937
6014
5954
5833
5737
5780
5575
5673
5684
5581
5409
5343
5286
5173
4981
4847
4879
4681
4494
4404
4334
4200
4056
3872
3756
3669
3585
3468
3303
3206
3162
2977
2897
2910
2696
2653
2506
2570
2481
2354
2294
2247
2216
2224
2127
2003
2098
2039
2082
1878
2011
1913
1965
1958
1870
1840
1928
1845
1806
1928
1805
1849
1857
1801
1852
1873
1844
1842
1782
1748
1890
1860
1871
1836
1911
1861
1983
1882
1820
1943
1956
1941
1911
1911
1986
2064
1980
1965
2053
2112
2017
2094
2092
2081
2047
2108
2097
2127
2214
2224
2205
2150
2191
2098
2208
2212
2229
2170
2177
2137
2172
2165
2045
2128
2131
2063
2136
2187
2050
2066
2016
2121
2130
1905
1945
1946
2118
2037
2093
2044
1951
1962
2005
2020
2037
2091
2063
2042
2022
2060
2046
1884
1977
2010
1926
1979
2004
1997
1981
1904
1910
1840
1890
1851
1918
1921
1784
1804
1853
1772
1812
1825
1792
1736
1824
1759
1716
1650
1782
1682
1664
1627
1730
1696
1637
1606
1712
1626
1688
1724
1642
1665
1632
1684
1678
1634
1746
1774
1680
1710
1610
1663
1634
1771
1682
1797
1751
1718
1763
1742
1754
1793
1813
1845
1860
1871
1867
1898
1868
1884
1934
2028
1971
1964
2125
2087
2078
2168
2251
2241
2272
2358
2247
2415
2388
2385
2543
2492
2577
2623
2730
2629
2776
2646
2821
2802
2746
2876
2821
2917
2869
2863
2815
2800
2856
2942
2676
2824
2734
2899
2733
2712
2726
2808
2859
2641
2642
2713
2802
2747
2641
2583
2510
2622
2624
2639
2603
2590
2401
2491
2600
2504
2599
2479
2548
2495
2434
2482
2445
2374
2453
2403
2393
2355
2273
2356
2257
2391
2262
2152
2116
2215
2108
2094
2153
2028
2068
1955
1840
1863
1839
1873
1735
1684
1641
1585
1585
1520
1534
1537
1488
1409
1354
1395
1371
1342
1291
1243
1235
1282
1173
1176
1125
1083
1124
1206
1107
1147
1071
1097
1079
1032
1037
1044
1062
1042
1069
1075
1079
1079
1055
1058
1085
1063
1080
1017
1077
1039
1077
1098
1063
1056
1031
1092
1084
1122
1107
1171
1126
1101
1150
1164
1141
1142
1163
1188
1194
1184
1180
1226
1232
1226
1270
1256
1272
1236
1272
1229
1234
1311
1300
1276
1347
1327
1365
1295
1321
1380
1322
1333
1335
1375
1289
1384
1373
1371
1343
1338
1399
1335
1357
1380
1288
1314
1365
1264
1295
1298
1268
1341
1204
1306
1252
1218
1230
1265
1294
1185
1211
1188
1162
1195
1194
1141
1188
1122
1144
1135
1096
1038
1058
1065
1041
995
1052
967
1004
1023
1002
979
982
964
966
1033
903
979
993
962
943
970
924
882
922
930
887
917
886
842
869
861
872
810
884
828
849
808
851
836
792
804
812
767
772
815
803
826
764
818
770
778
729
738
738
764
776
748
708
747
724
731
696
683
708
693
714
671
656
697
645
725
635
697
645
656
609
611
723
634
626
620
622
579
582
625
597
583
539
592
573
605
556
562
593
523
576
541
516
495
528
516
545
492
515
481
501
516
530
506
491
463
516
542
507
495
473
478
466
476
481
471
492
466
476
452
470
474
452
487
471
492
499
460
477
502
511
479
476
498
520
489
557
533
524
491
557
553
550
592
577
608
588
560
596
638
607
616
648
664
688
677
668
683
764
814
771
782
863
829
856
902
990
1029
994
1076
1122
1143
1204
1234
1338
1306
1368
1340
1507
1544
1546
1717
1691
1766
1863
1870
2007
2068
2076
2177
2145
2274
2346
2401
2392
2505
2516
2582
2659
2635
2621
2699
2692
2692
2870
2823
2774
2839
2926
2844
2793
2815
2823
2842
2849
2830
2738
2778
2748
2658
2672
2617
2561
2458
2435
2379
2348
2376
2176
2148
2160
2020
2069
1934
1917
1792
1766
1693
1634
1565
1548
1495
1442
1327
1316
1289
1255
1178
1127
1079
1098
1047
1023
980
888
872
878
744
805
734
800
736
705
664
614
657
600
595
584
581
616
544
537
562
474
506
516
551
505
466
480
461
486
434
483
427
469
499
433
480
458
440
457
440
438
453
455
440
450
432
486
437
455
454
441
470
427
417
456
456
453
462
433
436
421
420
457
446
451
452
418
421
428
411
411
389
391
368
375
356
406
417
394
402
364
374
392
360
373
361
380
381
349
338
333
349
362
301
286
331
339
311
307
317
297
337
331
282
288
299
296
293
307
296
293
279
274
283
271
291
266
230
246
301
288
265
258
283
259
286
249
277
304
287
259
272
293
262
263
314
269
331
297
291
304
295
299
336
331
314
349
342
382
318
347
325
335
368
347
378
361
383
379
359
368
378
356
394
396
385
408
394
380
385
406
411
429
423
392
372
436
417
350
402
385
395
348
372
412
394
374
382
360
363
381
367
370
367
371
348
348
333
347
353
330
359
304
339
277
315
306
296
309
334
288
292
293
241
259
258
264
271
276
272
258
271
267
230
246
239
260
244
228
219
230
241
237
227
227
218
223
224
225
211
225
202
248
228
197
200
207
214
205
176
202
214
173
168
185
200
187
207
161
199
180
200
191
190
186
183
174
211
183
188
190
193
194
175
181
189
164
185
170
179
171
178
192
175
163
186
194
167
170
167
150
147
174
168
165
173
163
166
159
190
141
157
197
181
170
151
168
154
137
161
149
146
146
156
162
158
148
165
151
141
143
158
155
155
144
187
144
155
169
147
143
142
147
149
154
142
142
121
153
144
148
141
134
149
158
155
154
166
164
140
158
130
154
146
157
147
149
163
159
139
134
139
147
138
146
159
132
141
129
143
137
149
157
165
154
138
150
149
140
171
184
160
152
164
170
166
175
177
158
173
165
190
176
172
157
197
184
200
158
182
182
177
175
172
176
200
214
187
208
239
209
233
215
219
215
205
206
241
238
264
219
269
237
236
248
249
273
258
238
248
269
245
273
289
265
262
277
283
255
269
317
274
293
252
269
263
234
270
253
256
270
282
285
269
257
277
260
240
261
259
254
294
233
261
265
265
262
267
272
252
254
260
232
261
231
266
274
262
249
253
255
257
221
232
255
224
220
228
245
227
238
243
216
221
195
230
228
208
224
228
199
219
226
206
197
227
239
230
230
220
258
239
204
214
215
213
220
220
204
219
220
210
207
219
188
218
204
226
245
210
203
180
216
199
190
224
185
200
192
196
202
198
223
194
190
199
181
189
182
178
201
182
178
172
170
187
184
214
188
186
188
185
168
187
207
202
170
156
177
197
178
157
171
160
169
182
193
199
170
149
179
189
157
141
168
135
158
154
152
130
151
143
155
138
140
165
161
146
160
171
142
143
144
158
137
135
141
124
146
138
114
106
136
133
150
133
145
125
140
122
146
120
124
134
112
108
111
133
134
121
126
116
119
132
122
137
100
124
111
105
116
109
103
100
107
100
90
114
126
105
114
133
90
104
115
108
111
94
97
82
82
97
98
95
111
100
101
99
102
97
115
100
94
105
95
78
77
91
75
75
92
84
92
88
93
94
99
98
85
101
77
83
75
75
85
79
86
74
69
85
84
91
96
88
80
93
87
80
90
94
72
80
82
72
77
88
86
91
94
84
91
103
94
99
99
92
113
107
90
99
116
136
126
124
128
138
128
136
149
134
141
181
189
202
208
179
175
209
234
195
222
223
228
264
246
297
275
298
289
282
303
259
304
311
310
340
318
317
350
338
382
361
400
397
397
387
368
376
422
419
386
432
412
434
412
421
406
448
408
485
451
421
381
428
443
454
452
413
468
447
463
441
418
441
407
422
387
398
427
378
401
387
399
378
368
386
366
346
380
335
358
311
311
380
293
321
324
284
291
288
277
255
258
222
255
247
260
234
213
220
220
224
188
158
217
210
215
181
183
193
186
155
168
145
149
125
146
125
147
152
141
128
117
109
109
138
121
108
118
96
127
106
86
87
95
97
93
99
92
98
80
71
73
71
80
82
68
63
71
65
74
$ROI:
43
143 193
144 194
424 531
429 529
440 544
440 545
440 549
443 544
443 553
490 516
604 1134
679 1395
690 1434
772 934
800 953
827 855
828 856
840 1946
849 1974
857 2002
872 900
880 1058
887 915
914 1083
1010 1038
1208 1258
1345 1375
1418 1448
2436 2526
3229 3279
3607 3645
6449 6521
6459 6531
6463 6535
6464 6536
6467 6539
6471 6543
6482 6526
6489 6513
6497 6521
12997 13047
12999 13049
13000 13050
