$SPEC_ID:
GAMWIN
$SPEC_REM:


$DETDESC:

$DATE_MEA:
12/03/2025 07:20:38
$MEAS_TIM:
27284.93 27690.47
$MCA_CAL:
3
1.32118272781372E+001 1.29107522964478E+000 0.00000000000000E+000
$DATA:
0 2047
0
0
0
0
0
0
0
0
0
0
0
0
0
0
0
0
0
0
0
0
0
1744
1851
2040
2231
2455
2638
2670
2623
2646
2574
2506
2371
2440
2376
2418
2479
2606
2670
2868
3101
3217
3314
3381
3284
3279
3211
3231
3264
3384
3581
3862
4065
4125
4471
4674
5021
4895
5041
5150
5393
5569
5776
6272
6835
7330
7638
8422
8197
8173
7625
7105
6519
6175
5802
5733
5578
5572
5512
5433
5478
5109
4942
4667
4302
3984
3776
3567
3454
3409
3290
3312
3219
3161
3214
3204
3223
3217
3220
3121
3180
3143
3065
3230
3165
3197
3321
3194
3363
3300
3331
3326
3383
3321
3353
3294
3175
3284
3249
3192
3187
3184
3275
3282
3189
3304
3281
3146
3237
3094
3159
3220
3117
2968
3005
3050
2936
2999
2880
2916
2939
2895
2912
2928
2846
2847
2940
2934
2977
3014
3111
2956
3111
3138
3220
3094
3113
2969
2944
2981
2992
2956
2869
2914
2822
2786
2813
2728
2800
2776
2697
2768
2696
2695
2645
2767
2619
2620
2633
2686
2639
2741
2852
2949
3150
3219
3396
3447
3804
3932
4151
4323
4505
4551
4599
4840
4790
4660
4559
4264
4242
4085
3950
3839
3499
3304
3196
2998
2861
2646
2478
2362
2233
2241
2162
2182
2017
2007
1969
1964
2000
1971
1970
2038
2031
2086
2054
2039
2148
2065
2230
2088
2214
2276
2339
2298
2314
2252
2209
2308
2284
2305
2237
2285
2188
2084
2022
1952
1940
2006
1953
1813
1766
1710
1715
1716
1622
1584
1555
1697
1626
1575
1660
1684
1762
1726
1821
1842
1871
1924
1996
2021
2082
2296
2150
2261
2274
2321
2301
2309
2401
2380
2390
2345
2369
2356
2376
2259
2183
2124
2094
2009
1925
1867
1785
1700
1656
1559
1552
1431
1403
1321
1279
1134
1149
1115
1093
1060
1047
964
1050
917
966
956
950
948
880
896
920
907
936
1004
845
901
885
878
883
858
867
872
853
885
838
891
811
866
863
850
803
849
836
852
813
816
784
800
798
773
800
751
785
786
817
785
769
760
752
785
792
784
806
794
802
768
738
787
788
774
747
716
813
742
841
829
789
753
748
719
742
759
749
707
730
772
746
720
765
782
727
767
724
704
777
746
764
763
722
741
768
731
770
766
740
726
776
766
742
745
733
754
725
714
751
733
742
725
753
674
665
713
717
715
670
645
680
662
643
629
662
595
662
641
634
614
634
673
622
668
687
665
710
713
702
717
707
723
764
815
783
796
826
841
889
860
930
928
939
992
1035
1022
1092
1083
1047
1066
1155
1118
1167
1171
1114
1183
1175
1220
1165
1180
1163
1246
1246
1242
1210
1244
1135
1158
1210
1205
1176
1046
1116
1127
1029
1034
1008
1007
1008
916
952
902
832
860
844
765
781
728
741
692
684
678
598
651
588
597
619
521
515
528
506
502
473
489
495
482
491
451
440
442
440
479
441
465
407
474
422
433
426
447
437
474
459
438
441
460
454
477
443
476
420
457
385
479
448
442
456
410
426
440
469
461
497
456
445
421
479
477
472
480
444
459
515
476
464
500
458
467
504
522
499
487
491
498
502
463
490
487
476
458
448
453
483
475
465
506
517
497
466
495
472
503
517
499
481
470
486
464
440
478
467
470
451
477
452
495
488
506
467
427
459
494
464
514
479
460
472
429
456
475
420
438
460
434
428
452
475
424
447
429
443
424
438
403
425
430
417
422
406
432
429
438
390
411
395
377
409
404
399
406
406
384
412
410
415
389
402
393
429
365
405
377
415
435
389
395
440
411
437
419
424
419
418
432
417
416
450
438
412
440
435
424
423
454
437
452
482
472
512
515
502
496
503
509
497
510
512
522
537
524
521
572
548
522
516
566
547
567
520
548
553
564
564
520
567
541
528
521
522
556
527
553
520
581
507
526
502
502
522
507
492
511
509
520
512
552
547
557
495
503
511
540
550
525
516
515
513
497
547
489
512
519
461
496
483
472
440
451
434
441
447
419
439
426
435
409
409
387
426
363
405
416
342
394
388
380
364
336
376
390
350
338
343
349
349
323
337
338
329
333
329
333
337
354
303
310
338
338
336
346
309
294
323
310
306
331
314
337
320
339
349
321
320
315
312
307
357
304
320
311
354
340
337
319
310
304
350
351
303
336
370
327
352
357
335
381
362
355
360
372
385
359
342
402
365
371
413
363
377
424
433
405
426
401
404
412
417
419
420
408
419
407
417
428
400
414
410
408
397
367
378
392
414
370
397
389
374
368
360
388
382
354
375
367
364
350
372
344
407
368
364
369
340
340
339
343
333
316
300
328
333
312
344
336
318
303
318
337
315
294
339
320
331
307
291
285
282
267
277
256
281
252
257
289
279
276
275
250
273
266
263
245
250
251
242
245
225
243
217
250
235
209
222
207
244
220
227
228
232
199
223
203
205
247
226
234
214
235
187
214
199
216
177
214
187
186
180
201
175
210
196
151
166
166
161
174
163
145
152
180
159
155
173
160
162
152
147
177
156
150
154
150
148
154
153
135
137
158
131
129
129
125
145
132
156
120
133
154
127
116
145
155
134
130
134
131
137
133
138
131
134
154
116
126
120
133
143
144
146
149
121
125
137
113
135
149
153
144
152
194
147
157
161
158
153
166
177
174
171
174
202
210
204
200
220
202
220
220
243
250
276
243
271
278
332
321
338
347
330
380
420
417
439
452
518
527
498
582
571
585
606
612
647
689
722
723
741
796
860
776
860
946
914
877
924
906
979
1032
1002
980
981
1032
980
1051
937
1076
1078
1021
1085
1067
1089
1068
1096
1033
1054
1032
1014
965
954
904
949
928
883
906
875
862
856
810
774
757
769
702
721
671
675
647
604
571
530
508
525
529
481
469
441
411
400
382
365
346
322
318
282
269
295
276
265
244
204
204
192
187
213
168
169
140
175
179
161
154
145
144
118
118
115
113
127
100
95
102
108
107
114
93
94
85
98
93
86
82
94
94
67
69
89
91
99
89
83
88
96
84
77
76
76
82
83
80
77
82
79
71
86
66
78
77
76
82
72
80
71
79
78
76
69
85
67
73
78
65
81
67
52
77
65
62
61
61
88
63
77
76
60
62
58
62
59
43
73
64
52
60
58
68
66
46
66
58
64
65
55
61
55
49
56
54
53
68
62
65
57
56
66
66
52
55
76
68
58
61
54
55
71
57
63
66
61
55
79
72
61
59
76
71
58
67
72
92
87
79
81
76
68
85
96
82
76
83
99
90
104
92
109
90
102
92
94
121
97
106
85
103
110
106
96
92
108
108
97
104
95
100
100
115
86
87
116
89
95
86
80
92
98
90
82
77
76
71
85
74
89
72
67
75
93
65
79
72
73
83
76
73
69
59
69
71
65
76
59
69
71
58
54
75
62
54
54
57
52
56
41
45
67
63
42
47
53
52
55
61
49
58
45
40
47
44
38
39
51
39
30
37
50
46
44
42
43
38
45
37
47
39
38
32
39
37
38
31
39
39
48
34
43
37
26
33
28
32
38
35
34
38
42
34
40
38
42
44
29
29
29
34
40
38
19
38
40
24
29
30
36
39
27
26
28
38
33
32
30
26
25
30
17
35
33
28
23
37
44
25
42
30
30
36
34
27
30
21
30
19
23
22
33
25
19
27
27
32
24
27
31
23
30
28
26
28
38
29
27
21
27
26
42
30
32
30
25
18
27
25
26
17
27
21
27
28
28
25
21
19
24
20
34
25
33
24
25
24
25
27
29
26
28
27
34
27
32
29
22
30
18
24
44
30
27
29
33
18
29
41
28
29
22
30
29
24
31
39
28
40
45
31
35
34
46
37
40
32
33
46
45
42
44
40
33
42
44
53
36
40
41
37
40
41
58
42
42
49
29
39
38
53
42
44
47
51
42
40
45
45
46
33
43
46
43
51
54
57
39
52
53
49
42
59
35
47
38
46
41
48
56
51
29
38
42
39
41
43
41
39
43
32
39
50
46
42
34
44
45
51
43
50
39
35
50
44
44
35
40
43
44
41
44
40
44
41
37
37
41
46
37
31
46
56
41
36
34
30
37
43
35
32
35
36
35
37
38
39
34
38
43
40
32
30
35
31
33
45
41
43
36
36
29
47
34
22
25
32
34
34
32
22
43
26
33
24
22
39
44
22
32
37
29
29
36
27
26
28
24
31
23
26
33
31
30
34
27
29
23
21
22
34
32
30
27
31
25
15
28
26
33
20
25
25
32
34
28
23
19
17
24
23
23
23
31
24
31
20
19
23
22
20
24
27
18
16
24
17
24
27
16
25
22
19
16
15
14
24
13
19
26
24
26
33
12
25
25
19
18
24
18
25
26
23
22
23
16
24
21
18
36
16
16
16
14
26
17
15
19
22
14
14
15
20
16
21
24
23
18
21
23
17
17
21
13
16
10
16
15
15
22
21
10
24
15
19
20
11
20
18
16
10
17
12
23
21
11
15
10
19
8
17
13
20
14
13
20
15
17
18
11
11
13
13
21
17
20
18
18
11
22
9
11
10
19
20
23
17
20
17
21
17
27
21
14
17
19
26
32
13
23
30
20
28
28
24
28
37
34
37
26
25
34
29
32
24
37
36
38
35
48
45
32
41
30
56
50
41
46
65
44
69
44
52
58
33
68
51
53
70
55
53
57
53
55
47
47
67
56
54
66
71
49
60
51
76
51
59
55
57
71
57
65
48
44
54
50
53
53
69
51
60
44
50
46
51
50
59
53
48
50
55
60
36
42
40
43
40
53
38
42
51
46
45
28
30
36
34
37
25
38
38
30
27
31
29
24
25
25
32
29
36
31
24
22
21
23
17
27
31
14
22
26
21
11
15
22
17
15
28
9
9
21
10
16
20
14
16
12
18
15
8
17
13
8
18
16
14
11
19
9
11
9
9
$ROI:
43
143 193
144 194
424 531
429 529
440 544
440 545
440 549
443 544
443 553
490 516
604 1134
679 1395
690 1434
772 934
800 953
827 855
828 856
840 1946
849 1974
857 2002
872 900
880 1058
887 915
914 1083
1010 1038
1208 1258
1345 1375
1418 1448
2436 2526
3229 3279
3607 3645
6449 6521
6459 6531
6463 6535
6464 6536
6467 6539
6471 6543
6482 6526
6489 6513
6497 6521
12997 13047
12999 13049
13000 13050
