$SPEC_ID:
GAMWIN
$SPEC_REM:


$DETDESC:

$DATE_MEA:
11/06/2025 07:45:11
$MEAS_TIM:
27402.29 27952.30
$MCA_CAL:
3
1.32118272781372E+001 1.29107522964478E+000 0.00000000000000E+000
$DATA:
0 2047
0
0
0
0
0
0
0
0
0
0
0
0
0
0
0
0
0
0
0
0
0
5006
5183
5976
6698
7655
8080
8454
8575
8368
7993
7878
7720
7526
7456
7713
7997
8431
8896
9597
10497
11279
11293
11386
11568
11042
11160
11260
11630
12036
12452
13569
14415
15165
15982
16788
17528
17838
18295
18446
18815
19788
21364
23948
26560
29133
31307
32598
32483
30945
28810
26531
24126
22462
21647
21042
20913
21097
20950
20639
19788
18896
17911
16463
15431
14277
13308
12726
12117
11742
11630
11391
11317
11114
11005
11022
10940
10621
10967
10717
10712
10600
10870
10903
11031
11122
11440
11559
11736
11889
11902
11706
11706
11741
11381
11728
11335
11472
11299
11580
11288
11128
11274
11296
11426
11348
11084
11200
11095
10985
10892
10694
10747
10408
10618
10341
10176
10067
9871
10109
9817
9836
9904
9821
9787
10091
10196
10202
10629
10612
10728
10814
10765
10785
11060
10919
10463
10479
10541
10432
10263
10091
10031
9927
9981
9707
9693
9775
9724
9617
9754
9691
9648
9621
9571
9389
9469
9546
9327
9562
9753
10132
10504
10900
11634
12444
13381
14274
15160
16174
16869
17762
18354
18796
18655
18771
18790
18412
17774
17347
16540
15729
14868
13914
12836
11943
11204
10301
9769
9148
8483
8008
7647
7438
7296
6975
6781
6710
6763
6659
6585
6674
6853
6685
6781
6889
7079
7023
7052
7194
7351
7486
7651
7542
7704
7652
7763
7495
7760
7733
7593
7572
7450
7264
7015
7079
6814
6660
6518
6305
6072
6057
5936
5767
5625
5509
5562
5451
5405
5425
5655
5749
5871
6061
6139
6204
6432
6696
6977
7045
7353
7517
7554
7835
8015
8080
8306
8287
8489
8234
8540
8436
8172
8085
8054
7814
7782
7515
7261
7062
6775
6414
6164
5877
5714
5420
4967
4884
4632
4354
4132
4031
3767
3584
3468
3445
3211
3166
3049
2953
3076
2887
2804
2922
2831
2865
2746
2737
2868
2806
2790
2802
2676
2680
2741
2681
2687
2728
2589
2669
2604
2623
2558
2615
2525
2485
2458
2612
2519
2419
2448
2345
2413
2421
2361
2369
2324
2354
2400
2272
2320
2393
2305
2371
2356
2363
2325
2442
2449
2412
2440
2481
2408
2455
2479
2387
2430
2559
2328
2413
2501
2372
2425
2459
2329
2421
2415
2357
2430
2414
2442
2355
2360
2361
2314
2272
2260
2307
2331
2338
2446
2241
2283
2361
2296
2299
2266
2314
2291
2454
2482
2370
2456
2434
2413
2382
2385
2398
2287
2377
2297
2390
2284
2275
2194
2247
2210
2155
2194
2097
2140
2096
2044
2037
2047
2020
2001
2024
1993
1977
2058
2045
2128
2015
2159
2151
2166
2217
2283
2294
2456
2442
2628
2556
2649
2777
2777
2894
2955
3097
3123
3161
3333
3529
3486
3677
3725
3740
3868
3933
3960
4039
4144
4163
4251
4204
4389
4319
4261
4316
4349
4305
4373
4217
4185
4338
4312
4188
4170
4132
4027
3967
3997
3806
3725
3713
3541
3557
3412
3239
3266
3125
3012
2919
2801
2575
2755
2463
2359
2298
2195
2148
1992
2025
1921
1905
1892
1759
1675
1709
1633
1540
1504
1519
1535
1540
1525
1477
1395
1417
1364
1432
1356
1336
1431
1325
1312
1347
1357
1284
1327
1323
1343
1317
1357
1266
1372
1339
1329
1305
1357
1311
1363
1317
1321
1323
1322
1391
1405
1358
1349
1386
1420
1369
1366
1431
1371
1406
1485
1534
1403
1490
1483
1515
1444
1431
1503
1471
1536
1465
1538
1483
1504
1504
1531
1558
1523
1481
1513
1500
1442
1535
1540
1500
1471
1417
1515
1532
1563
1527
1417
1425
1509
1505
1551
1466
1464
1447
1505
1448
1485
1440
1462
1424
1534
1486
1507
1455
1397
1484
1455
1492
1438
1366
1424
1404
1385
1397
1432
1382
1356
1373
1334
1398
1326
1322
1292
1299
1278
1264
1291
1274
1270
1270
1301
1234
1260
1202
1212
1195
1230
1221
1274
1188
1207
1272
1102
1209
1240
1193
1183
1259
1171
1223
1226
1134
1159
1212
1218
1266
1191
1179
1178
1227
1226
1262
1265
1216
1308
1266
1282
1330
1364
1325
1317
1376
1342
1329
1391
1475
1433
1419
1498
1450
1503
1496
1628
1638
1583
1585
1652
1711
1637
1704
1782
1739
1806
1828
1840
1801
1897
1840
1909
1916
1903
1873
1859
1944
1858
1918
1893
1834
1933
1908
1820
1910
1835
1857
1920
1866
1818
1762
1793
1784
1760
1783
1774
1768
1780
1734
1740
1691
1719
1759
1755
1719
1657
1763
1746
1696
1663
1694
1657
1620
1687
1642
1602
1637
1583
1622
1631
1555
1557
1532
1480
1583
1439
1516
1417
1389
1436
1378
1373
1376
1336
1311
1306
1291
1294
1187
1159
1181
1135
1130
1087
1035
1024
1045
1007
955
1023
886
878
971
903
926
951
914
920
823
841
855
814
863
866
824
843
825
811
824
755
811
765
800
833
870
789
833
817
798
771
761
858
854
829
839
823
823
848
877
842
836
794
921
819
875
881
895
847
895
902
908
917
962
923
939
981
954
942
945
937
963
1000
1017
1050
1027
1089
1015
1029
1050
1014
1034
1047
1018
1058
1026
1044
1059
1039
1130
1048
1138
1111
1069
1113
1113
1083
1033
1090
1099
1070
1080
1072
981
1059
1023
1004
1005
980
978
1001
930
934
967
966
965
892
884
875
894
859
851
878
841
861
854
860
846
826
800
811
782
820
819
785
761
824
718
762
792
746
716
749
764
729
707
693
715
747
662
713
687
688
682
657
669
664
652
686
697
670
694
653
610
653
626
603
658
669
606
618
609
634
596
606
599
615
625
642
662
636
580
583
563
564
561
563
550
550
566
546
527
534
557
526
505
510
488
501
534
504
490
509
502
482
504
484
450
506
441
443
431
420
430
417
438
453
465
446
396
414
424
410
406
422
403
390
374
381
391
392
364
402
398
362
367
368
358
410
352
368
398
383
401
360
388
376
376
364
359
364
379
358
407
408
400
422
393
366
400
380
438
410
397
435
439
427
431
463
428
474
439
490
447
462
474
530
540
486
508
523
511
558
550
575
584
577
633
655
649
718
690
729
749
764
816
796
854
942
934
893
1018
1005
1068
1110
1167
1186
1243
1265
1324
1392
1403
1511
1483
1461
1594
1653
1705
1736
1751
1883
1802
1918
1949
1906
2076
2113
2140
2110
2127
2234
2154
2187
2232
2243
2218
2302
2171
2212
2220
2232
2273
2269
2116
2176
2141
2181
2125
2081
1958
1992
1970
1918
1879
1756
1840
1792
1716
1648
1676
1617
1551
1539
1423
1290
1312
1301
1272
1219
1164
1075
1067
1003
941
978
888
886
877
825
754
785
707
649
662
683
640
612
629
533
539
545
512
502
456
487
466
422
406
444
414
384
373
362
358
403
340
370
369
302
336
328
330
347
317
334
311
300
340
301
325
322
311
333
302
313
318
320
278
304
308
311
290
293
326
288
301
276
290
303
315
320
293
265
296
284
304
282
275
279
282
303
299
264
286
271
273
295
233
263
248
272
249
234
240
245
243
255
258
239
238
228
258
249
214
193
208
229
240
219
213
230
199
220
187
215
205
229
218
193
216
232
181
191
215
210
215
185
211
211
203
205
189
219
203
188
226
188
216
229
211
214
210
237
212
232
230
207
246
208
218
228
262
224
279
253
263
252
259
228
265
285
293
289
319
293
279
314
327
325
299
299
323
325
310
352
344
314
352
333
366
375
330
344
345
345
336
373
350
340
357
328
349
323
341
312
321
320
329
352
333
306
292
261
297
310
301
298
282
284
294
308
296
252
260
251
262
255
248
252
256
235
257
210
237
242
234
229
201
208
217
203
216
191
227
191
191
217
180
198
189
173
166
177
176
199
182
181
173
190
158
152
164
189
165
165
187
142
159
173
151
138
152
165
157
150
135
153
130
135
140
159
160
141
143
156
138
132
135
132
161
143
140
141
112
148
111
146
129
125
132
144
113
123
106
96
111
119
108
117
128
119
115
125
100
101
101
103
100
104
114
121
123
132
118
133
113
96
116
97
101
115
102
105
120
106
93
127
99
105
114
108
111
113
98
99
111
100
104
90
85
93
100
99
110
97
83
106
98
99
82
99
93
85
114
102
77
97
93
107
100
93
103
96
87
75
105
92
97
100
97
92
101
112
100
104
88
111
93
102
93
101
81
125
121
117
94
102
81
89
90
81
116
102
111
96
108
108
107
92
127
111
127
121
126
110
118
111
102
122
114
128
123
110
124
117
127
122
119
126
131
156
149
144
147
148
131
171
147
160
149
138
149
155
177
170
146
171
179
162
148
157
181
166
157
174
176
172
173
165
178
186
212
187
188
192
152
194
222
168
179
172
196
160
196
172
183
204
185
181
182
194
178
156
186
170
183
180
159
163
158
156
165
167
156
197
172
176
154
174
177
150
141
163
170
151
149
166
191
157
183
153
155
160
144
155
174
145
142
160
145
155
166
159
175
139
168
160
150
154
137
148
173
152
143
145
137
152
127
137
148
150
137
120
133
132
139
124
128
112
132
135
135
134
145
126
146
158
130
135
118
133
118
124
136
126
109
126
136
137
134
129
111
115
120
117
115
119
124
99
107
135
131
137
122
120
119
130
119
131
111
117
113
118
88
97
107
114
91
109
105
93
91
103
99
101
91
113
111
99
96
102
92
85
101
102
108
90
99
85
90
106
80
95
88
71
101
82
92
98
79
83
92
88
64
85
62
90
77
80
93
71
82
67
69
75
81
76
80
83
82
86
65
73
80
62
64
67
87
62
65
75
77
70
70
71
68
62
88
69
53
75
65
67
60
66
86
69
62
68
67
55
64
61
47
57
77
72
61
51
46
65
57
65
56
70
64
55
60
58
61
62
58
53
57
58
52
58
63
85
66
60
67
56
64
57
46
46
58
55
52
51
47
59
50
57
37
49
52
56
54
43
68
48
55
60
54
52
60
76
68
63
64
66
54
76
65
68
74
84
79
66
86
93
76
78
85
100
89
82
98
104
105
127
116
123
136
119
117
134
120
137
142
141
153
170
161
153
163
169
171
171
196
213
210
204
168
221
216
211
212
222
244
245
208
204
255
232
241
243
246
244
245
260
233
263
228
283
270
250
264
253
275
270
262
266
279
301
279
266
234
271
286
262
277
239
249
256
245
248
238
235
219
230
224
220
224
232
193
216
185
196
180
188
179
183
151
184
174
170
161
157
155
134
145
135
153
148
149
135
125
129
115
102
125
102
80
110
123
87
95
90
85
95
102
97
89
96
79
74
72
66
78
70
79
69
70
76
82
57
47
55
57
51
58
64
49
49
53
51
50
42
48
59
49
39
53
52
41
36
45
40
38
52
39
37
36
45
45
$ROI:
43
143 193
144 194
424 531
429 529
440 544
440 545
440 549
443 544
443 553
490 516
604 1134
679 1395
690 1434
772 934
800 953
827 855
828 856
840 1946
849 1974
857 2002
872 900
880 1058
887 915
914 1083
1010 1038
1208 1258
1345 1375
1418 1448
2436 2526
3229 3279
3607 3645
6449 6521
6459 6531
6463 6535
6464 6536
6467 6539
6471 6543
6482 6526
6489 6513
6497 6521
12997 13047
12999 13049
13000 13050
