$SPEC_ID:
GAMWIN
$SPEC_REM:


$DETDESC:

$DATE_MEA:
11/24/2025 07:26:26
$MEAS_TIM:
27433.86 27854.91
$MCA_CAL:
3
1.32118272781372E+001 1.29107522964478E+000 0.00000000000000E+000
$DATA:
0 2047
0
0
0
0
0
0
0
0
0
0
0
0
0
0
0
0
0
0
0
0
0
2109
2182
2456
2641
3002
3232
3281
3337
3294
3107
3065
3021
2939
2967
3011
3037
3126
3404
3624
4113
4486
4645
4597
4427
4340
3992
4073
4054
4177
4476
4671
5070
5406
5655
6115
6422
6538
6579
6801
6710
7051
7625
8703
9804
10768
12049
12876
12990
12466
11676
10686
9483
8485
7883
7540
7626
7633
7518
7570
7181
6932
6393
5829
5216
4695
4212
3791
3655
3465
3162
3080
3094
3051
3126
3027
2955
2895
2969
2942
2954
2980
2845
2949
2959
2830
2990
3032
3235
3178
3236
3248
3316
3308
3222
3150
3243
3224
3225
3339
3322
3289
3286
3201
3268
3368
3270
3292
3323
3236
3216
3118
3173
3128
3126
3035
2969
2896
3026
2896
3061
2870
2887
2920
2978
3029
3025
3191
3189
3212
3466
3510
3571
3600
3688
3613
3593
3545
3563
3412
3329
3244
3128
3027
3081
3082
2891
2888
2932
2917
2883
2871
2871
2833
2764
2714
2787
2854
2781
2852
2927
2884
3105
3363
3538
3697
4051
4393
4776
5042
5404
5746
6031
6328
6453
6407
6612
6449
6140
6122
5790
5621
5329
4951
4787
4259
4080
3714
3428
3166
3078
2743
2615
2552
2433
2334
2330
2213
2187
2174
2223
2176
2187
2272
2318
2320
2416
2460
2534
2566
2737
2757
2833
2928
2967
2974
3060
3051
3022
3079
3079
3018
2990
2861
3028
2855
2735
2631
2613
2468
2372
2313
2180
2130
2012
1926
1939
1819
1895
1848
1868
1889
1953
1992
2165
2188
2236
2366
2525
2590
2754
2874
2857
3062
3139
3196
3403
3417
3409
3472
3533
3644
3601
3649
3557
3615
3499
3472
3372
3190
3111
3078
2826
2718
2579
2435
2314
2179
1960
1964
1869
1678
1473
1450
1453
1315
1252
1221
1081
1074
1051
1050
986
1029
965
939
936
937
891
893
914
983
928
907
918
868
884
856
885
822
875
843
819
855
835
817
860
808
800
768
762
715
770
798
794
724
733
734
712
769
725
759
744
776
753
763
777
768
765
725
815
770
786
808
791
776
759
804
786
794
801
735
784
807
782
784
784
760
728
808
752
778
806
761
757
725
737
800
801
783
773
785
800
797
794
822
766
732
801
758
843
794
770
812
851
818
768
834
801
781
756
820
766
762
742
784
705
769
772
702
705
689
654
681
692
641
650
682
686
674
670
676
636
732
695
751
757
725
701
742
749
852
838
830
831
915
888
938
986
1092
1039
1157
1124
1151
1214
1263
1388
1322
1365
1468
1504
1548
1522
1557
1558
1697
1648
1752
1663
1757
1705
1889
1785
1846
1796
1859
1826
1812
1974
1821
1850
1858
1800
1858
1734
1769
1755
1710
1640
1639
1631
1472
1438
1373
1321
1322
1276
1234
1099
1110
1040
928
892
920
908
787
761
739
759
745
646
658
645
587
557
577
542
568
535
510
534
538
435
492
467
429
472
469
468
406
434
442
450
477
482
457
449
449
442
455
457
478
447
433
444
425
441
422
446
468
462
485
431
480
452
505
475
489
460
453
494
505
496
442
516
541
494
509
504
487
494
505
489
543
527
539
500
532
553
529
477
503
515
497
502
514
534
531
530
502
539
554
526
520
503
497
558
545
535
507
520
473
514
516
545
549
522
513
508
539
531
526
514
495
524
497
476
415
515
464
468
495
441
467
436
451
463
461
459
496
453
449
478
456
446
410
442
396
415
433
395
445
378
413
444
355
356
406
427
391
418
387
430
354
376
417
377
391
422
372
368
415
411
396
424
455
435
426
408
413
385
415
402
431
442
423
440
431
396
460
456
435
449
482
465
482
445
482
474
525
510
521
568
518
520
529
539
589
511
580
565
567
570
601
558
584
603
632
636
608
604
669
615
625
651
631
623
612
581
617
605
603
611
568
587
583
594
550
605
561
527
576
583
558
555
563
562
544
525
634
568
546
566
523
505
504
523
518
519
494
537
536
525
494
522
490
491
489
460
510
433
404
458
483
407
397
378
389
426
355
389
414
367
400
347
333
339
297
304
325
297
294
300
287
300
281
286
305
274
274
276
252
258
246
261
245
250
230
268
240
259
223
255
271
244
248
229
264
236
227
256
232
246
223
227
210
224
228
238
252
276
235
234
248
251
277
253
286
267
264
279
290
266
300
292
302
272
321
341
324
298
329
296
312
310
318
331
348
354
355
354
357
364
352
368
361
410
342
349
371
371
378
368
398
376
407
372
384
382
346
392
399
382
338
380
333
345
339
349
364
332
302
298
298
351
301
299
274
331
253
295
254
264
274
250
220
260
228
225
267
232
256
243
227
227
218
233
230
243
206
213
257
211
192
208
216
221
216
195
215
215
208
203
212
219
196
188
199
222
227
194
212
193
194
224
199
206
199
199
204
198
217
237
216
210
203
214
208
218
204
188
193
194
212
209
194
216
194
200
201
183
206
202
186
196
193
173
179
189
197
186
191
187
176
189
171
181
200
190
166
168
150
189
174
175
164
148
168
163
130
143
146
163
163
146
134
149
146
147
129
147
153
127
151
132
152
161
128
128
148
155
142
143
129
130
147
154
148
146
153
167
143
125
154
141
163
136
162
148
128
148
147
146
146
153
143
180
152
151
158
159
183
158
185
178
166
184
195
163
188
191
188
177
183
202
189
184
191
201
202
182
203
174
202
209
195
199
210
192
217
217
227
266
255
250
224
244
243
248
252
231
278
281
252
249
281
264
264
291
264
292
307
288
310
309
315
327
310
350
347
371
348
332
319
366
333
362
345
357
328
334
363
356
315
344
361
355
350
346
342
345
338
300
323
341
324
287
314
285
314
317
313
298
293
272
281
278
284
267
257
247
245
234
214
220
219
213
203
205
222
193
178
161
173
193
171
145
169
173
162
159
142
148
139
159
130
132
164
150
152
153
135
133
125
138
147
143
113
128
145
123
130
136
122
126
109
139
119
115
119
131
131
132
129
112
117
119
127
113
132
117
123
121
122
106
140
119
109
143
133
139
109
102
106
108
134
130
112
144
121
116
116
120
119
123
130
113
101
104
111
121
120
121
113
109
99
106
104
108
100
92
104
107
115
90
90
99
90
102
106
97
97
91
105
99
84
78
110
77
80
90
83
89
87
80
87
82
85
88
98
87
86
103
78
101
90
92
81
90
70
97
93
105
109
82
111
110
103
121
103
83
113
121
92
109
118
124
124
125
107
117
125
125
131
154
156
131
142
176
152
158
161
144
173
180
165
165
150
188
190
156
149
182
165
167
170
170
175
151
163
157
177
160
176
189
182
171
172
182
169
164
147
174
184
165
172
159
141
146
137
167
160
154
142
150
149
132
132
137
138
134
133
128
126
109
117
108
114
117
114
121
113
113
108
94
92
108
109
94
91
85
90
85
86
88
83
91
77
83
80
89
78
70
82
74
77
75
81
82
77
62
78
72
65
51
56
66
87
61
60
67
57
55
75
67
73
57
63
55
55
63
49
68
58
45
71
60
59
56
59
40
57
56
53
60
69
67
48
55
52
48
45
49
51
61
49
54
47
47
53
61
53
49
54
42
53
45
44
61
40
40
40
55
44
44
43
40
44
55
46
58
59
46
31
44
46
44
48
43
27
32
42
39
51
29
32
40
42
38
53
41
32
35
40
38
44
37
43
43
41
39
33
37
36
47
39
45
41
32
36
37
40
34
32
49
38
51
34
47
42
30
31
44
53
37
46
38
37
39
42
34
50
45
48
50
31
42
34
44
34
30
35
59
45
46
45
38
35
51
43
46
46
45
45
50
45
56
42
41
53
53
52
54
49
49
50
47
39
47
66
57
54
61
53
56
62
66
66
71
58
78
65
71
77
64
56
63
61
55
68
64
72
65
65
90
62
58
61
66
77
60
72
67
77
81
58
83
68
64
66
72
82
54
58
75
82
75
69
58
78
78
63
64
64
63
69
66
66
59
80
59
57
64
71
78
69
70
53
70
63
53
64
72
70
59
65
63
66
66
50
62
60
62
72
77
69
56
58
56
57
61
66
65
65
52
66
60
64
48
63
66
61
52
47
67
55
72
53
54
56
61
60
57
58
47
53
57
63
50
53
52
61
53
51
48
43
61
44
58
41
50
50
49
54
35
45
45
45
41
39
58
45
60
33
39
40
38
51
38
47
46
35
40
42
51
38
43
43
38
34
38
50
44
45
35
44
36
42
43
50
42
39
37
45
30
35
33
36
27
40
39
35
28
34
35
34
28
40
27
40
24
28
32
33
34
37
26
30
26
44
30
36
28
30
38
31
31
27
19
39
30
38
37
29
20
33
32
32
33
22
25
32
33
22
28
27
27
29
24
29
33
38
33
35
25
30
20
34
27
20
31
28
24
40
23
20
22
27
30
23
26
18
22
19
32
21
20
27
26
23
21
32
31
20
21
35
20
29
29
24
17
28
23
30
19
31
22
16
16
23
21
25
32
16
20
29
18
21
19
17
15
27
18
16
22
16
23
25
20
25
19
22
27
26
26
29
24
27
24
26
24
19
28
34
39
24
29
36
30
34
32
31
33
34
21
35
44
42
40
35
46
32
48
45
31
55
49
47
52
43
54
55
61
48
63
51
63
63
70
56
61
63
48
74
76
70
86
68
72
69
82
88
80
74
91
87
61
93
90
100
64
103
94
73
85
79
102
75
73
92
80
74
93
90
97
96
78
104
85
59
68
87
76
76
91
75
62
69
76
83
85
63
68
83
63
59
65
66
56
56
58
58
49
70
55
40
52
57
41
52
58
47
55
45
52
46
47
40
46
41
42
35
38
43
39
34
29
30
38
35
30
37
27
30
42
36
28
21
21
22
21
23
30
24
15
24
26
18
25
25
16
26
12
23
21
21
20
20
13
17
17
16
18
23
16
15
14
14
$ROI:
43
143 193
144 194
424 531
429 529
440 544
440 545
440 549
443 544
443 553
490 516
604 1134
679 1395
690 1434
772 934
800 953
827 855
828 856
840 1946
849 1974
857 2002
872 900
880 1058
887 915
914 1083
1010 1038
1208 1258
1345 1375
1418 1448
2436 2526
3229 3279
3607 3645
6449 6521
6459 6531
6463 6535
6464 6536
6467 6539
6471 6543
6482 6526
6489 6513
6497 6521
12997 13047
12999 13049
13000 13050
