$SPEC_ID:
GAMWIN
$SPEC_REM:


$DETDESC:

$DATE_MEA:
11/25/2025 07:04:10
$MEAS_TIM:
27008.31 27408.65
$MCA_CAL:
3
1.32118272781372E+001 1.29107522964478E+000 0.00000000000000E+000
$DATA:
0 2047
0
0
0
0
0
0
0
0
0
0
0
0
0
0
0
0
0
0
0
0
0
1820
1872
2022
2249
2376
2636
2638
2704
2528
2502
2480
2459
2363
2285
2313
2445
2426
2686
2919
3306
3429
3444
3452
3337
3336
3283
3144
3258
3400
3529
3712
3944
4351
4542
4861
5010
5180
5296
5197
5467
5570
6155
6637
7609
8513
9327
9999
9980
9780
9213
8353
7301
6533
6195
5952
6050
6083
5966
5955
5588
5311
5082
4519
4083
3692
3327
2981
2821
2777
2574
2535
2594
2477
2374
2409
2358
2449
2370
2350
2327
2231
2282
2341
2286
2391
2420
2508
2488
2586
2622
2678
2646
2581
2615
2585
2526
2614
2603
2543
2552
2579
2535
2624
2594
2580
2666
2533
2577
2432
2488
2530
2432
2365
2376
2416
2418
2305
2339
2301
2228
2293
2259
2303
2307
2392
2422
2432
2497
2627
2621
2749
2823
2729
2685
2818
2757
2813
2733
2580
2597
2487
2578
2490
2478
2387
2421
2361
2341
2290
2393
2324
2328
2260
2242
2275
2333
2261
2237
2209
2348
2339
2436
2593
2805
2949
3202
3451
3732
3954
4314
4684
4775
5014
4974
5168
5200
5117
5020
4887
4610
4460
4270
4021
3622
3446
3148
2977
2682
2586
2304
2158
2061
1999
1932
1804
1806
1830
1726
1793
1765
1810
1754
1688
1793
1826
1820
1941
2037
2064
2180
2151
2249
2378
2288
2302
2302
2269
2388
2447
2448
2366
2304
2261
2192
2240
2099
2026
1988
1967
1880
1800
1607
1648
1688
1526
1575
1481
1476
1506
1564
1500
1595
1587
1703
1662
1805
1849
1958
1983
2121
2199
2307
2368
2415
2544
2606
2618
2727
2792
2686
2718
2691
2685
2784
2716
2618
2575
2507
2495
2285
2325
2222
2128
1987
1913
1793
1780
1604
1525
1310
1248
1168
1130
1057
970
958
860
853
860
840
810
748
786
751
770
755
747
760
786
744
753
738
760
731
725
730
715
714
676
672
651
680
707
652
672
679
653
649
657
640
636
600
603
646
600
613
593
636
632
645
636
675
633
608
580
591
600
637
624
596
630
651
641
663
639
631
646
645
644
633
668
695
652
630
627
644
654
632
698
624
678
646
629
624
631
636
633
616
661
651
602
670
627
661
659
655
615
682
651
694
655
657
648
653
667
662
720
657
660
692
642
659
679
632
639
677
607
594
630
599
615
594
602
559
604
560
603
570
485
563
563
584
553
561
590
571
580
591
595
654
659
660
681
703
737
759
835
801
818
837
869
886
909
948
1018
1038
1081
1067
1109
1207
1169
1205
1286
1281
1241
1306
1402
1439
1389
1367
1386
1411
1423
1451
1504
1426
1378
1472
1432
1466
1372
1408
1331
1366
1348
1267
1269
1301
1228
1180
1124
1125
1010
1051
1012
975
918
910
811
797
787
724
720
675
622
614
599
601
554
527
503
462
479
468
407
445
445
452
424
377
405
371
400
394
376
402
352
382
403
350
390
390
376
379
370
373
346
400
371
375
386
391
390
407
343
361
340
381
369
387
370
361
377
364
386
402
425
419
426
371
381
379
395
455
415
412
386
383
371
410
444
427
449
417
436
433
425
404
419
392
428
395
433
407
436
428
430
415
453
435
404
424
425
428
417
465
419
462
450
400
435
396
427
429
433
391
400
397
449
412
408
394
390
421
403
388
393
356
409
422
407
370
367
393
376
391
345
373
357
371
356
416
354
343
367
373
346
337
365
346
349
286
315
346
363
326
342
332
333
342
363
343
331
327
337
329
313
298
331
338
303
322
328
350
379
342
348
352
309
351
364
339
360
329
361
356
372
354
357
376
371
402
348
399
403
419
396
394
435
452
430
391
446
423
448
437
453
466
494
489
486
459
484
488
538
491
538
534
501
518
505
484
509
487
528
476
465
500
514
509
506
478
528
484
478
487
517
463
483
445
476
488
446
463
486
458
453
472
503
435
477
417
417
431
439
424
449
423
385
408
413
435
432
439
397
413
377
406
394
380
335
409
354
365
378
352
317
323
312
315
317
325
304
312
232
303
274
264
298
264
244
225
248
228
237
249
227
243
232
243
238
240
231
211
208
206
199
197
214
207
210
213
238
206
204
201
208
217
215
209
198
201
204
191
181
207
216
195
196
201
218
209
211
230
222
229
212
224
221
202
260
220
220
249
276
231
253
278
248
260
253
273
296
294
275
303
271
285
254
298
260
290
306
322
312
311
279
304
297
288
311
287
311
312
343
301
305
295
315
320
303
266
291
314
284
263
261
294
267
291
284
235
268
273
243
262
249
263
232
242
221
214
243
220
225
229
202
201
223
206
189
188
183
187
180
184
198
176
196
177
177
181
168
209
171
187
199
188
175
177
176
170
156
162
160
180
166
189
137
170
177
191
182
169
158
141
186
169
157
193
160
169
159
169
163
174
189
135
145
177
156
170
185
180
186
188
168
186
151
155
162
162
151
147
142
145
129
161
143
170
171
139
140
130
132
117
144
151
144
166
121
157
117
131
102
126
132
118
117
122
127
156
111
142
112
115
106
116
123
136
106
101
112
104
99
98
120
112
115
99
112
104
99
94
108
124
114
124
117
109
117
117
107
132
127
107
114
139
106
124
128
109
103
131
109
118
111
125
123
122
126
141
127
133
125
146
127
127
140
145
163
159
142
156
154
146
128
165
156
178
185
161
174
181
181
173
174
180
191
188
172
194
210
186
236
225
212
218
216
208
232
230
259
228
260
253
277
249
293
276
278
259
292
291
304
301
289
321
321
332
329
313
292
298
320
334
304
324
348
339
321
367
339
325
348
357
346
315
325
327
347
278
293
318
283
304
255
292
284
283
293
274
270
246
264
227
217
224
256
221
240
221
200
175
209
190
193
195
157
180
148
162
160
190
149
165
159
141
124
129
128
109
128
133
111
139
119
123
135
98
93
101
117
104
110
103
113
114
101
96
85
101
92
89
108
98
101
101
103
99
108
101
93
103
102
88
99
85
104
92
92
87
100
82
105
114
96
120
86
88
86
87
136
87
96
101
102
94
89
88
79
92
96
92
67
103
88
87
94
75
91
86
69
82
72
84
82
81
76
75
94
82
71
70
76
80
65
81
78
91
71
60
70
83
90
77
65
82
84
69
56
58
94
70
84
59
69
68
70
81
68
69
59
83
79
74
89
81
80
76
58
66
88
77
81
80
83
93
77
69
93
65
96
78
88
82
102
76
96
109
104
119
81
84
105
101
117
118
130
114
105
123
124
106
114
91
138
142
115
104
121
135
159
119
112
143
123
144
129
153
125
128
149
117
131
147
126
128
111
109
121
133
107
124
126
104
116
107
100
128
114
103
113
107
118
110
99
87
98
109
97
104
98
89
85
96
83
97
83
80
83
69
86
65
74
72
86
71
75
59
69
90
82
83
65
48
70
56
65
55
59
54
58
79
59
59
57
58
54
51
56
60
52
57
52
48
58
56
60
53
56
61
63
52
48
51
34
43
38
51
45
50
45
59
47
46
46
53
45
50
43
48
56
35
40
33
39
47
53
39
36
35
43
51
42
42
43
43
47
34
34
44
37
33
39
33
36
44
39
47
33
33
32
44
34
34
31
42
38
37
33
26
39
34
45
33
39
39
26
38
26
34
37
31
36
40
34
44
34
34
32
33
37
34
21
36
30
29
26
35
32
43
31
26
24
34
44
26
39
30
41
44
32
26
34
35
33
37
33
39
36
29
43
30
38
34
38
41
34
39
34
27
51
30
33
34
33
43
36
35
36
40
33
38
29
37
29
36
52
36
42
32
46
49
31
37
37
46
46
41
36
42
48
41
41
54
40
40
62
41
57
54
46
63
53
58
50
41
38
46
41
46
63
51
57
48
65
68
48
58
57
64
65
62
64
44
53
60
62
56
65
50
55
47
50
47
50
46
52
50
50
61
61
51
74
59
52
64
50
75
62
53
50
47
52
47
60
43
55
52
55
41
63
54
54
64
45
53
43
43
44
44
53
62
57
51
43
48
50
46
49
46
49
57
56
54
53
59
50
42
39
57
42
41
71
62
49
62
71
55
58
56
35
44
50
39
40
45
50
46
49
52
50
62
50
43
35
33
37
52
41
47
38
48
34
34
38
49
42
34
35
30
35
30
43
35
29
38
30
39
47
37
33
40
28
44
43
39
35
37
38
32
36
34
38
38
40
36
37
42
22
39
32
43
24
28
22
36
25
36
34
29
26
33
35
38
26
36
27
27
36
37
35
27
38
29
25
28
29
25
25
27
24
26
23
21
23
27
21
20
27
24
23
29
25
24
21
36
19
26
21
25
40
17
19
32
27
14
20
18
22
16
24
21
17
24
22
21
33
15
22
26
18
25
25
27
23
14
16
26
25
27
19
29
22
29
12
25
19
14
19
20
23
24
17
19
18
23
26
17
26
22
30
22
21
31
16
18
14
21
20
15
21
15
17
18
28
20
30
17
18
19
25
17
14
16
15
17
25
32
27
21
18
17
20
17
12
23
17
17
24
16
21
16
21
27
20
27
15
13
21
10
23
26
27
21
23
23
23
23
23
23
27
32
29
33
38
25
32
32
36
40
32
30
26
37
40
46
44
34
48
46
38
43
46
41
47
44
61
47
67
54
51
67
73
78
69
62
62
71
64
70
78
69
72
54
80
72
72
74
66
72
70
75
79
71
65
69
73
85
77
69
85
70
71
89
74
59
79
59
72
63
74
65
56
61
64
69
68
61
57
59
61
52
64
64
60
52
57
70
43
55
43
47
32
32
37
42
33
46
47
32
44
39
38
32
36
35
30
35
29
31
37
28
28
25
22
37
30
20
32
32
27
30
24
19
21
25
20
22
18
27
13
23
21
15
19
21
15
18
16
16
21
20
9
18
13
20
12
18
15
12
13
19
16
17
15
$ROI:
43
143 193
144 194
424 531
429 529
440 544
440 545
440 549
443 544
443 553
490 516
604 1134
679 1395
690 1434
772 934
800 953
827 855
828 856
840 1946
849 1974
857 2002
872 900
880 1058
887 915
914 1083
1010 1038
1208 1258
1345 1375
1418 1448
2436 2526
3229 3279
3607 3645
6449 6521
6459 6531
6463 6535
6464 6536
6467 6539
6471 6543
6482 6526
6489 6513
6497 6521
12997 13047
12999 13049
13000 13050
