$SPEC_ID:
GAMWIN
$SPEC_REM:


$DETDESC:

$DATE_MEA:
11/19/2025 07:03:35
$MEAS_TIM:
27234.02 27629.28
$MCA_CAL:
3
1.32118272781372E+001 1.29107522964478E+000 0.00000000000000E+000
$DATA:
0 2047
0
0
0
0
0
0
0
0
0
0
0
0
0
0
0
0
0
0
0
0
0
1785
1791
1971
2094
2376
2628
2641
2632
2599
2417
2434
2348
2260
2285
2377
2441
2540
2611
2826
3043
3300
3317
3369
3278
3215
3161
3242
3172
3398
3491
3815
4027
4262
4524
4738
5129
5079
5121
5055
5114
5305
5574
5971
6587
7071
7535
7956
8026
7684
7235
6608
6116
5671
5328
5239
5132
5303
5198
5085
5031
4772
4470
4264
3871
3541
3261
3095
2937
2798
2831
2811
2697
2602
2669
2710
2646
2718
2665
2582
2571
2576
2596
2554
2688
2625
2653
2704
2742
2710
2784
2867
2751
2756
2782
2736
2805
2717
2727
2747
2599
2692
2690
2765
2705
2718
2691
2704
2650
2699
2630
2660
2642
2518
2492
2560
2515
2443
2416
2401
2439
2373
2366
2471
2436
2540
2535
2608
2676
2695
2821
2663
2844
2924
2834
2833
2795
2759
2562
2696
2514
2594
2405
2438
2365
2274
2420
2335
2295
2264
2256
2306
2224
2302
2228
2285
2248
2271
2208
2268
2324
2427
2458
2431
2701
2868
3023
3167
3307
3532
3655
3788
3988
3940
4201
4030
4121
4066
3874
3771
3678
3512
3385
3199
3109
2761
2673
2523
2380
2138
2086
2046
1969
1901
1850
1877
1705
1680
1775
1711
1720
1697
1683
1802
1818
1779
1813
1771
1914
1863
1949
2044
2052
2069
2088
2070
2114
2194
2102
2086
2055
2030
2066
2057
1995
1912
1869
1847
1673
1769
1703
1674
1579
1473
1522
1483
1404
1372
1389
1380
1389
1403
1452
1511
1558
1553
1712
1686
1789
1806
1870
1931
1985
2006
2149
2128
2203
2205
2332
2317
2304
2320
2290
2322
2225
2213
2315
2155
2038
2038
1918
1941
1818
1709
1597
1502
1487
1375
1305
1343
1221
1154
1051
1067
984
961
890
894
887
869
849
866
820
831
765
782
814
756
801
802
754
788
753
742
773
725
750
803
729
753
690
765
722
711
740
674
686
677
641
694
635
723
684
683
680
640
676
605
643
661
632
604
627
632
630
639
614
649
634
607
630
609
592
619
675
629
664
657
653
661
637
654
633
645
611
608
593
613
595
645
609
560
618
611
579
652
632
596
647
643
640
645
609
585
628
633
631
612
680
633
648
588
618
603
627
632
646
664
643
632
600
609
622
616
693
586
616
572
584
541
628
572
575
539
558
612
562
533
584
560
523
517
541
592
540
531
536
565
586
572
567
624
631
647
654
653
684
701
739
737
746
792
805
773
817
851
930
872
936
938
887
1023
1015
1008
1016
1008
1099
1082
1095
1204
1140
1167
1098
1150
1173
1131
1102
1102
1138
1154
1115
1149
1091
1147
1098
1059
1042
1006
965
881
961
947
931
840
786
785
787
763
696
699
694
640
603
577
589
576
543
511
464
509
492
455
463
455
429
439
400
409
427
384
394
397
399
389
383
366
391
380
373
368
379
387
374
390
367
381
369
378
349
373
395
360
368
391
377
342
388
363
378
413
386
409
402
367
373
389
407
393
390
405
400
377
412
387
401
399
400
356
413
406
401
439
376
417
391
436
419
398
443
451
462
428
442
402
401
406
408
404
386
448
430
436
429
381
415
421
381
438
379
373
428
415
454
406
443
407
427
434
432
423
411
404
423
396
408
430
399
378
380
413
398
418
362
389
350
385
351
364
354
333
345
384
357
366
366
392
368
366
341
345
341
367
328
326
337
341
347
335
346
302
321
344
333
324
346
333
373
348
330
361
333
334
329
300
350
335
313
340
355
347
335
361
361
347
351
336
369
349
317
380
348
393
409
368
394
397
401
413
385
416
418
408
434
413
445
416
409
442
469
437
444
449
455
496
436
457
456
472
427
475
486
451
438
489
464
434
428
466
457
467
437
426
466
478
439
468
441
450
456
405
413
442
441
417
434
417
443
438
451
451
423
448
424
429
420
412
461
390
415
445
413
383
398
398
399
415
375
366
394
370
380
389
366
351
361
350
342
371
332
301
324
306
308
315
286
291
324
285
291
307
305
282
288
307
285
276
273
271
288
278
267
266
233
269
269
257
269
231
239
294
265
213
257
270
239
276
249
245
231
275
264
278
258
264
252
304
246
242
270
286
247
266
258
251
268
241
296
302
275
272
275
256
306
275
295
307
311
296
263
297
285
290
314
334
272
339
323
328
294
311
325
301
315
326
336
334
355
351
373
335
346
347
372
320
331
331
388
333
329
316
324
327
327
325
320
301
323
315
330
317
307
326
295
307
271
343
287
273
259
279
291
312
261
261
282
260
282
280
280
262
275
258
245
242
221
225
259
228
248
245
243
205
217
249
241
218
246
220
214
247
216
221
225
214
219
226
212
224
186
203
194
200
198
182
224
220
190
195
207
206
180
194
190
193
173
201
176
188
176
193
196
177
201
173
185
187
169
180
174
201
158
171
168
188
168
140
155
166
161
148
156
150
132
171
143
171
117
150
148
131
128
133
129
113
114
145
138
134
144
134
143
145
109
110
123
115
137
112
110
117
131
116
126
134
108
117
118
103
108
115
104
125
112
109
94
106
111
101
104
121
109
115
122
102
118
115
113
128
95
107
129
104
112
125
111
138
125
118
144
140
134
137
154
144
117
137
166
150
156
146
154
153
142
153
169
167
165
209
214
197
217
223
217
244
229
243
284
238
304
292
294
269
328
343
338
349
396
389
389
433
437
426
428
461
491
460
512
513
566
526
589
573
618
598
621
614
626
654
699
694
703
671
727
699
708
715
733
699
758
711
715
698
708
732
712
744
682
702
677
730
706
673
658
611
594
621
580
610
571
537
549
563
503
523
459
451
471
442
404
396
404
361
328
344
340
316
308
270
275
256
229
255
244
225
200
244
192
191
191
173
177
144
174
141
162
164
140
144
111
112
129
117
115
120
102
106
107
104
99
84
82
88
94
89
105
78
83
93
72
86
82
99
103
82
75
76
68
79
72
74
85
76
87
67
93
83
69
90
70
70
70
76
93
65
77
52
61
82
64
56
77
69
80
70
71
57
88
63
64
73
47
58
61
69
65
61
62
60
53
62
62
51
73
59
63
57
63
44
58
50
55
54
57
57
62
57
47
49
57
40
55
59
52
59
64
57
53
42
59
75
50
65
67
59
43
77
44
53
63
53
70
75
77
43
69
75
76
80
71
66
60
61
61
67
71
81
75
77
94
73
83
70
88
90
77
93
94
91
82
86
90
87
93
93
100
100
88
90
95
98
104
102
101
117
107
112
109
98
96
111
106
91
109
106
100
102
99
93
104
107
89
105
87
101
92
78
102
103
89
91
95
89
70
91
89
80
70
77
84
66
83
75
81
70
65
60
55
58
55
57
67
54
59
64
58
69
53
57
64
61
51
62
47
60
64
54
45
45
39
59
40
51
53
49
43
38
37
48
36
49
47
43
45
34
42
31
31
33
47
40
40
39
53
48
24
48
43
38
28
41
42
36
29
27
48
32
36
43
32
43
36
26
28
53
44
35
26
29
35
38
40
25
29
42
36
53
38
44
29
32
41
25
31
31
26
40
22
22
32
18
32
27
31
20
27
39
20
32
26
21
26
27
35
20
26
24
33
23
31
21
31
19
24
24
25
24
22
27
26
35
30
27
28
18
36
23
21
19
25
20
22
23
22
29
18
30
21
27
23
29
19
19
21
33
27
30
34
29
23
28
18
20
21
24
22
32
26
21
24
21
29
23
17
38
22
24
33
23
28
27
30
36
30
32
30
26
34
35
37
34
26
29
24
26
51
25
26
26
33
30
42
26
28
45
37
34
33
32
33
40
30
47
33
32
34
38
47
38
45
39
37
47
46
50
47
37
51
40
37
31
32
41
40
43
42
35
34
43
38
39
45
30
46
37
41
50
43
50
39
56
40
44
39
47
46
43
47
35
33
41
33
42
35
47
46
48
31
55
42
30
48
50
42
45
27
34
26
37
34
34
38
43
35
43
36
47
38
46
41
27
42
42
40
39
45
40
35
51
42
43
22
41
39
48
38
30
34
38
39
38
43
24
28
34
32
39
27
40
41
43
29
28
31
39
36
38
33
28
26
30
34
32
30
29
29
25
22
26
32
30
21
33
28
20
31
29
26
31
22
24
30
27
39
22
25
31
27
27
26
34
32
35
29
30
27
18
26
34
14
25
31
33
25
19
18
23
24
23
23
32
29
24
29
24
20
20
17
27
22
19
18
26
26
24
28
19
22
26
15
23
13
15
18
16
18
20
17
25
20
15
25
20
21
24
33
27
19
19
19
18
20
14
20
24
19
25
27
20
23
17
14
19
13
17
14
18
22
24
14
15
15
21
19
12
18
20
24
21
17
12
18
18
20
18
22
16
19
10
14
11
16
26
13
22
29
9
21
23
20
18
17
20
24
14
14
15
20
18
16
23
8
14
24
19
26
18
15
13
16
17
15
18
19
14
15
11
11
16
16
17
9
13
19
13
18
19
12
12
14
11
14
21
11
16
26
16
16
22
23
21
16
25
14
19
15
25
24
32
21
30
22
21
27
20
30
19
26
20
20
31
38
28
28
25
26
28
34
26
33
32
32
34
25
35
33
29
46
32
35
37
44
29
43
48
48
47
46
47
56
43
55
39
56
47
44
62
51
56
47
55
45
51
41
51
50
66
39
62
38
51
51
49
59
56
60
42
48
49
49
37
56
54
49
40
46
50
54
45
37
52
42
44
43
36
32
51
40
41
39
32
43
30
43
39
42
26
29
34
38
29
39
23
29
24
26
25
19
30
17
34
19
20
17
27
22
19
16
15
16
17
12
14
22
15
12
12
14
12
17
16
16
15
15
18
22
15
12
12
9
12
11
13
14
12
17
11
7
11
11
8
12
9
13
13
16
8
7
12
$ROI:
43
143 193
144 194
424 531
429 529
440 544
440 545
440 549
443 544
443 553
490 516
604 1134
679 1395
690 1434
772 934
800 953
827 855
828 856
840 1946
849 1974
857 2002
872 900
880 1058
887 915
914 1083
1010 1038
1208 1258
1345 1375
1418 1448
2436 2526
3229 3279
3607 3645
6449 6521
6459 6531
6463 6535
6464 6536
6467 6539
6471 6543
6482 6526
6489 6513
6497 6521
12997 13047
12999 13049
13000 13050
