$SPEC_ID:
GAMWIN
$SPEC_REM:


$DETDESC:

$DATE_MEA:
12/04/2025 14:40:51
$MEAS_TIM:
55127.35 55858.25
$MCA_CAL:
3
1.32118272781372E+001 1.29107522964478E+000 0.00000000000000E+000
$DATA:
0 2047
0
0
0
0
0
0
0
0
0
0
0
0
0
0
0
0
0
0
0
0
0
2399
2440
2587
2867
2961
3187
3413
3260
3162
3131
3042
2934
2975
2912
2990
3053
3142
3235
3448
3597
3683
3848
4052
4032
3803
3912
3892
3995
4102
4311
4615
4853
5002
5334
5566
5718
5864
6032
6168
6092
6218
6460
6829
7479
7827
8336
8476
8631
8170
7681
7069
6645
6317
5962
5753
5589
5746
5778
5703
5376
5109
4902
4718
4425
3961
3714
3580
3454
3320
3278
3078
3095
3089
3047
3025
3062
3029
2983
2976
2893
2922
2899
2955
2946
2963
3087
3017
3005
2988
3036
3164
3117
3127
3039
3096
3064
3062
3058
3044
3000
3020
3038
3112
3059
2974
2957
2948
2946
2934
2911
2893
2845
2790
2755
2724
2813
2718
2721
2686
2627
2735
2686
2617
2678
2781
2749
2722
2804
2843
2921
2935
3071
3067
3090
3062
3002
2845
2858
2821
2861
2761
2722
2600
2610
2607
2539
2567
2607
2501
2496
2636
2557
2475
2528
2507
2451
2458
2523
2463
2515
2559
2705
2670
2838
3015
3155
3226
3506
3599
3875
3920
4180
4278
4285
4259
4193
4287
4081
4134
3938
3902
3657
3488
3226
3125
2962
2701
2619
2475
2417
2290
2175
2118
2015
1983
1979
1979
1986
1911
1903
1865
1914
2005
1851
1928
1973
1932
2011
2017
1924
2029
2066
2096
2115
2195
2133
2132
2060
2169
2161
2063
2089
2089
1938
2032
1982
1921
1792
1800
1732
1680
1707
1637
1571
1623
1645
1524
1532
1555
1517
1485
1511
1575
1602
1614
1688
1734
1734
1821
1864
1914
1905
2003
2058
2073
2185
2136
2194
2091
2119
2188
2231
2143
2124
2149
2046
2038
2021
1896
1937
1886
1823
1718
1681
1595
1528
1373
1427
1391
1336
1293
1157
1111
1098
1060
1101
1035
1015
951
966
907
912
965
922
944
920
882
894
952
929
894
924
906
867
905
903
892
860
880
874
903
895
877
879
828
837
794
835
824
828
837
811
825
845
815
816
825
799
784
776
792
786
783
783
776
810
806
783
779
774
771
783
749
787
792
788
789
818
826
759
758
736
799
769
775
724
720
795
736
725
768
755
782
753
741
768
751
789
782
746
727
702
720
724
821
758
811
739
769
745
790
804
799
797
781
826
803
783
751
763
768
777
717
715
752
712
684
751
747
755
688
706
721
676
664
714
662
686
692
668
629
628
675
631
722
669
681
647
706
656
695
714
736
718
734
762
741
770
796
838
862
896
867
839
893
949
925
977
993
1006
993
993
994
1113
1135
1115
1101
1103
1106
1155
1166
1115
1095
1096
1115
1081
1145
1084
1090
1132
1070
1101
1061
1072
1061
1080
1032
984
977
968
926
950
917
877
821
838
803
768
773
716
721
731
655
662
603
616
596
582
561
594
550
569
528
512
517
487
483
485
490
502
460
469
446
502
494
488
463
447
474
434
445
457
486
469
436
484
445
447
442
447
449
485
449
453
447
466
429
492
451
490
459
486
440
457
491
464
447
475
523
514
508
511
477
463
457
482
505
498
477
524
527
464
485
511
484
521
507
488
534
499
466
445
524
495
483
489
470
468
512
449
468
526
483
465
479
494
453
456
468
511
511
471
519
503
461
517
472
460
502
483
473
500
448
459
467
462
419
464
482
442
474
422
475
466
450
435
458
427
506
441
438
418
462
444
436
407
447
387
446
427
421
414
410
429
419
421
446
401
411
383
405
411
427
402
425
427
406
444
404
383
412
440
420
437
449
437
428
433
413
395
440
444
393
411
469
393
418
409
426
465
460
435
428
437
420
418
433
463
429
511
502
489
491
503
520
541
513
486
514
543
496
511
558
526
486
516
560
518
516
532
543
499
551
542
532
529
545
511
577
539
529
509
516
510
510
517
511
487
488
535
514
503
528
527
507
513
496
514
462
493
531
473
545
508
474
477
503
464
504
512
467
502
509
491
504
469
440
482
450
445
452
433
434
414
460
439
484
388
418
384
385
463
450
405
410
393
375
403
384
406
395
344
375
371
340
366
363
370
381
344
358
349
322
347
341
328
306
324
342
295
301
303
346
310
323
312
321
299
368
358
308
337
357
299
321
323
311
326
288
329
338
307
377
350
370
319
337
378
355
407
369
357
329
345
330
370
360
367
373
390
388
394
357
367
417
361
369
375
368
424
370
396
413
395
370
385
406
417
373
412
382
371
387
386
390
385
388
380
363
431
421
393
405
369
351
425
400
357
384
362
346
359
376
356
379
340
325
339
352
322
326
326
319
363
333
314
369
362
292
347
326
327
311
325
327
308
290
294
299
301
309
277
291
323
284
291
298
275
278
253
250
272
312
286
257
300
265
288
270
282
253
261
277
234
247
275
228
248
226
209
248
235
251
228
222
209
224
218
212
195
222
220
201
233
224
193
207
207
231
215
187
184
200
198
191
189
207
173
173
176
177
189
216
192
156
173
168
173
170
172
153
174
165
172
162
164
144
145
144
168
132
148
149
147
163
157
166
158
134
153
131
139
130
128
139
140
129
121
126
139
137
133
126
145
142
152
147
141
128
143
136
122
116
138
128
128
121
131
145
143
139
155
149
139
147
154
145
154
169
135
169
141
165
132
147
145
179
162
145
202
177
187
204
190
178
208
205
203
224
197
258
259
258
239
274
276
296
322
319
326
363
389
369
423
418
440
464
456
473
488
530
550
551
578
654
593
648
716
681
731
756
716
778
833
815
879
829
829
891
895
956
934
909
954
950
933
980
1006
976
963
989
967
947
970
961
972
901
943
931
943
919
872
877
880
847
776
870
806
829
789
714
683
692
767
698
660
630
598
561
524
538
518
512
505
500
453
486
393
420
358
345
330
324
281
290
291
259
271
247
253
226
240
212
224
208
182
157
177
162
164
165
134
141
140
143
145
136
133
125
122
108
100
129
111
109
118
88
84
100
101
114
106
99
92
90
90
107
87
89
76
85
87
84
100
81
74
88
82
81
91
83
89
89
77
84
98
83
98
70
75
79
80
65
65
77
74
81
69
83
84
67
77
79
62
68
67
79
60
70
65
57
81
69
79
60
60
69
53
72
55
80
52
61
56
72
63
50
54
59
57
56
74
57
73
61
67
58
73
57
78
67
67
60
79
64
55
81
69
68
58
75
78
55
71
67
89
81
62
58
74
70
68
71
66
79
77
78
87
72
75
67
80
89
69
85
83
92
107
93
91
78
101
84
82
91
109
79
96
81
100
89
96
96
85
103
106
78
85
101
88
116
100
87
104
87
99
99
99
82
77
89
107
98
82
92
86
80
96
80
65
81
89
72
73
71
61
87
77
79
92
69
82
77
75
71
73
71
77
64
61
61
73
52
63
59
67
71
64
57
58
45
53
51
57
58
56
52
64
58
49
61
48
62
52
45
53
61
52
58
53
62
49
42
44
58
50
60
57
44
42
38
47
53
66
47
53
53
47
41
49
44
38
37
41
43
40
46
46
47
59
48
42
38
29
40
49
41
36
43
42
36
37
34
39
40
36
32
44
42
38
35
33
33
36
45
41
37
40
30
34
46
38
32
34
41
39
36
30
34
35
38
39
42
40
32
36
44
32
25
44
33
31
47
29
33
34
33
37
29
26
36
19
34
24
30
30
26
32
35
29
35
33
40
28
28
25
24
48
30
38
30
28
23
42
45
32
28
33
33
39
34
29
34
35
43
38
28
32
32
30
29
34
41
26
43
37
33
40
25
34
39
44
26
32
44
35
43
41
37
35
38
35
36
38
38
41
42
55
42
37
37
30
39
40
49
39
45
38
37
42
39
44
44
41
42
46
56
41
44
44
46
41
41
54
50
44
42
52
54
32
40
51
55
36
41
50
44
45
54
44
49
59
50
60
54
29
48
46
49
53
38
43
51
47
45
59
55
37
56
48
51
38
41
41
60
31
38
43
45
51
41
34
43
46
52
44
52
40
47
49
42
52
49
39
52
43
43
44
38
46
35
37
41
53
51
37
47
36
44
36
31
48
53
42
31
45
43
44
51
41
50
49
41
41
33
40
45
40
40
40
50
37
44
47
31
34
45
37
39
34
40
28
40
27
39
39
32
44
36
29
38
49
37
41
36
29
34
36
42
38
34
46
25
31
33
36
37
33
27
27
33
35
31
28
34
32
33
29
40
28
26
27
34
30
28
33
35
31
30
33
32
27
34
35
28
39
29
37
27
28
29
38
25
34
31
41
29
23
27
24
29
27
28
29
23
22
39
27
26
21
22
18
27
21
25
25
31
18
29
22
24
33
22
31
33
19
21
28
22
31
21
20
26
22
24
22
22
28
25
26
24
21
28
21
20
16
23
39
24
28
22
16
26
21
28
18
18
26
19
30
18
26
32
27
18
25
25
23
25
22
21
20
26
23
25
21
28
22
22
25
14
12
21
20
19
21
26
25
23
22
19
21
26
22
23
13
22
23
9
20
22
23
22
30
22
23
15
18
17
18
19
28
17
22
24
19
20
20
17
17
6
17
33
18
27
30
21
20
26
30
24
29
35
32
35
24
36
31
26
31
35
28
35
24
33
26
23
38
29
39
36
46
39
39
28
34
48
44
37
45
57
46
44
48
61
41
60
46
50
56
54
58
56
57
61
42
62
53
65
71
58
56
59
59
55
56
68
68
56
48
71
60
56
69
66
63
69
55
61
63
49
66
58
60
51
56
63
62
51
50
46
54
47
53
49
51
50
49
62
50
39
59
39
56
47
41
32
37
35
32
41
37
32
33
28
30
29
31
27
25
35
35
35
34
28
20
22
20
24
23
21
26
31
29
21
17
29
17
20
30
16
25
22
16
21
13
18
19
20
24
24
19
20
15
24
15
26
15
12
14
13
9
13
15
17
17
13
$ROI:
43
143 193
144 194
424 531
429 529
440 544
440 545
440 549
443 544
443 553
490 516
604 1134
679 1395
690 1434
772 934
800 953
827 855
828 856
840 1946
849 1974
857 2002
872 900
880 1058
887 915
914 1083
1010 1038
1208 1258
1345 1375
1418 1448
2436 2526
3229 3279
3607 3645
6449 6521
6459 6531
6463 6535
6464 6536
6467 6539
6471 6543
6482 6526
6489 6513
6497 6521
12997 13047
12999 13049
13000 13050
