$SPEC_ID:
GAMWIN
$SPEC_REM:


$DETDESC:

$DATE_MEA:
11/14/2025 14:50:21
$MEAS_TIM:
226331.95 229176.67
$MCA_CAL:
3
1.32118272781372E+001 1.29107522964478E+000 0.00000000000000E+000
$DATA:
0 2047
0
0
0
0
0
0
0
0
0
0
0
0
0
0
0
0
0
0
0
0
0
8159
8645
8726
9295
10056
10823
10826
10816
10673
10360
9952
9649
9726
9754
9697
9918
10293
10603
11100
11619
12129
12260
12317
12205
12084
12639
12285
12836
13404
14039
14742
15859
16432
17388
17918
18415
18457
18836
18714
18771
19498
19960
20880
21954
23405
24323
24471
24610
23770
22127
20618
19062
17954
16930
17041
16743
16784
16518
16386
15926
15375
14542
13531
12701
11862
11238
10770
10287
10077
9980
9848
9856
9581
9507
9469
9526
9279
9537
9347
9396
9153
9090
9377
9353
9401
9625
9713
9855
9789
9862
9879
9783
9774
9609
9716
9705
9628
9583
9475
9496
9353
9398
9443
9358
9346
9198
9362
9286
9282
9013
9147
8856
8799
8853
8775
8571
8512
8291
8304
8381
8428
8433
8653
8426
8589
8482
8666
8864
8761
8976
9070
9142
9231
9216
9189
9159
9052
8690
8789
8593
8432
8492
8183
8274
8209
8130
8143
7992
7985
7955
7920
8096
8049
8009
7960
8032
8086
7954
8045
8177
8385
8633
8960
9217
9669
10255
10536
11391
11815
12280
12712
12994
13169
13395
13150
13203
12885
12771
12276
12018
11542
10804
10311
9851
9232
8681
8408
7842
7534
7407
6986
6576
6464
6416
6310
6177
6176
5992
5988
6089
6017
5952
6037
6054
6071
6160
6283
6148
6314
6294
6267
6335
6404
6418
6523
6411
6618
6432
6404
6373
6221
6182
6204
6114
5824
5763
5714
5661
5495
5470
5378
5297
5062
5036
4975
5028
5039
5056
4912
5028
5029
5091
5242
5194
5336
5397
5383
5726
5790
5841
6137
6122
6028
6157
6295
6477
6366
6382
6433
6481
6431
6388
6406
6208
6122
6193
5862
5794
5689
5740
5487
5187
5127
4926
4585
4528
4419
4285
4118
4090
3855
3717
3545
3415
3619
3351
3227
3170
3245
3222
3172
3247
3148
3105
3078
3026
3095
3096
3173
3066
3059
3002
2982
2972
2837
2947
2944
3024
2908
2989
2854
2894
2803
2946
2906
2897
2735
2778
2780
2811
2749
2808
2762
2676
2754
2773
2693
2768
2689
2660
2700
2725
2685
2625
2651
2668
2706
2754
2649
2635
2732
2604
2703
2768
2649
2581
2570
2709
2590
2716
2572
2582
2469
2562
2610
2579
2570
2596
2547
2657
2570
2606
2569
2492
2543
2504
2583
2605
2611
2617
2622
2550
2557
2690
2663
2638
2649
2705
2630
2640
2723
2651
2634
2671
2735
2823
2658
2628
2733
2790
2651
2679
2586
2575
2554
2497
2528
2475
2453
2495
2369
2357
2349
2287
2237
2250
2246
2122
2219
2209
2224
2302
2179
2215
2324
2228
2277
2276
2354
2310
2485
2389
2518
2492
2588
2555
2551
2631
2612
2708
2846
2837
2907
2974
2923
3048
3075
3162
3212
3191
3248
3249
3306
3325
3353
3322
3353
3495
3394
3428
3545
3419
3452
3513
3355
3370
3347
3332
3264
3392
3095
3163
3133
3028
3003
2951
2948
2876
2913
2802
2657
2653
2607
2536
2491
2451
2365
2241
2267
2203
2229
2054
2006
2009
1950
1899
1889
1867
1884
1773
1841
1815
1749
1705
1679
1737
1721
1646
1676
1654
1649
1597
1628
1601
1594
1590
1609
1617
1590
1569
1633
1599
1579
1677
1558
1591
1609
1616
1613
1600
1508
1547
1628
1584
1681
1534
1609
1554
1595
1612
1654
1572
1570
1621
1633
1611
1612
1655
1669
1646
1635
1636
1707
1633
1650
1618
1661
1670
1707
1646
1655
1635
1694
1643
1705
1623
1670
1658
1637
1642
1633
1599
1651
1556
1538
1616
1583
1587
1582
1603
1638
1691
1698
1600
1563
1627
1577
1624
1651
1590
1577
1645
1611
1635
1579
1614
1566
1559
1579
1512
1594
1548
1574
1602
1589
1515
1692
1645
1548
1583
1541
1582
1484
1564
1448
1521
1463
1493
1574
1515
1505
1424
1457
1459
1481
1418
1419
1462
1368
1445
1408
1384
1410
1434
1488
1390
1452
1440
1386
1411
1365
1443
1387
1403
1381
1419
1378
1454
1366
1411
1418
1424
1449
1493
1344
1462
1388
1393
1465
1461
1453
1508
1458
1457
1495
1503
1417
1537
1580
1509
1513
1572
1565
1560
1613
1588
1564
1546
1655
1645
1642
1706
1716
1713
1729
1692
1704
1763
1726
1704
1821
1717
1810
1784
1756
1764
1796
1839
1837
1798
1811
1765
1751
1769
1782
1731
1770
1753
1799
1693
1808
1789
1671
1667
1749
1674
1684
1764
1754
1765
1693
1666
1706
1643
1656
1731
1669
1700
1714
1756
1740
1691
1700
1709
1627
1679
1677
1644
1682
1626
1516
1628
1616
1619
1563
1592
1554
1628
1584
1486
1557
1633
1462
1557
1388
1486
1464
1379
1460
1334
1419
1364
1344
1286
1277
1242
1260
1254
1247
1253
1284
1196
1174
1208
1254
1186
1213
1164
1172
1146
1134
1153
1151
1160
1112
1166
1087
1154
1167
1088
1148
1155
1133
1087
1149
1117
1161
1114
1192
1161
1173
1142
1143
1138
1147
1220
1148
1178
1143
1233
1172
1186
1193
1128
1149
1226
1175
1198
1223
1160
1214
1173
1216
1275
1237
1185
1282
1248
1239
1224
1237
1218
1322
1306
1296
1320
1283
1285
1315
1399
1315
1310
1365
1322
1302
1318
1336
1352
1322
1303
1299
1371
1314
1308
1358
1290
1297
1328
1301
1336
1313
1240
1284
1283
1261
1291
1231
1267
1184
1256
1239
1229
1169
1291
1188
1238
1210
1160
1205
1190
1198
1165
1134
1119
1213
1168
1129
1130
1125
1125
1123
1023
1112
1096
1075
1169
1056
1052
1036
986
1106
1032
998
935
996
985
1043
1008
957
985
941
979
940
971
897
875
907
844
939
874
853
839
864
842
838
804
795
776
829
753
795
752
802
725
774
740
799
774
734
712
710
720
672
698
629
643
659
694
700
641
670
631
658
643
623
633
607
645
616
621
564
555
573
584
568
559
592
560
548
552
524
559
577
503
540
534
506
501
560
527
514
506
479
484
503
507
482
477
487
484
499
473
458
495
478
461
491
475
449
465
459
420
459
483
459
423
443
465
457
428
432
420
432
447
472
464
467
456
422
470
459
454
517
521
455
510
497
486
503
495
484
503
533
516
552
605
572
576
627
662
620
665
671
732
737
754
802
822
874
910
936
1014
1082
1078
1145
1184
1205
1235
1289
1388
1408
1529
1562
1621
1737
1769
1816
1936
1963
2089
2173
2256
2329
2352
2400
2574
2653
2727
2748
2848
2920
3001
3123
3177
3181
3246
3243
3281
3402
3501
3453
3444
3509
3571
3617
3430
3596
3649
3623
3548
3507
3483
3482
3443
3519
3443
3376
3402
3299
3091
3089
3056
2947
2924
2792
2733
2661
2687
2595
2493
2381
2384
2276
2232
2069
2071
1890
1903
1812
1737
1638
1669
1556
1426
1441
1335
1284
1207
1170
1065
1055
970
1036
947
953
864
847
763
757
715
644
616
667
596
593
538
526
563
521
525
458
499
431
409
414
380
387
401
381
357
366
364
353
335
340
321
312
308
302
321
273
310
286
294
319
293
295
269
258
282
308
256
286
311
291
274
259
247
267
268
243
255
243
268
285
268
254
240
254
254
262
236
240
254
261
237
206
229
254
238
245
255
224
209
228
227
215
207
229
200
222
196
239
229
191
216
174
220
198
193
214
183
207
199
202
227
216
187
185
194
214
176
176
212
191
183
194
193
202
176
228
212
201
181
210
188
193
193
218
204
227
176
201
205
206
219
235
213
219
208
204
240
247
247
248
225
226
234
249
245
235
236
245
262
258
286
264
264
260
260
251
270
272
290
294
277
281
278
294
251
265
273
279
296
296
252
292
274
269
286
294
290
292
268
264
262
269
249
274
274
278
292
278
247
276
276
284
224
247
253
223
212
228
237
233
234
257
196
230
261
205
232
194
216
210
214
210
185
183
184
194
221
199
201
198
203
195
192
188
172
200
150
174
189
178
140
184
158
181
181
169
173
160
142
170
160
135
173
160
136
160
165
162
165
148
134
143
156
141
135
141
136
150
160
162
149
140
148
132
139
128
139
130
135
155
109
149
139
149
133
121
118
140
128
137
117
129
115
119
149
123
135
140
119
124
135
114
103
120
123
152
117
144
119
122
119
123
121
116
114
115
126
129
134
120
108
123
121
109
99
110
112
93
117
101
123
112
134
119
113
136
99
95
121
106
101
108
107
104
126
104
123
123
114
133
98
130
114
127
105
108
107
109
101
112
106
112
129
117
114
106
117
106
101
120
94
99
100
114
116
121
122
99
124
109
111
107
108
118
129
100
110
118
119
122
109
119
126
149
128
107
111
128
125
104
137
99
119
122
123
112
130
117
130
117
120
136
109
130
135
143
136
136
167
129
153
130
138
124
162
143
139
131
155
158
143
149
147
158
152
150
156
169
156
166
157
158
143
177
175
136
155
158
139
151
159
136
149
196
151
150
163
147
143
132
148
162
149
159
140
170
137
155
135
173
151
138
159
133
144
132
136
149
138
148
137
136
141
166
165
156
134
151
144
127
130
126
163
146
147
140
150
135
175
161
149
142
128
144
139
138
147
155
133
139
151
146
154
133
124
159
141
157
125
128
138
125
122
141
141
133
115
120
117
136
124
128
122
144
127
135
121
120
134
122
126
119
130
132
110
136
113
122
123
116
116
119
129
118
115
114
138
112
113
135
124
119
111
113
106
118
82
115
123
109
110
100
114
99
94
115
122
97
103
116
126
107
95
111
97
106
100
109
104
113
100
115
106
92
88
93
100
104
102
98
89
99
108
93
87
84
83
100
108
106
85
103
82
82
104
90
99
82
87
71
112
93
89
90
87
81
94
93
83
78
101
87
104
80
88
81
82
95
83
74
78
92
74
98
92
71
89
87
78
63
80
87
80
84
91
84
82
80
85
80
84
75
78
80
70
81
76
89
96
93
76
80
74
75
67
81
91
74
81
78
79
78
98
87
88
78
70
70
80
72
68
78
84
65
70
80
58
69
70
85
68
67
66
75
74
77
68
65
58
72
65
73
80
64
65
59
50
72
65
60
72
66
78
76
74
88
75
84
83
82
68
79
77
94
82
69
84
80
80
87
74
98
110
97
103
98
108
95
127
114
120
115
125
123
108
149
112
133
118
132
134
128
153
142
130
124
164
152
172
164
142
170
172
158
171
149
190
195
154
161
199
172
178
179
202
158
182
179
191
193
182
194
191
179
194
197
184
201
176
191
207
205
173
185
185
207
192
176
175
190
157
191
167
178
168
159
161
159
182
164
167
154
149
169
121
149
164
168
159
123
134
150
154
111
123
124
141
118
101
128
116
104
127
113
121
120
107
93
89
113
99
112
95
86
86
82
98
84
90
96
76
98
86
85
77
67
77
62
77
75
74
62
71
78
72
92
65
61
78
72
61
69
68
62
53
51
47
78
69
57
56
52
63
62
52
47
65
54
51
54
62
55
$ROI:
43
143 193
144 194
424 531
429 529
440 544
440 545
440 549
443 544
443 553
490 516
604 1134
679 1395
690 1434
772 934
800 953
827 855
828 856
840 1946
849 1974
857 2002
872 900
880 1058
887 915
914 1083
1010 1038
1208 1258
1345 1375
1418 1448
2436 2526
3229 3279
3607 3645
6449 6521
6459 6531
6463 6535
6464 6536
6467 6539
6471 6543
6482 6526
6489 6513
6497 6521
12997 13047
12999 13049
13000 13050
