$SPEC_ID:
GAMWIN
$SPEC_REM:


$DETDESC:

$DATE_MEA:
11/11/2025 15:07:07
$MEAS_TIM:
57448.07 58214.22
$MCA_CAL:
3
1.32118272781372E+001 1.29107522964478E+000 0.00000000000000E+000
$DATA:
0 2047
0
0
0
0
0
0
0
0
0
0
0
0
0
0
0
0
0
0
0
0
0
2755
2844
3058
3267
3672
3803
3981
4036
3759
3640
3644
3557
3596
3557
3468
3621
3700
4002
4198
4496
4687
4759
4750
4647
4635
4728
4761
4894
5096
5191
5667
5877
6252
6484
6763
6953
7090
7054
7118
7245
7423
7605
8231
8738
9507
9989
10116
10181
9940
9281
8418
8011
7425
7257
7129
7118
6928
7092
6752
6798
6203
6041
5920
5363
5147
4856
4683
4480
4302
4271
4162
4296
4222
4288
4148
4105
4115
4073
4028
3977
3985
3975
3976
4176
4017
4228
4117
4257
4294
4212
4269
4256
4270
4308
4216
4232
4202
4196
4167
4088
4217
4229
4104
4088
4060
3986
4139
3936
4051
4067
3899
3893
3851
3793
3874
3899
3683
3675
3729
3727
3626
3692
3646
3635
3701
3793
3731
3933
3907
3866
3874
4033
4059
4005
3989
3893
3872
3756
3745
3643
3610
3622
3541
3578
3538
3539
3389
3334
3473
3535
3356
3372
3481
3352
3262
3342
3398
3291
3328
3353
3518
3662
3745
3997
4077
4204
4555
4708
4834
5031
5324
5354
5591
5446
5431
5542
5397
5174
5007
5048
4757
4498
4335
4019
3921
3687
3554
3274
3067
3027
2920
2788
2731
2660
2633
2694
2636
2526
2622
2572
2531
2589
2545
2599
2700
2760
2598
2685
2755
2716
2786
2926
2917
2915
2951
2840
2866
2935
2881
2787
2841
2808
2838
2690
2663
2653
2568
2454
2431
2274
2304
2287
2179
2143
2100
2209
2137
2088
2105
2020
2144
2215
2190
2196
2279
2276
2302
2490
2468
2454
2557
2769
2767
2760
2767
2912
2975
2882
3022
2948
2968
2924
2969
2975
2881
2743
2685
2761
2557
2613
2492
2370
2319
2277
2096
2055
2020
1883
1811
1709
1657
1545
1504
1479
1388
1357
1358
1396
1382
1363
1285
1339
1245
1264
1297
1206
1272
1297
1202
1198
1229
1263
1193
1202
1227
1208
1129
1135
1161
1169
1169
1159
1099
1101
1127
1110
1066
1090
1118
1138
1142
1143
1085
1081
1054
1071
1100
1106
1058
1022
1062
1110
1094
991
995
1121
996
1042
1052
1125
1056
1039
1049
990
1029
984
1042
1028
1081
987
1013
1018
1051
1046
1019
981
983
962
1001
923
1013
1016
925
1038
1045
1039
1001
1032
959
984
1028
1056
982
971
1010
969
1028
1031
1031
1026
1038
1038
1020
1053
992
1038
976
1019
1048
996
982
952
975
931
989
991
976
908
915
946
896
962
931
940
883
879
825
902
931
889
818
875
844
829
820
825
833
859
893
937
900
932
961
904
985
1000
1031
1060
1126
1097
1145
1133
1191
1117
1200
1196
1229
1319
1308
1387
1352
1381
1299
1415
1490
1454
1494
1382
1404
1439
1516
1506
1467
1549
1522
1494
1398
1460
1485
1414
1393
1433
1362
1428
1419
1317
1314
1300
1254
1193
1180
1166
1206
1050
1092
1063
983
951
942
904
933
881
801
913
852
823
729
747
725
717
710
711
713
701
700
676
656
679
625
669
665
617
602
628
601
629
621
648
637
650
590
629
613
601
572
626
586
636
646
611
665
625
589
622
586
617
630
575
682
618
584
630
583
634
645
617
611
621
633
628
645
647
642
636
625
633
650
663
677
652
678
688
636
687
628
671
629
669
641
665
678
672
632
620
648
663
642
605
689
619
653
671
622
674
619
676
643
624
615
657
679
669
657
670
650
651
633
614
620
634
700
642
619
619
630
622
628
599
604
611
602
661
596
610
652
620
618
607
556
605
603
595
599
561
547
576
605
598
534
558
542
607
556
577
564
515
555
578
581
601
552
560
529
540
552
567
609
554
603
629
551
560
515
586
565
572
630
560
586
576
609
629
557
560
582
610
588
572
578
617
609
627
601
579
615
638
668
647
647
644
673
686
638
697
709
681
704
686
692
619
652
670
712
697
661
715
686
656
708
700
702
750
675
687
673
702
706
705
718
709
674
671
642
627
703
671
711
701
670
645
678
656
705
654
654
687
668
650
664
671
679
669
645
680
685
642
653
699
659
671
623
691
662
596
659
617
655
635
621
623
613
607
601
608
545
529
523
576
574
570
594
564
566
544
498
590
517
503
470
500
497
458
495
474
482
539
501
488
447
487
445
490
489
460
463
472
470
448
464
448
490
464
426
460
439
471
459
454
473
462
418
471
481
467
451
471
467
508
473
481
448
465
466
503
450
510
473
507
525
496
502
522
533
496
526
495
523
548
562
583
532
560
550
535
519
575
595
490
570
544
581
551
551
559
563
566
577
567
580
620
598
597
562
538
545
591
542
558
561
618
565
556
560
543
538
523
571
567
566
572
537
560
523
522
549
496
538
535
526
512
477
489
498
491
497
483
501
462
497
486
469
435
463
448
474
458
446
461
425
482
427
410
431
407
451
423
429
425
428
375
465
431
383
388
371
387
380
399
375
357
359
335
383
332
352
366
334
332
358
331
338
298
328
328
301
287
304
325
313
308
315
291
297
275
286
296
270
279
313
282
274
274
261
287
286
277
258
301
264
216
247
248
248
252
233
223
233
245
225
228
229
232
219
219
200
198
195
209
209
207
233
187
184
195
211
194
193
189
216
207
178
199
180
182
186
171
198
180
181
180
172
187
197
177
178
178
189
188
186
183
190
184
202
181
184
193
226
180
198
181
199
184
202
206
201
183
176
206
211
221
190
223
242
228
262
253
234
254
260
255
300
272
314
281
325
316
384
374
394
342
402
425
451
494
439
490
510
544
604
630
634
645
750
722
792
811
827
913
902
878
932
996
1061
1011
1154
1147
1152
1213
1239
1295
1296
1336
1351
1413
1434
1445
1425
1551
1593
1509
1506
1509
1669
1549
1647
1619
1591
1566
1629
1593
1642
1555
1524
1483
1497
1470
1417
1452
1535
1472
1392
1335
1335
1322
1306
1177
1186
1205
1153
1119
1077
1014
978
969
908
906
880
799
759
793
725
727
701
622
604
571
570
576
496
494
455
428
403
405
393
372
336
340
318
291
284
261
226
273
255
225
223
216
201
202
198
179
194
137
162
170
156
144
121
151
123
129
123
138
138
115
133
107
108
117
112
126
125
92
107
104
113
102
95
102
99
101
98
90
97
90
94
101
90
109
97
104
90
103
84
86
92
86
92
96
85
85
90
101
69
97
98
86
112
76
75
82
100
108
75
89
90
70
97
87
80
82
76
64
78
72
73
71
67
83
75
74
81
58
71
87
82
83
73
90
52
75
59
95
80
59
69
71
66
75
80
80
71
68
76
72
86
80
79
85
74
80
87
79
83
94
107
82
91
80
117
78
88
82
97
95
102
90
116
110
110
110
96
94
106
124
132
110
99
114
114
133
112
130
127
132
117
116
116
109
131
119
124
115
119
124
122
107
105
138
132
109
107
115
120
106
125
121
124
121
116
118
106
109
109
91
100
113
114
102
109
91
106
104
97
97
88
85
100
71
101
103
96
82
92
77
90
64
81
75
70
68
69
76
66
69
64
76
69
67
81
56
70
69
49
69
41
54
51
73
75
77
58
57
61
57
59
62
66
59
79
50
46
63
46
46
52
50
44
54
52
40
44
50
49
44
55
60
57
44
54
52
54
65
43
50
49
49
49
39
41
46
62
43
48
42
42
57
49
40
49
45
43
42
41
45
33
46
41
38
60
44
37
34
53
39
38
35
43
45
43
46
44
41
37
36
42
40
51
34
37
41
44
39
37
41
42
45
41
36
52
39
43
29
37
23
49
46
44
31
34
43
34
42
41
40
46
45
40
35
34
27
41
35
30
34
40
34
34
41
35
34
37
33
42
39
38
32
33
35
43
40
28
30
48
39
41
34
42
31
38
26
27
38
29
40
39
41
52
46
41
43
41
37
43
43
44
54
35
42
48
37
47
53
46
47
36
46
62
40
47
41
56
31
41
52
45
62
50
34
43
65
36
66
43
55
46
62
49
62
42
54
70
44
49
57
54
55
54
53
51
50
59
56
55
47
59
53
47
62
63
56
58
55
44
61
57
67
48
53
51
45
65
44
53
54
45
46
48
59
59
48
56
56
48
43
50
59
70
56
52
52
52
72
66
64
62
47
64
56
50
60
61
50
47
64
47
67
44
66
41
65
43
60
45
50
52
42
44
47
49
56
52
37
50
41
40
45
39
52
65
36
40
52
41
33
43
44
44
45
41
39
41
44
39
45
40
33
41
53
31
41
42
41
39
35
38
35
44
49
47
36
40
41
38
42
34
34
34
37
50
38
32
52
37
44
37
39
39
46
28
41
27
29
43
35
40
37
28
29
43
30
30
31
35
41
29
42
36
19
33
32
40
29
24
38
36
25
25
31
32
25
35
22
32
36
41
30
23
30
32
25
23
27
28
30
30
30
21
34
31
24
19
30
34
25
25
28
28
25
19
38
27
26
33
23
29
22
24
26
29
35
27
34
26
22
29
31
25
26
27
24
22
16
34
23
23
25
27
19
23
25
31
23
29
22
21
19
16
19
25
18
21
26
22
30
28
22
28
23
23
21
23
15
22
28
18
15
14
23
21
24
23
26
16
23
27
23
22
29
19
20
35
25
22
25
18
21
26
20
24
19
29
24
26
21
23
22
26
32
20
23
16
25
23
21
38
35
30
18
31
32
22
29
33
30
40
25
26
28
48
33
37
33
51
40
43
50
48
41
28
49
44
38
46
55
44
44
66
60
43
54
54
44
52
73
60
41
57
49
54
57
48
59
59
66
59
59
66
74
67
65
54
64
64
64
70
66
67
72
73
77
62
65
58
54
75
64
74
56
74
65
72
59
74
72
63
66
43
48
59
63
46
57
62
54
55
54
57
60
46
46
51
40
50
49
55
41
49
33
54
37
42
38
34
41
48
41
40
34
33
39
31
37
26
30
32
26
23
31
35
27
35
27
27
35
35
29
31
23
26
27
32
20
34
27
29
16
27
21
33
20
19
19
19
17
20
17
28
23
25
30
18
24
22
18
20
13
18
21
11
20
20
23
13
18
19
$ROI:
43
143 193
144 194
424 531
429 529
440 544
440 545
440 549
443 544
443 553
490 516
604 1134
679 1395
690 1434
772 934
800 953
827 855
828 856
840 1946
849 1974
857 2002
872 900
880 1058
887 915
914 1083
1010 1038
1208 1258
1345 1375
1418 1448
2436 2526
3229 3279
3607 3645
6449 6521
6459 6531
6463 6535
6464 6536
6467 6539
6471 6543
6482 6526
6489 6513
6497 6521
12997 13047
12999 13049
13000 13050
