$SPEC_ID:
GAMWIN
$SPEC_REM:


$DETDESC:

$DATE_MEA:
11/14/2025 06:47:02
$MEAS_TIM:
28235.66 28901.32
$MCA_CAL:
3
1.32118272781372E+001 1.29107522964478E+000 0.00000000000000E+000
$DATA:
0 2047
0
0
0
0
0
0
0
0
0
0
0
0
0
0
0
0
0
0
0
0
0
6734
7195
7700
8819
10075
11181
11642
11414
11351
11003
10714
10269
10260
10222
10287
10592
11199
11907
12808
13952
14529
15172
15358
15094
14861
14758
14522
14833
15791
16506
17830
18747
20193
21570
22666
23648
23832
24765
25527
26383
27696
30002
32797
37038
40830
44685
47427
48109
46695
43716
40240
36280
33492
31345
30786
30755
30833
30622
30319
29471
28241
26471
24799
23031
21415
19829
18517
18039
17356
16792
16749
16707
16014
16098
16228
15861
15951
15432
15505
15810
15768
15652
15731
15908
16491
16558
16664
17215
17412
17569
17800
17600
17496
17437
17074
17025
16873
16713
16785
16368
16404
16570
16550
16124
16431
16263
16121
16247
16004
15623
15719
15584
15401
15388
15266
14844
14804
14526
14554
14356
14264
14423
14185
14329
14209
14607
14626
14741
15104
15187
15464
15483
15468
15660
15863
15697
15413
15476
15180
14782
14592
14630
14677
14444
14611
14440
14185
14643
14605
14627
14589
14462
14285
14568
14334
14204
14239
14194
14138
14425
14817
15397
16236
17043
18188
19361
20957
22656
23946
25688
27113
28181
29231
29906
30153
30386
29785
29723
28259
27284
25920
24826
22933
21582
19845
18634
16795
15695
14714
13393
12670
12025
11136
10875
10495
10172
10071
9856
9581
9409
9720
9703
9641
9821
9633
9885
10015
9920
9951
10058
10321
10092
10208
10361
10548
10540
10380
10537
10420
10480
10206
10002
10117
9967
9692
9746
9501
9112
9022
8710
8400
8414
8276
8049
7945
7946
7857
7847
8017
7936
8036
8270
8684
8775
8952
9059
9386
9436
9918
10106
10469
10803
10858
10917
11147
11362
11379
11317
11498
11332
11426
11216
11256
10860
10953
10353
10173
9705
9658
9439
8991
8562
8421
8074
7448
7176
6831
6538
6421
6017
5716
5361
5352
4960
4882
4810
4547
4483
4341
4376
4234
4197
4085
4053
4095
3890
4078
4043
4178
3987
3926
3956
3940
3923
3907
3848
3890
3823
3866
3707
3831
3788
3751
3734
3641
3689
3565
3600
3597
3572
3575
3480
3444
3402
3391
3423
3377
3391
3364
3336
3360
3468
3360
3393
3472
3433
3493
3464
3498
3443
3603
3600
3375
3602
3579
3623
3586
3498
3547
3586
3568
3549
3505
3614
3681
3564
3618
3466
3559
3486
3526
3481
3445
3418
3493
3422
3416
3476
3436
3374
3537
3426
3444
3643
3470
3528
3473
3515
3513
3487
3528
3518
3503
3612
3605
3566
3594
3628
3506
3594
3581
3574
3457
3510
3527
3396
3352
3407
3311
3291
3165
3068
3145
3045
3125
3079
3018
3028
3050
3119
2959
3062
3005
3044
3110
3147
3261
3288
3369
3509
3628
3674
3725
3783
4072
3992
4203
4226
4360
4602
4797
4801
4998
5146
5405
5372
5406
5547
5721
5804
5776
6047
5960
6269
6321
6168
6522
6340
6484
6360
6359
6206
6227
6290
6074
6044
6110
5916
5818
5707
5695
5539
5406
5233
5098
5077
4879
4789
4627
4504
4414
4314
4212
3984
3929
3709
3569
3412
3337
3273
3126
2937
2961
2808
2642
2644
2543
2489
2417
2322
2366
2296
2212
2222
2114
2117
1978
2083
2046
1968
2021
1958
1961
1999
1912
1881
1888
1857
1908
1895
1901
1898
1892
1814
1950
1806
1886
1919
1876
1922
1942
1832
1913
1929
1861
1897
1935
1984
1996
2021
2053
2043
2068
2036
2033
2048
2140
2211
2080
2208
2180
2146
2165
2151
2214
2211
2224
2205
2273
2204
2191
2119
2237
2265
2346
2253
2235
2187
2273
2224
2299
2122
2171
2217
2246
2104
2122
2183
2099
2137
2152
2144
2116
2101
2168
2142
2096
2145
2092
2154
2005
2055
2088
2060
2085
2124
2093
2216
2144
2055
1993
2093
2093
2039
2045
1971
2048
2007
2021
2074
1928
1990
1987
1949
1903
1889
1948
1871
1873
1872
1814
1852
1821
1811
1839
1836
1864
1784
1717
1681
1719
1726
1672
1660
1798
1741
1659
1748
1650
1781
1761
1661
1631
1630
1737
1748
1716
1754
1703
1788
1698
1735
1767
1781
1769
1821
1829
1806
1788
1785
1788
1876
1974
1912
1874
1967
1922
1957
2063
2019
2146
2063
2013
2094
2183
2142
2220
2316
2336
2390
2384
2431
2525
2530
2550
2678
2660
2709
2730
2717
2680
2855
2845
2895
3020
2822
2937
2973
3007
2981
2991
2943
2970
3012
2954
2992
2925
2938
3005
2908
2878
2817
2899
2864
2892
2744
2802
2701
2638
2794
2745
2688
2700
2714
2596
2682
2641
2720
2675
2592
2654
2647
2561
2557
2606
2597
2665
2499
2576
2588
2480
2436
2474
2428
2387
2415
2302
2345
2216
2232
2256
2116
2184
2013
2158
2084
2034
1990
1865
1853
1869
1755
1739
1789
1644
1606
1570
1551
1553
1482
1429
1399
1345
1437
1352
1294
1229
1218
1269
1200
1194
1122
1119
1188
1161
1145
1169
1084
1156
1045
1169
1095
1064
1152
1106
1067
1039
1064
1064
1098
1014
1097
1077
1078
1060
1052
1030
1130
1035
1127
1051
1110
1084
1115
1118
1146
1151
1145
1139
1194
1150
1160
1154
1178
1248
1235
1256
1191
1283
1252
1253
1314
1275
1304
1295
1310
1324
1314
1364
1323
1293
1316
1352
1320
1345
1404
1353
1442
1317
1377
1355
1403
1335
1417
1358
1422
1437
1361
1366
1397
1360
1391
1321
1340
1345
1292
1300
1266
1242
1262
1336
1233
1195
1248
1191
1247
1228
1235
1160
1163
1120
1166
1138
1161
1104
1088
1057
1051
1155
1127
1060
1012
1006
1061
1036
996
1026
957
1006
977
973
964
961
924
915
944
916
903
901
953
953
872
858
803
887
866
870
866
895
873
845
870
839
818
838
795
811
792
808
842
834
820
788
787
821
760
784
797
763
777
763
774
753
775
753
761
759
743
729
756
802
712
778
739
684
669
702
730
718
675
648
678
659
670
640
675
621
698
646
639
641
576
630
599
591
584
603
576
579
547
493
587
585
553
543
523
521
524
513
504
516
584
547
526
524
506
459
507
531
502
473
465
493
506
505
509
478
522
484
455
471
494
440
471
474
519
498
520
490
498
532
532
522
546
515
533
512
515
490
527
530
541
574
561
515
575
570
560
614
565
594
604
616
658
666
679
670
693
711
765
716
784
777
793
781
869
911
855
907
1029
1033
1029
1106
1141
1202
1192
1208
1325
1353
1395
1453
1470
1504
1516
1616
1605
1719
1790
1823
1929
1916
1988
2079
2136
2184
2176
2307
2252
2340
2325
2374
2519
2537
2495
2572
2562
2621
2652
2572
2705
2658
2627
2666
2602
2699
2630
2595
2575
2676
2671
2507
2539
2558
2421
2452
2337
2357
2334
2273
2148
2137
2000
2074
1953
1951
1897
1847
1719
1696
1650
1634
1559
1504
1401
1419
1359
1320
1294
1200
1206
1167
1093
1059
978
1005
1023
855
848
823
771
802
781
704
729
699
718
666
615
582
584
589
585
552
585
566
510
513
519
502
517
533
532
506
505
475
461
505
470
463
496
508
470
512
457
471
486
490
526
450
500
469
499
492
513
419
473
488
483
474
452
509
469
486
501
464
472
439
495
437
477
438
505
444
437
438
416
389
403
429
428
435
420
428
426
381
425
391
390
412
369
386
386
405
371
401
377
364
362
354
374
351
347
316
313
362
334
326
301
321
312
313
279
367
340
294
260
292
307
318
279
314
279
291
271
313
282
310
321
271
321
275
290
304
301
313
320
319
311
311
310
311
321
306
279
299
318
328
309
345
319
349
325
355
331
339
355
373
396
345
390
376
404
427
389
428
423
404
428
418
424
406
422
421
451
438
441
390
406
427
451
428
415
424
436
474
450
412
420
451
417
467
466
428
441
434
372
382
425
392
401
371
401
389
391
387
376
377
344
330
346
353
349
336
325
353
341
315
347
322
294
332
301
295
308
305
295
269
286
294
253
253
265
267
245
263
280
270
242
244
252
234
235
240
242
249
252
230
207
253
216
247
212
200
221
225
212
207
236
230
218
189
170
219
191
213
209
206
196
198
208
209
212
172
175
211
184
193
204
190
205
198
189
190
193
211
186
156
193
182
178
181
182
199
177
188
172
178
166
159
175
170
139
161
183
185
203
173
193
186
188
179
168
188
170
176
151
162
167
170
163
149
146
161
182
155
167
161
138
177
155
168
189
160
150
155
154
137
156
154
165
159
135
166
158
191
147
134
150
154
126
162
156
139
140
138
133
146
159
137
149
173
121
148
154
128
162
176
140
160
155
155
135
144
184
151
161
165
157
138
169
149
158
169
159
150
165
155
151
157
154
157
173
161
167
179
158
178
175
192
185
192
180
192
212
191
228
207
205
221
195
208
195
207
208
236
207
235
214
215
203
249
225
244
240
239
250
279
248
265
263
255
286
251
256
265
265
319
283
272
300
249
278
266
296
298
239
296
296
264
278
293
306
285
266
279
267
300
284
301
278
277
280
273
294
282
278
301
270
273
266
304
254
254
239
261
255
261
272
253
242
269
271
238
251
275
244
287
250
225
267
259
227
249
253
245
261
258
266
239
253
236
235
249
237
244
228
237
263
217
243
214
245
225
242
256
234
223
249
218
254
237
201
230
215
216
209
222
220
233
218
202
223
221
191
200
225
213
201
188
204
212
239
183
195
216
213
198
219
226
199
191
213
176
194
217
197
197
223
161
219
210
189
207
204
170
201
199
165
204
190
171
219
192
175
158
193
192
180
191
168
188
157
173
174
188
167
163
178
180
196
174
176
169
154
179
186
177
176
168
145
166
163
148
157
149
160
152
131
139
133
146
136
138
131
165
151
147
145
137
126
143
128
123
156
138
117
139
144
147
127
111
139
123
118
126
146
125
137
126
128
123
109
142
156
113
128
106
110
100
114
115
113
118
119
126
111
90
107
103
104
101
101
100
105
109
101
105
115
102
122
91
91
118
100
99
119
92
102
92
101
88
85
114
104
92
82
99
80
88
99
86
101
81
80
92
87
81
111
78
86
91
78
80
84
81
85
86
94
84
116
88
90
79
84
91
89
99
103
89
77
100
109
85
91
90
99
98
108
101
102
124
113
109
104
108
115
134
136
129
130
140
134
151
149
159
141
154
174
192
172
180
203
198
192
224
241
245
226
256
254
273
273
231
271
303
269
278
299
315
326
346
334
330
323
364
349
353
402
358
417
390
378
364
401
391
411
423
432
418
418
474
457
427
492
448
445
456
470
460
464
434
439
469
467
437
502
468
477
462
420
405
474
459
438
430
418
409
440
387
400
409
387
376
391
359
357
350
329
364
337
369
289
342
324
323
265
301
268
276
283
258
277
278
268
245
239
233
240
219
217
207
217
199
197
172
157
188
163
185
175
159
184
176
132
155
131
123
134
128
154
113
137
129
101
101
125
111
133
109
109
104
110
85
86
97
78
89
74
90
82
81
86
85
92
85
70
87
$ROI:
43
143 193
144 194
424 531
429 529
440 544
440 545
440 549
443 544
443 553
490 516
604 1134
679 1395
690 1434
772 934
800 953
827 855
828 856
840 1946
849 1974
857 2002
872 900
880 1058
887 915
914 1083
1010 1038
1208 1258
1345 1375
1418 1448
2436 2526
3229 3279
3607 3645
6449 6521
6459 6531
6463 6535
6464 6536
6467 6539
6471 6543
6482 6526
6489 6513
6497 6521
12997 13047
12999 13049
13000 13050
