$SPEC_ID:
GAMWIN
$SPEC_REM:


$DETDESC:

$DATE_MEA:
12/04/2025 06:57:18
$MEAS_TIM:
27338.06 27727.52
$MCA_CAL:
3
1.32118272781372E+001 1.29107522964478E+000 0.00000000000000E+000
$DATA:
0 2047
0
0
0
0
0
0
0
0
0
0
0
0
0
0
0
0
0
0
0
0
0
1658
1740
1857
2004
2276
2455
2436
2530
2423
2313
2229
2230
2235
2217
2209
2204
2449
2455
2721
2837
2873
2971
3059
3073
3086
2999
2933
3062
3324
3302
3522
3656
3829
4049
4140
4265
4418
4420
4394
4581
4668
4848
5087
5416
5959
6228
6491
6440
6206
5869
5535
5065
4730
4633
4255
4427
4379
4347
4119
4213
3919
3783
3633
3463
3182
2998
2972
2766
2766
2695
2741
2676
2715
2650
2619
2578
2656
2599
2585
2469
2544
2522
2615
2575
2700
2620
2600
2703
2705
2755
2716
2771
2611
2681
2706
2633
2602
2503
2555
2624
2536
2603
2578
2601
2493
2567
2477
2520
2571
2584
2485
2443
2501
2429
2311
2384
2281
2420
2252
2297
2243
2310
2339
2219
2264
2297
2372
2391
2348
2374
2452
2489
2408
2478
2482
2326
2387
2342
2334
2318
2204
2194
2124
2183
2201
2218
2110
2047
2140
2147
2143
2185
2191
2132
2170
2043
2092
2041
2170
2073
2102
2248
2304
2411
2459
2612
2577
2852
2932
3091
3206
3304
3315
3357
3409
3386
3397
3288
3165
3109
3058
2861
2742
2621
2427
2344
2253
2106
2077
1982
1882
1849
1670
1737
1716
1686
1641
1594
1599
1631
1584
1611
1648
1586
1645
1603
1622
1681
1707
1652
1726
1758
1778
1691
1720
1793
1832
1808
1815
1723
1696
1735
1720
1700
1698
1602
1634
1587
1449
1414
1436
1381
1352
1333
1322
1356
1253
1260
1305
1223
1359
1287
1336
1342
1375
1382
1453
1500
1525
1566
1625
1621
1615
1748
1746
1657
1846
1761
1749
1802
1858
1832
1859
1769
1772
1709
1770
1712
1638
1571
1530
1475
1584
1354
1294
1238
1251
1195
1140
1121
1046
1024
1022
904
961
855
862
896
890
822
802
832
755
819
807
805
752
766
759
747
784
726
804
735
747
784
717
707
707
707
717
745
737
718
683
732
716
714
735
698
666
686
707
653
688
672
722
602
675
692
625
682
653
687
635
700
661
651
681
665
657
633
672
642
634
694
649
648
619
672
643
606
625
642
705
617
614
578
636
646
619
595
634
631
592
601
660
576
649
584
591
561
615
615
587
643
632
624
615
626
622
636
606
648
577
612
641
635
640
618
595
645
592
616
591
628
597
579
552
550
592
550
565
591
589
501
523
534
485
559
567
531
535
511
509
552
533
576
566
557
581
528
588
540
584
633
658
659
617
638
660
638
644
678
674
680
751
768
796
804
815
810
852
831
844
865
830
877
875
916
869
878
913
920
911
878
867
886
880
940
924
923
879
899
833
887
853
781
845
788
731
741
739
715
691
668
643
614
613
601
607
503
565
500
479
550
490
463
485
489
433
489
454
376
434
431
376
383
408
452
388
382
421
381
396
401
381
373
386
393
391
374
367
378
402
391
380
364
330
419
398
379
376
390
376
395
378
380
359
376
397
410
399
378
434
401
413
363
370
402
371
410
395
386
386
368
440
435
391
399
414
459
426
391
409
404
391
380
413
405
399
389
369
426
419
374
407
400
388
436
405
396
383
405
391
407
404
355
400
360
399
406
384
364
395
409
404
386
392
390
413
427
385
371
395
416
403
397
417
349
377
379
380
370
379
336
373
373
390
397
369
366
378
315
366
364
352
339
370
335
326
361
391
371
343
376
324
356
372
352
354
364
375
348
343
349
357
322
366
369
336
349
366
356
385
391
344
339
361
367
342
331
351
387
347
348
395
386
336
387
365
372
368
402
377
370
389
396
367
376
413
404
389
390
393
385
433
399
454
426
454
425
449
408
467
430
435
464
417
462
391
457
410
439
432
398
466
401
387
408
423
419
398
448
453
438
423
423
462
407
442
388
420
448
412
442
408
428
412
476
400
409
438
432
420
439
395
412
425
407
399
437
427
400
430
388
383
411
397
415
397
422
390
380
359
436
393
368
347
320
362
366
374
345
345
364
354
333
337
317
338
329
366
304
300
328
302
338
296
312
269
293
326
311
278
299
282
297
308
311
302
306
277
284
305
284
315
303
270
300
279
305
291
277
318
300
305
310
324
316
331
296
298
293
322
315
300
346
317
341
312
310
321
291
348
318
341
348
336
359
344
343
348
375
353
334
361
332
364
343
405
378
388
346
395
348
385
388
378
369
371
390
351
374
338
369
364
347
399
368
375
372
358
371
327
355
372
346
340
336
369
367
351
318
335
333
315
327
356
330
316
341
335
286
324
322
317
313
308
324
286
312
342
319
322
302
260
285
301
291
290
305
292
292
287
272
274
279
264
277
264
256
268
255
250
253
262
263
247
247
250
226
245
261
242
210
219
270
261
187
220
230
225
246
189
214
221
199
209
224
228
219
197
200
224
182
177
181
174
189
211
188
180
160
156
153
162
186
167
181
162
133
140
164
180
167
157
146
138
179
134
142
140
121
156
139
151
160
119
131
141
134
136
151
131
128
134
122
118
106
108
110
135
111
121
125
132
96
127
107
92
129
90
110
130
107
107
104
126
104
109
127
122
118
110
99
115
125
127
124
125
109
127
120
112
127
103
128
128
131
144
141
119
118
127
139
139
136
156
148
151
163
162
162
200
205
207
225
204
220
241
222
272
249
280
311
315
318
349
359
355
359
451
365
458
498
442
517
514
547
531
592
563
633
622
643
731
773
800
829
820
836
880
876
861
932
947
992
1019
1080
1009
1085
1069
1001
1069
1043
1098
1141
1136
1091
1113
1095
1070
1098
1118
1091
1072
1067
1053
1054
1042
1047
1012
934
941
943
947
877
894
851
844
809
753
805
779
709
682
667
627
613
630
590
529
510
507
483
422
417
390
399
385
334
324
314
300
291
271
224
266
244
243
205
201
184
188
174
162
171
181
154
161
140
135
123
112
110
110
91
111
111
103
95
91
83
78
84
74
81
86
66
78
56
74
75
65
54
67
57
74
78
58
52
61
76
62
67
56
64
54
57
39
44
71
49
59
54
68
48
46
47
55
60
60
63
62
52
70
43
54
38
48
47
44
52
36
54
51
43
63
44
45
48
36
53
34
48
52
50
47
41
44
31
47
47
33
37
39
37
52
47
32
37
46
49
46
38
31
34
41
42
36
56
42
44
36
45
46
44
51
38
30
38
42
34
50
36
42
48
38
51
50
49
51
57
55
52
47
49
54
62
54
65
52
51
47
49
53
59
52
61
48
59
60
62
78
61
69
77
73
64
59
69
62
68
72
78
69
59
57
74
62
74
76
67
67
79
65
72
65
64
75
67
59
77
68
47
57
60
76
70
53
70
61
59
68
57
60
51
58
49
62
56
61
35
46
44
50
50
52
50
43
38
42
36
42
47
42
40
39
53
37
33
46
45
44
40
37
50
31
34
28
33
38
44
40
37
30
32
31
27
33
32
35
31
34
31
23
46
35
28
32
30
33
30
29
31
38
25
31
34
30
31
21
26
26
33
30
40
23
30
29
27
39
24
25
22
23
36
26
25
20
30
23
26
17
31
16
29
23
20
25
32
31
26
19
23
21
27
24
28
16
24
19
28
27
14
24
17
22
21
13
22
23
22
11
19
21
29
22
19
24
22
25
32
25
27
21
25
33
22
23
14
18
22
23
19
16
12
17
22
31
22
18
25
15
19
21
22
28
19
21
21
24
30
25
22
18
19
17
20
20
18
21
21
23
20
26
22
26
21
14
16
21
18
19
31
18
18
17
18
12
23
26
18
26
18
14
24
24
31
14
17
24
21
26
19
21
30
26
28
27
20
24
29
30
33
33
31
24
27
39
31
37
30
23
27
38
31
28
34
33
38
30
44
32
44
23
36
30
24
38
28
44
27
36
30
30
39
42
32
27
38
34
36
37
26
27
32
36
30
22
25
38
36
30
25
39
21
27
26
20
38
24
24
29
42
35
30
36
26
25
42
38
46
32
28
37
24
27
31
27
38
22
29
27
31
33
32
33
39
32
32
27
24
33
28
27
26
32
28
26
27
21
29
29
28
24
32
30
29
28
32
22
34
28
27
24
22
28
30
26
20
38
24
23
30
23
26
24
11
20
31
22
21
23
20
28
24
39
43
20
20
22
13
19
19
21
20
22
25
22
22
19
17
13
18
21
25
23
20
12
22
17
24
14
20
25
20
20
19
16
20
26
16
15
10
25
22
17
20
14
15
19
16
19
20
18
26
20
17
22
23
15
19
24
19
22
11
14
22
17
9
15
25
18
15
15
17
18
11
16
11
13
16
6
15
21
14
16
21
18
16
20
10
7
12
19
16
14
6
20
14
16
23
20
11
14
19
18
14
11
15
14
17
17
14
12
18
12
20
16
17
12
14
21
13
10
18
11
9
15
17
11
10
9
15
12
8
10
11
9
9
17
14
11
15
17
14
20
6
11
21
5
10
17
13
15
16
11
10
15
11
10
14
10
10
14
6
16
6
9
16
7
14
7
11
13
13
11
12
11
10
15
9
7
10
22
23
6
14
11
15
19
12
15
11
13
17
29
16
18
17
18
27
29
25
21
16
18
11
21
26
16
22
18
24
10
19
19
31
25
18
24
28
27
21
33
30
30
28
35
32
28
30
24
35
12
27
38
32
33
32
42
36
38
34
40
32
44
27
37
31
38
39
55
23
43
36
38
45
38
39
52
31
37
39
28
46
35
40
42
39
42
36
30
33
42
35
34
46
31
37
32
36
35
35
30
26
26
23
31
35
27
25
26
26
30
30
25
27
23
19
25
18
20
15
26
19
20
22
20
16
11
18
16
21
17
19
18
14
14
17
10
7
14
14
8
18
15
13
11
13
15
10
15
13
10
15
11
4
15
13
13
14
13
6
6
6
11
7
10
8
7
10
4
8
11
$ROI:
43
143 193
144 194
424 531
429 529
440 544
440 545
440 549
443 544
443 553
490 516
604 1134
679 1395
690 1434
772 934
800 953
827 855
828 856
840 1946
849 1974
857 2002
872 900
880 1058
887 915
914 1083
1010 1038
1208 1258
1345 1375
1418 1448
2436 2526
3229 3279
3607 3645
6449 6521
6459 6531
6463 6535
6464 6536
6467 6539
6471 6543
6482 6526
6489 6513
6497 6521
12997 13047
12999 13049
13000 13050
