$SPEC_ID:
GAMWIN
$SPEC_REM:


$DETDESC:

$DATE_MEA:
11/06/2025 15:32:58
$MEAS_TIM:
57103.08 57863.73
$MCA_CAL:
3
1.32118272781372E+001 1.29107522964478E+000 0.00000000000000E+000
$DATA:
0 2047
0
0
0
0
0
0
0
0
0
0
0
0
0
0
0
0
0
0
0
0
0
2745
2815
2934
3205
3627
3862
3706
3712
3740
3539
3445
3326
3442
3382
3394
3414
3691
3668
3967
4252
4228
4460
4433
4448
4425
4377
4424
4718
4867
5073
5542
5843
6128
6310
6657
6505
6806
6637
6850
6915
7308
7768
8307
9149
9691
10291
10614
10459
9859
9303
8504
7903
7422
7196
7160
6978
6975
6913
6780
6447
6183
5816
5486
5167
4886
4740
4366
4349
4376
4172
4180
4229
4136
4011
4083
4073
4018
4036
3972
3927
4062
3934
4029
4126
4217
4147
4372
4244
4416
4359
4426
4268
4399
4278
4185
4077
4153
4187
4106
4158
4194
3993
4016
4002
4031
4026
3982
3938
3952
4066
3888
3993
3903
3865
3688
3592
3569
3678
3619
3648
3548
3553
3671
3592
3570
3718
3693
3721
3734
3794
3733
3762
3769
3819
3807
3761
3708
3732
3759
3496
3550
3598
3482
3579
3572
3569
3571
3672
3607
3562
3452
3456
3484
3559
3484
3532
3589
3630
3621
3708
3786
3928
4093
4459
4564
4980
5379
5540
5850
6041
6231
6205
6493
6380
6448
6214
6205
5920
5766
5554
5270
5054
4704
4355
4167
3803
3719
3314
3259
2921
2886
2768
2877
2687
2608
2634
2602
2704
2572
2542
2505
2485
2551
2525
2609
2540
2675
2487
2654
2656
2711
2776
2709
2685
2758
2728
2739
2671
2671
2650
2561
2514
2544
2538
2485
2352
2334
2264
2227
2222
2146
2214
2077
2056
2142
2123
2042
2078
2056
2044
2121
2229
2232
2225
2319
2357
2474
2523
2538
2631
2653
2747
2743
2776
2656
2836
2841
2829
2746
2750
2737
2687
2653
2569
2550
2521
2521
2466
2325
2231
2198
2053
2059
1933
1895
1827
1763
1679
1624
1509
1504
1478
1518
1311
1317
1321
1372
1254
1330
1252
1265
1249
1167
1213
1270
1196
1249
1166
1210
1257
1247
1202
1116
1205
1173
1176
1138
1123
1125
1126
1115
1102
1105
1084
1111
1053
1126
1057
1112
1100
1073
1111
1091
1068
1071
1047
1042
1017
1012
1059
1024
1066
1075
1094
1068
1056
1061
1090
1050
1074
1041
1048
1075
1039
1046
1041
1087
1026
1038
1037
1033
1078
1028
975
1018
1013
1029
1044
1025
982
979
1011
981
997
995
1023
971
1027
1006
1039
997
1048
1072
997
1127
1048
1104
1053
1050
1019
1108
1061
1051
1073
1052
1084
1043
999
1100
1015
1011
988
1076
957
1027
968
998
967
902
965
981
899
907
900
875
854
871
906
915
899
828
887
919
904
902
960
913
968
928
1047
990
1057
1055
1048
1118
1146
1122
1157
1202
1234
1280
1264
1310
1381
1344
1356
1352
1386
1416
1446
1507
1534
1549
1418
1361
1527
1502
1494
1421
1443
1515
1440
1470
1423
1439
1458
1475
1460
1397
1335
1270
1293
1262
1211
1191
1213
1174
1102
1094
1135
1074
990
1023
1006
961
985
860
871
863
842
796
792
812
798
730
697
649
688
654
716
665
671
619
682
647
616
646
589
658
630
640
630
590
653
608
630
593
603
603
578
621
650
634
594
607
580
596
633
622
639
575
592
597
591
627
619
648
633
598
612
660
651
643
669
640
639
680
637
604
605
658
628
680
632
682
686
701
692
645
683
682
679
662
664
654
651
674
601
620
620
711
674
627
640
651
622
653
662
680
641
631
649
593
627
640
622
670
600
626
607
636
655
622
658
610
613
627
639
609
624
657
609
578
605
597
574
610
578
544
625
597
595
607
583
600
560
579
577
566
608
561
567
560
544
581
578
573
557
554
611
553
579
583
556
547
538
524
548
506
574
535
557
505
487
548
569
531
546
557
566
567
570
602
587
591
575
577
563
597
548
635
608
582
586
618
616
648
630
610
615
638
635
624
649
690
653
647
685
719
699
696
708
722
740
743
741
737
775
725
783
784
777
761
765
753
792
770
778
775
775
779
776
768
763
774
797
769
725
761
752
721
728
721
739
731
784
691
739
729
731
693
665
704
748
733
766
708
709
692
702
693
736
688
669
691
661
618
660
645
629
667
656
677
601
628
639
610
648
627
616
567
571
581
601
552
570
563
535
524
547
498
494
511
482
482
451
477
452
500
465
434
471
440
442
450
449
470
422
422
423
435
428
436
418
449
420
395
461
393
411
442
426
424
440
449
415
434
390
395
395
403
396
438
398
444
435
411
406
430
421
408
454
417
428
483
446
440
464
458
433
428
405
502
487
475
444
504
472
485
449
469
473
467
475
495
498
476
497
473
537
513
462
529
479
487
507
498
481
495
523
504
515
490
521
489
513
467
459
516
445
456
477
514
461
500
437
499
462
458
473
437
438
455
419
455
423
455
433
409
425
406
406
392
372
428
426
405
393
417
373
377
413
387
399
388
385
400
359
371
356
344
336
360
366
341
385
324
388
357
386
330
351
337
348
326
311
322
303
292
324
289
313
312
307
247
303
291
298
311
272
271
266
284
302
283
265
284
261
263
235
268
282
267
249
278
239
263
228
253
225
245
233
229
224
230
251
190
222
207
229
230
206
257
227
212
204
196
191
198
210
185
176
188
197
193
210
206
194
189
158
172
167
162
174
155
170
191
177
168
192
175
168
186
169
153
187
173
194
175
181
165
180
180
168
156
160
153
171
164
163
141
168
161
173
177
164
184
172
197
172
160
152
191
171
190
185
195
198
178
193
203
213
243
229
233
227
205
246
267
275
277
305
269
315
319
336
319
339
349
408
403
397
417
463
470
465
515
527
543
559
601
680
664
672
696
771
736
775
865
855
883
898
914
980
1029
982
1070
1110
1127
1092
1128
1134
1173
1219
1241
1219
1221
1256
1237
1318
1263
1330
1320
1264
1247
1284
1262
1242
1300
1253
1306
1227
1193
1211
1207
1177
1214
1140
1077
1143
1049
1060
1033
1009
943
967
857
868
810
785
765
724
716
718
668
662
598
589
579
528
497
487
479
475
458
420
420
379
363
342
327
327
286
297
271
300
266
241
231
237
208
211
209
192
199
190
157
163
185
171
155
169
152
167
140
133
152
129
139
135
139
141
128
123
109
135
128
107
123
132
107
98
110
107
119
109
121
109
124
100
114
97
118
108
112
104
116
110
115
104
112
103
126
109
89
110
96
105
99
109
99
98
99
102
90
89
97
93
117
86
88
100
107
83
102
89
90
102
96
89
87
92
74
82
82
100
81
93
86
90
100
99
89
80
70
89
78
76
78
74
77
70
75
74
71
80
82
72
89
81
83
77
91
67
73
90
91
77
82
91
91
75
82
91
96
81
93
73
86
91
107
92
80
93
86
77
105
100
98
104
91
104
112
116
114
127
75
114
86
112
117
101
127
119
103
97
115
114
111
93
102
101
115
119
122
95
105
112
126
108
116
100
110
110
105
102
115
86
99
101
109
101
96
86
114
76
107
107
95
97
101
83
89
90
74
80
75
74
85
90
89
92
76
71
69
72
72
76
69
78
88
75
65
86
75
68
71
74
84
69
61
72
68
55
59
57
76
54
61
64
62
66
58
53
54
59
71
63
64
73
68
64
70
49
50
64
57
49
65
73
60
56
55
55
67
64
52
51
50
31
43
65
52
57
35
66
44
52
37
33
55
48
51
39
51
63
49
43
44
46
39
52
59
46
52
70
41
47
28
47
44
41
54
37
50
40
36
42
66
45
40
44
53
54
47
47
30
55
50
48
35
42
52
43
40
41
39
42
41
45
47
41
47
52
41
42
35
38
33
39
44
39
50
42
38
42
42
37
50
46
45
40
41
42
45
53
56
54
48
38
41
51
49
47
39
48
52
40
42
34
42
35
53
48
49
36
40
44
50
53
54
35
40
49
38
51
39
49
50
52
60
48
49
65
43
49
47
58
42
46
43
54
49
49
60
58
62
63
58
65
59
64
46
61
55
65
63
70
53
66
62
67
79
72
74
63
82
71
72
59
71
81
67
77
60
54
76
63
58
87
68
69
77
65
70
70
51
44
51
79
77
63
70
66
73
80
76
62
72
63
64
80
70
59
54
63
79
70
75
49
53
58
56
58
68
70
64
59
65
62
54
61
54
54
56
54
56
71
83
71
69
56
53
51
61
63
60
62
62
54
59
58
52
68
56
57
64
57
73
65
61
56
55
59
63
51
64
43
49
55
53
57
55
37
58
57
52
55
54
50
52
42
47
57
54
49
58
53
52
50
47
54
55
45
50
60
40
47
52
47
42
56
60
45
44
43
42
48
47
43
43
49
55
45
40
50
48
40
38
41
40
46
46
45
51
49
46
42
35
51
38
38
40
42
42
45
46
43
38
54
35
35
46
35
50
42
49
37
52
48
42
41
45
30
38
37
29
37
41
36
38
40
49
22
26
43
41
35
35
29
31
32
33
49
37
30
40
30
29
29
41
30
25
27
34
24
19
40
34
30
29
39
27
37
42
19
32
25
31
36
35
27
22
23
25
33
43
32
36
29
42
29
25
31
33
28
27
22
20
25
32
20
30
33
32
27
19
27
25
37
28
29
27
26
28
25
28
24
25
29
20
26
22
32
31
21
18
31
31
28
28
36
26
27
19
29
21
28
29
26
19
29
24
32
35
32
29
26
35
35
30
36
32
38
29
33
34
45
46
47
38
43
47
47
41
48
44
53
48
54
49
58
43
54
50
61
41
56
62
61
67
72
66
91
56
68
86
75
75
61
75
69
77
78
90
92
72
80
76
75
87
91
96
93
94
95
79
100
80
101
80
93
117
114
90
95
84
105
101
94
74
94
77
81
89
91
79
93
88
96
91
91
89
78
85
73
85
70
78
80
81
76
61
73
70
72
77
68
72
53
76
79
54
69
54
58
59
64
61
53
50
58
54
60
47
55
48
46
44
52
46
40
49
34
48
23
40
43
35
43
30
33
29
30
27
32
29
24
32
33
32
35
28
20
24
31
32
26
26
29
32
26
23
20
20
24
18
36
18
18
12
20
20
15
9
15
22
18
22
24
33
31
16
16
29
19
16
$ROI:
43
143 193
144 194
424 531
429 529
440 544
440 545
440 549
443 544
443 553
490 516
604 1134
679 1395
690 1434
772 934
800 953
827 855
828 856
840 1946
849 1974
857 2002
872 900
880 1058
887 915
914 1083
1010 1038
1208 1258
1345 1375
1418 1448
2436 2526
3229 3279
3607 3645
6449 6521
6459 6531
6463 6535
6464 6536
6467 6539
6471 6543
6482 6526
6489 6513
6497 6521
12997 13047
12999 13049
13000 13050
