$SPEC_ID:
GAMWIN
$SPEC_REM:


$DETDESC:

$DATE_MEA:
06/10/2025 15:03:32
$MEAS_TIM:
57668.05 58370.71
$MCA_CAL:
3
1.32118272781372E+001 1.29107522964478E+000 0.00000000000000E+000
$DATA:
0 2047
0
0
0
0
0
0
0
0
0
0
0
0
0
0
0
0
0
0
0
0
0
3071
3219
3524
3932
4390
4662
5018
5108
4958
4696
4696
4732
4704
4673
4671
4818
5046
5201
5639
6089
6633
6743
6812
6694
6667
6434
6392
6672
6772
6928
7391
8071
8526
9086
9572
10150
10428
10640
10763
11047
11349
12395
13288
15166
17351
19275
20940
21956
21549
20364
18913
16769
15125
13818
12990
12689
12657
12696
12510
12354
11604
11013
10302
9286
8443
7602
6941
6540
6053
5870
5673
5636
5650
5536
5530
5592
5427
5439
5380
5278
5181
5272
5225
5428
5497
5571
5518
5853
5887
5994
6145
6176
6102
6263
5906
5975
6022
6166
5885
5694
5890
5914
5790
5789
5815
5675
5917
5765
5772
5781
5715
5692
5564
5583
5537
5431
5355
5319
5382
5209
5075
5143
5316
5191
5177
5326
5195
5481
5625
5689
5718
5819
5944
6011
6189
6112
6105
5892
5946
5778
5682
5695
5638
5514
5347
5405
5553
5504
5515
5501
5492
5351
5394
5246
5239
5281
5245
5295
5175
5330
5509
5419
5813
5886
6330
6967
7494
8091
8778
9498
10264
10745
11525
11685
12252
12415
12533
12272
12183
12144
11564
10847
10482
9791
8995
8445
7799
7207
6611
6105
5592
5198
4885
4623
4358
4142
4076
3983
4001
3899
3871
3817
3948
3814
4021
4006
3997
4185
4290
4280
4405
4520
4634
4539
4694
4748
4887
5000
4857
4914
4927
4892
4979
4905
4689
4669
4469
4542
4333
4203
4077
3987
3827
3668
3587
3412
3430
3376
3344
3263
3324
3379
3389
3359
3653
3702
3786
3816
4080
4254
4434
4579
4705
4910
5157
5298
5376
5365
5566
5533
5730
5831
5672
5720
5654
5471
5574
5432
5261
5102
5033
4945
4613
4501
4181
4144
3852
3679
3473
3194
2982
2868
2675
2514
2372
2307
2247
2081
1995
1925
1850
1898
1791
1677
1813
1698
1728
1622
1641
1710
1639
1680
1676
1668
1579
1623
1679
1539
1570
1548
1599
1610
1530
1471
1558
1493
1466
1459
1510
1489
1399
1417
1402
1419
1416
1438
1416
1373
1410
1270
1380
1416
1446
1406
1345
1371
1449
1414
1422
1352
1415
1413
1424
1469
1474
1531
1449
1449
1484
1499
1524
1447
1494
1512
1491
1447
1460
1541
1429
1423
1552
1413
1439
1441
1472
1424
1436
1458
1430
1401
1424
1443
1435
1491
1447
1595
1450
1386
1466
1436
1480
1512
1504
1532
1585
1498
1528
1530
1534
1552
1563
1580
1526
1484
1479
1503
1489
1494
1412
1428
1453
1416
1337
1444
1311
1414
1329
1220
1244
1182
1281
1236
1272
1281
1309
1283
1305
1317
1362
1386
1450
1480
1411
1545
1575
1548
1651
1697
1762
1869
1842
1910
1940
2075
2132
2133
2281
2316
2385
2435
2488
2575
2714
2753
2744
2705
2937
2872
2924
2984
2951
2934
3111
3028
3090
3134
3006
3051
3072
3022
2898
2956
2954
2940
2866
2839
2724
2824
2663
2640
2581
2483
2334
2353
2292
2112
2073
2135
1973
1921
1818
1671
1684
1578
1548
1448
1440
1389
1322
1268
1165
1145
1161
1106
1058
983
960
941
919
933
891
909
900
846
866
876
838
890
844
785
840
880
850
787
814
835
820
833
794
799
810
776
800
775
830
825
810
810
838
843
870
830
800
902
820
851
874
826
831
841
889
848
914
880
929
932
958
954
963
911
902
926
957
901
955
961
957
930
953
954
952
936
974
992
885
940
929
922
1020
906
944
933
1014
949
886
963
900
938
926
899
920
874
926
946
892
895
916
971
958
944
914
965
911
912
937
921
868
934
916
871
889
875
881
878
880
897
852
839
827
830
838
825
843
791
785
812
815
727
785
746
764
745
743
781
722
715
730
759
725
771
730
720
702
739
760
745
727
763
713
764
697
697
714
692
738
715
726
771
751
736
779
736
807
741
779
791
761
793
786
795
778
819
857
812
809
849
905
883
923
866
874
983
991
970
1011
1017
970
1039
997
1050
1119
1067
1035
1150
1151
1165
1137
1168
1223
1181
1206
1203
1262
1149
1161
1193
1232
1204
1190
1185
1215
1149
1199
1181
1204
1215
1090
1127
1080
1087
1137
1113
1065
1064
1083
1096
1076
1033
1068
1093
1027
989
1015
1065
1004
1016
1036
1020
1068
1000
1029
993
984
1043
957
978
957
916
943
917
886
893
852
840
868
912
848
809
783
777
773
706
697
713
668
699
629
654
638
649
642
577
607
549
576
554
513
570
522
507
507
549
478
525
439
453
445
491
454
426
425
407
472
422
409
437
422
451
424
441
438
420
425
437
376
444
452
442
453
443
389
424
438
410
387
440
426
457
466
431
504
433
460
454
478
492
511
472
496
460
520
543
513
548
515
526
533
532
539
551
594
559
590
591
560
582
593
621
587
592
614
594
602
583
601
593
609
588
646
597
615
647
594
627
586
596
596
596
578
585
568
543
504
551
551
558
546
488
517
489
489
525
482
459
484
446
422
443
471
420
443
374
424
409
430
391
385
415
339
430
356
389
354
388
362
381
355
350
364
348
326
355
362
401
360
353
368
319
338
349
369
352
358
353
334
374
315
345
334
354
373
350
364
297
373
357
310
335
350
360
372
328
367
334
347
335
317
348
321
312
314
358
352
342
314
325
333
336
317
318
351
298
292
331
327
318
320
337
302
309
280
268
293
290
277
306
283
268
290
265
297
261
259
263
270
242
248
264
233
265
273
255
237
227
233
247
251
253
229
260
233
248
280
219
239
259
254
233
277
231
272
209
236
209
247
245
224
254
244
242
233
218
247
255
235
243
225
265
277
259
260
294
299
280
250
282
296
248
274
271
303
308
284
316
294
279
301
306
313
312
289
323
325
320
338
334
327
338
340
369
344
350
351
356
370
408
400
425
385
399
440
412
413
433
439
417
423
460
457
464
438
506
477
455
494
505
507
537
524
527
536
559
538
573
605
556
554
561
562
588
589
585
567
569
591
616
588
577
566
547
577
586
609
527
545
544
531
535
551
561
520
539
505
504
496
509
453
470
451
466
437
397
427
424
429
448
396
402
350
360
362
370
381
311
327
332
297
343
309
319
274
274
320
296
266
272
273
246
286
227
253
224
240
245
231
238
237
257
247
217
222
201
223
244
225
221
247
237
241
228
247
232
221
213
205
209
234
188
207
213
237
224
258
213
225
231
234
221
264
266
237
208
222
211
238
209
206
245
225
221
189
225
232
205
221
226
217
247
219
214
181
213
187
203
199
211
182
211
218
200
193
188
177
176
218
159
181
174
177
171
203
172
160
170
182
189
171
169
165
151
149
140
157
161
155
163
154
135
162
154
168
149
189
143
180
173
153
190
164
164
164
162
138
161
174
183
151
172
178
168
204
170
168
176
168
164
173
204
193
225
142
200
201
201
207
216
200
234
224
190
241
247
244
238
250
242
253
228
257
248
257
249
246
235
262
247
250
259
277
247
241
249
289
274
280
244
267
280
240
267
267
251
268
271
246
256
240
234
208
247
273
256
245
238
257
237
248
218
206
238
220
188
203
185
224
203
185
199
206
182
190
185
195
169
168
168
165
169
159
177
171
157
175
161
177
132
155
152
165
142
150
133
134
140
141
135
127
141
129
141
101
141
139
134
118
129
120
113
120
129
132
106
116
112
119
117
112
107
116
135
120
102
106
99
114
125
102
101
84
106
96
116
105
94
90
97
91
104
95
85
108
106
85
100
118
84
94
95
75
90
94
111
83
111
95
90
90
94
104
83
95
90
75
78
103
81
76
90
83
80
90
84
84
93
76
103
86
93
94
88
88
83
78
64
79
91
83
74
80
74
78
89
84
81
81
76
80
77
66
73
86
69
72
73
74
79
73
64
85
74
72
79
77
89
73
84
83
85
73
76
72
48
71
82
84
79
67
66
95
82
64
80
77
82
82
81
87
69
78
87
79
92
82
74
92
79
83
108
93
85
96
74
96
88
89
80
91
108
89
106
107
109
88
88
101
109
98
96
105
90
107
99
110
92
116
106
106
127
127
117
124
118
131
120
132
113
132
128
113
123
122
116
140
119
124
136
135
138
140
144
136
128
126
130
148
127
127
121
159
151
136
121
128
135
126
116
135
125
138
114
124
123
109
143
145
139
131
145
129
126
130
124
132
101
138
130
130
104
145
125
123
138
122
129
102
128
143
133
128
147
133
138
123
118
133
131
125
132
111
116
103
131
112
111
121
120
98
117
110
139
125
120
120
106
94
114
105
110
105
99
90
112
103
110
110
102
125
105
118
98
102
107
124
101
99
109
99
83
126
78
87
98
92
95
88
105
97
82
98
82
97
90
81
89
88
94
85
104
105
82
73
81
90
84
76
77
82
92
81
93
77
72
72
84
92
89
81
73
77
84
85
71
70
83
67
68
77
64
72
82
72
75
85
81
68
77
75
69
67
83
77
76
71
70
83
66
70
67
76
81
66
67
70
78
54
66
69
55
63
72
67
54
45
56
68
63
56
81
74
40
50
64
61
54
48
64
66
54
63
50
55
53
53
51
49
54
58
53
64
52
55
42
52
54
54
60
53
66
51
60
46
52
74
50
63
40
52
46
45
44
39
42
41
50
41
52
55
50
40
40
37
47
47
49
46
46
46
51
45
37
39
38
40
50
46
42
36
47
36
39
46
41
48
56
44
48
35
48
32
41
44
47
44
40
48
50
54
51
48
78
49
51
62
58
50
59
63
68
46
71
65
58
82
75
77
49
90
80
86
83
65
91
81
79
94
104
90
109
117
102
100
120
134
128
135
120
137
133
149
153
147
137
145
138
166
167
168
148
163
177
151
171
171
172
172
188
159
180
169
159
170
162
210
196
159
181
176
190
184
212
216
179
197
165
190
194
195
214
190
168
176
192
171
174
198
169
185
157
140
174
160
153
152
149
150
155
137
147
146
170
157
135
150
113
136
124
116
120
109
109
119
119
108
93
108
86
91
95
105
77
90
85
86
81
81
76
87
71
75
76
72
62
78
66
56
73
83
60
50
54
57
48
51
50
68
52
54
45
56
51
43
38
42
50
49
30
50
54
33
28
36
36
34
43
30
27
34
$ROI:
42
143 193
144 194
424 531
429 529
440 544
440 545
440 549
443 544
443 553
490 516
604 1134
679 1395
772 934
800 953
827 855
828 856
840 1946
849 1974
857 2002
872 900
880 1058
887 915
914 1083
1010 1038
1208 1258
1345 1375
1418 1448
2436 2526
3229 3279
3607 3645
6449 6521
6459 6531
6463 6535
6464 6536
6467 6539
6471 6543
6482 6526
6489 6513
6497 6521
12997 13047
12999 13049
13000 13050
