$SPEC_ID:
GAMWIN
$SPEC_REM:


$DETDESC:

$DATE_MEA:
06/04/2025 07:10:48
$MEAS_TIM:
27171.24 27492.25
$MCA_CAL:
3
1.32118272781372E+001 1.29107522964478E+000 0.00000000000000E+000
$DATA:
0 2047
0
0
0
0
0
0
0
0
0
0
0
0
0
0
0
0
0
0
0
0
0
1522
1557
1836
1940
2321
2521
2719
2655
2525
2486
2473
2347
2303
2316
2351
2526
2677
2944
3320
3686
4065
4398
4406
4155
3832
3588
3523
3457
3456
3675
3821
4077
4474
4578
4957
5079
5351
5414
5269
5516
5599
6166
6782
7680
8922
9757
10527
11085
11174
10373
9533
8398
7547
6777
6404
6245
6235
6316
6347
6240
5848
5258
4978
4621
4124
3761
3438
3166
2891
2852
2742
2699
2691
2641
2637
2639
2570
2604
2442
2498
2455
2542
2460
2521
2603
2610
2698
2701
2856
2891
2880
2878
2819
2878
2799
2805
2708
2796
2731
2751
2790
2797
2806
2734
2719
2795
2731
2689
2685
2717
2682
2659
2620
2687
2546
2585
2519
2457
2604
2470
2443
2458
2512
2414
2505
2542
2445
2546
2627
2654
2735
2728
2787
2960
2909
3022
2981
2872
2786
2697
2743
2690
2652
2581
2554
2554
2595
2561
2537
2645
2654
2595
2575
2585
2535
2529
2537
2478
2514
2509
2524
2658
2723
2900
3074
3348
3602
3904
4264
4700
4897
5301
5555
5847
6085
6076
6047
6014
5891
5701
5609
5163
5084
4716
4517
4137
3918
3521
3253
2977
2698
2568
2388
2248
2129
1973
1981
2050
1864
1858
1950
1934
1860
1869
1935
1901
1921
1947
2038
2065
2058
2114
2283
2244
2407
2338
2311
2376
2498
2528
2419
2370
2374
2389
2275
2341
2159
2201
2077
2074
1970
1963
1792
1851
1723
1691
1638
1675
1581
1637
1646
1654
1633
1781
1741
1885
1890
1952
2042
2058
2113
2276
2423
2459
2506
2627
2669
2628
2775
2754
2796
2804
2825
2850
2815
2726
2730
2708
2598
2552
2530
2325
2356
2146
2078
2017
1886
1858
1670
1642
1435
1391
1339
1247
1121
1128
1022
1069
960
882
879
833
868
865
900
809
783
792
833
817
827
790
823
770
763
755
763
748
741
778
741
745
772
740
693
705
712
731
726
721
686
756
636
652
649
701
724
675
689
675
669
669
664
642
669
646
665
673
696
650
698
692
697
746
678
741
747
747
712
718
709
697
725
716
685
728
730
718
713
724
707
715
747
706
723
694
664
690
702
639
704
712
725
672
738
711
701
674
757
720
712
743
765
768
767
754
756
752
800
747
755
703
763
725
732
703
754
673
710
706
722
690
653
649
615
580
645
635
609
637
637
648
657
624
629
637
641
625
630
697
703
698
738
788
747
818
788
868
815
869
946
930
997
970
1030
1050
1092
1121
1147
1222
1281
1288
1319
1271
1324
1408
1349
1362
1442
1511
1399
1487
1403
1465
1466
1539
1540
1495
1476
1490
1488
1415
1434
1446
1460
1352
1399
1359
1342
1293
1271
1168
1225
1206
1172
1050
1024
1063
975
914
884
813
789
781
705
691
710
677
613
601
588
560
519
507
525
490
481
466
464
395
448
403
427
438
427
402
417
389
451
394
404
416
401
369
390
366
406
408
395
398
370
393
409
378
391
414
400
420
376
428
397
434
437
409
399
441
454
390
419
453
394
432
450
444
478
425
501
433
436
442
478
440
462
417
445
452
494
459
475
455
468
505
405
465
473
428
443
476
486
462
454
469
439
439
449
441
444
441
450
434
515
482
447
452
459
509
434
429
491
456
425
430
467
422
430
431
424
482
439
429
429
458
456
464
415
393
395
423
431
414
400
392
392
416
396
357
371
341
366
376
383
350
373
384
352
353
335
371
336
363
349
372
361
337
363
320
361
362
333
339
368
345
378
372
354
380
338
378
328
362
383
378
370
341
359
367
395
374
371
376
387
445
409
406
392
403
431
432
408
454
411
502
476
507
518
492
483
526
522
514
523
572
558
546
565
547
579
590
577
585
626
626
483
642
552
611
579
579
586
601
604
581
593
601
563
543
554
564
565
590
526
545
512
550
540
515
525
544
525
533
501
538
514
513
536
509
502
489
518
517
432
504
511
514
489
478
481
443
454
454
420
434
401
405
490
406
391
392
370
384
353
372
389
334
363
308
328
308
333
304
288
283
279
280
241
285
259
258
260
270
230
266
219
235
220
225
212
227
214
208
233
192
215
202
193
202
211
226
202
180
205
208
184
199
198
200
217
201
200
216
210
217
209
223
223
217
206
208
190
224
232
242
221
212
244
241
239
260
231
236
264
237
240
237
254
267
273
259
253
279
299
260
279
299
280
269
303
312
290
285
280
301
309
304
262
308
325
286
312
313
303
282
297
280
299
303
307
277
284
276
295
294
251
258
281
268
270
251
215
219
253
260
242
218
226
217
226
233
213
211
195
202
190
212
189
181
186
196
183
211
187
170
190
193
171
179
185
191
187
175
169
190
181
176
177
172
175
166
157
167
175
162
188
202
160
164
173
166
174
163
174
171
164
192
161
181
168
162
185
186
193
162
174
150
168
163
166
164
166
159
164
170
145
161
171
147
182
150
143
178
170
159
147
136
136
135
164
144
129
167
143
142
135
131
165
141
136
123
136
140
131
136
128
119
131
137
136
130
108
129
143
144
109
139
118
107
122
116
108
97
118
112
126
124
118
144
99
104
113
117
119
123
120
108
120
110
115
139
131
135
126
124
130
113
120
140
116
133
135
127
132
133
130
117
144
136
157
140
160
114
137
157
146
133
154
158
167
159
156
144
149
142
150
146
148
163
159
165
144
191
180
158
181
166
168
184
173
185
179
205
184
203
185
197
209
212
211
195
198
237
233
242
210
234
224
241
240
255
244
229
239
264
257
271
291
266
291
265
276
253
293
256
282
256
288
271
307
282
263
266
249
286
293
290
303
257
265
245
256
229
265
262
255
236
227
216
216
243
241
267
195
211
208
197
223
174
176
181
195
175
155
173
175
176
189
166
156
151
154
154
155
132
138
137
118
135
122
140
117
103
110
122
113
123
125
119
117
108
130
117
125
129
115
118
120
110
112
98
98
110
102
105
104
111
110
106
101
114
104
128
103
107
103
126
112
105
101
99
112
108
104
99
105
108
119
102
127
103
93
98
112
114
89
91
104
106
109
107
107
102
90
86
87
100
101
114
99
107
95
96
92
102
107
104
103
85
94
79
90
82
99
89
93
79
75
92
80
76
86
70
77
84
74
66
65
73
96
94
83
72
65
64
78
70
69
67
84
80
76
97
77
77
95
89
89
75
66
71
85
92
80
90
88
110
89
116
93
101
92
92
112
96
109
90
91
110
99
104
107
119
97
121
120
114
143
132
106
127
111
120
111
116
114
123
142
123
137
131
126
137
117
101
105
136
143
149
125
134
142
129
119
138
122
124
133
132
112
129
135
107
132
116
125
123
97
132
118
113
106
112
97
119
92
93
105
122
101
108
90
98
77
89
88
91
69
81
84
77
70
75
84
65
80
76
80
76
70
62
64
80
75
66
66
73
56
57
83
48
59
64
59
54
58
56
66
71
68
60
53
57
53
61
58
51
47
55
65
57
54
61
52
59
58
66
47
57
63
69
39
58
40
61
51
62
48
55
54
45
64
45
51
50
49
51
48
48
34
50
47
55
42
44
41
56
46
48
46
38
43
41
41
48
42
52
56
49
46
35
43
30
40
46
32
45
36
30
37
41
42
43
37
37
38
46
42
35
38
31
37
34
45
35
49
37
31
37
43
48
49
30
28
36
37
27
31
53
29
34
40
28
27
33
38
30
41
33
37
30
42
37
46
32
25
28
36
31
32
38
32
45
33
38
30
33
38
49
51
35
46
44
46
39
31
32
31
43
44
46
33
41
49
59
51
50
40
55
40
61
44
49
57
56
49
57
51
55
47
54
47
59
55
65
50
47
56
54
49
60
42
46
57
49
46
51
63
76
45
67
72
78
73
66
64
78
67
63
67
62
57
66
66
63
62
54
67
62
62
59
55
74
59
74
56
70
78
52
60
70
70
51
67
51
61
68
64
69
61
63
63
70
60
46
62
69
56
66
68
57
60
55
68
44
50
47
66
79
56
47
55
54
53
56
48
61
71
63
55
59
64
52
53
49
62
53
58
55
55
42
39
53
44
55
52
52
65
54
49
62
42
58
58
58
59
52
49
61
52
52
49
53
34
52
41
31
56
49
45
51
40
47
47
43
46
52
38
47
51
49
45
44
38
49
52
35
46
43
61
38
37
56
39
37
38
43
41
44
37
47
39
38
45
32
25
37
41
44
51
45
44
35
38
43
45
45
27
37
33
28
45
35
41
34
34
27
45
35
30
24
31
30
29
29
27
37
32
33
35
30
33
41
31
31
28
18
38
38
24
40
22
30
36
28
35
30
27
30
25
27
30
32
17
34
36
38
20
26
39
39
32
32
18
16
18
31
20
27
31
31
29
25
22
30
32
19
28
22
20
17
26
23
26
32
23
28
30
23
22
22
27
22
20
18
17
26
33
19
21
39
19
27
21
23
21
25
28
31
13
22
16
29
18
17
25
24
23
24
24
19
19
17
19
22
17
20
23
24
16
16
25
32
21
29
17
17
21
24
26
19
24
19
20
15
25
23
25
26
31
33
35
36
36
22
31
45
31
45
36
39
32
42
38
39
32
49
52
39
43
52
52
61
59
57
54
52
56
61
85
89
55
69
60
63
76
78
68
70
70
82
65
85
79
70
94
96
92
78
89
88
95
102
78
96
84
85
102
108
93
104
97
92
107
119
79
100
88
94
98
78
85
76
78
89
95
82
87
66
86
79
85
79
83
72
82
80
67
77
59
70
63
63
70
60
63
63
54
53
61
66
47
59
54
60
50
62
44
44
59
46
59
42
37
39
58
29
32
52
51
40
31
41
34
43
32
34
29
30
17
39
21
29
18
33
32
24
13
26
31
17
21
16
30
24
22
21
20
21
10
32
20
19
20
22
21
21
14
22
19
$ROI:
42
143 193
144 194
424 531
429 529
440 544
440 545
440 549
443 544
443 553
490 516
604 1134
679 1395
772 934
800 953
827 855
828 856
840 1946
849 1974
857 2002
872 900
880 1058
887 915
914 1083
1010 1038
1208 1258
1345 1375
1418 1448
2436 2526
3229 3279
3607 3645
6449 6521
6459 6531
6463 6535
6464 6536
6467 6539
6471 6543
6482 6526
6489 6513
6497 6521
12997 13047
12999 13049
13000 13050
