$SPEC_ID:
GAMWIN
$SPEC_REM:


$DETDESC:

$DATE_MEA:
06/11/2025 07:17:26
$MEAS_TIM:
27048.31 27354.77
$MCA_CAL:
3
1.32118272781372E+001 1.29107522964478E+000 0.00000000000000E+000
$DATA:
0 2047
0
0
0
0
0
0
0
0
0
0
0
0
0
0
0
0
0
0
0
0
0
1349
1431
1541
1777
2041
2231
2370
2354
2357
2187
2143
2093
2059
2055
2031
2129
2293
2423
2604
2885
3206
3162
3331
3365
3118
3007
3053
3060
3126
3210
3488
3592
3881
4229
4303
4670
4790
4970
4907
5004
5146
5478
6037
6868
7743
8509
9308
9902
9607
9023
8347
7556
6710
5921
5784
5610
5478
5675
5570
5415
5104
4895
4480
4114
3716
3346
3093
2835
2595
2472
2558
2377
2424
2401
2404
2401
2314
2246
2307
2297
2277
2359
2285
2309
2307
2398
2425
2525
2517
2630
2672
2562
2718
2647
2668
2554
2574
2603
2481
2492
2498
2551
2656
2584
2474
2530
2577
2590
2522
2500
2509
2452
2401
2389
2357
2384
2330
2312
2263
2237
2255
2254
2248
2281
2260
2183
2367
2298
2427
2530
2560
2577
2598
2728
2780
2726
2644
2599
2599
2555
2501
2484
2377
2308
2320
2327
2308
2352
2304
2336
2297
2372
2307
2354
2264
2244
2312
2282
2231
2233
2258
2412
2511
2563
2690
2876
3150
3532
3699
4073
4344
4554
4923
5087
5158
5325
5341
5355
5187
5222
4902
4739
4558
4191
3866
3610
3408
3140
2907
2621
2462
2282
2165
1939
1874
1824
1874
1766
1714
1691
1590
1656
1716
1646
1765
1794
1773
1825
1801
1893
1906
1987
2029
2128
1991
2163
2137
2130
2234
2177
2207
2176
2224
2134
2123
1975
2121
1964
1847
1890
1837
1717
1668
1608
1594
1638
1485
1470
1497
1488
1449
1484
1484
1523
1524
1626
1655
1757
1819
1865
1925
2012
2107
2139
2227
2361
2340
2348
2497
2581
2539
2453
2528
2561
2504
2500
2467
2424
2357
2297
2228
2246
2147
1955
1897
1853
1778
1561
1512
1421
1352
1323
1203
1197
1105
1016
958
938
919
843
808
800
812
763
741
760
792
775
765
757
723
699
701
714
726
753
709
704
702
717
646
707
669
688
680
600
629
671
634
628
603
618
636
614
604
630
601
612
581
608
614
607
602
599
616
626
595
630
623
621
650
635
639
638
616
612
610
650
640
668
669
620
635
645
700
632
689
696
651
669
632
651
645
678
637
644
643
616
615
587
636
626
603
630
658
617
673
607
639
680
649
655
631
703
662
669
682
680
677
687
659
658
650
689
651
665
659
671
637
642
648
571
589
567
564
552
626
581
558
574
559
576
597
554
579
599
567
587
549
607
635
629
675
676
661
692
721
724
741
811
798
784
829
920
915
930
957
1021
1045
1035
1120
1095
1134
1104
1193
1202
1162
1237
1284
1311
1338
1274
1339
1341
1404
1322
1366
1344
1400
1366
1324
1320
1312
1343
1300
1215
1238
1282
1228
1172
1158
1113
1090
1028
1045
943
951
944
864
888
803
832
744
754
695
704
597
592
572
572
514
529
495
465
495
447
463
430
425
429
380
373
350
415
398
415
362
371
393
365
386
385
367
371
376
342
350
380
375
333
361
372
365
377
369
360
373
364
410
370
353
376
358
341
372
361
375
359
381
366
383
406
433
367
368
383
394
397
423
428
402
387
425
393
407
434
406
405
444
410
447
427
419
410
407
442
411
439
393
394
377
388
394
451
434
388
423
421
389
422
463
420
377
397
420
427
410
416
404
435
384
397
412
392
431
399
428
399
463
418
369
407
388
391
379
379
357
387
356
386
347
370
363
342
368
345
343
354
344
332
347
341
315
335
347
330
310
323
313
309
345
296
302
338
312
303
313
315
313
307
337
314
289
354
352
311
314
343
340
314
353
353
365
328
320
338
322
339
370
342
362
364
357
371
375
385
365
380
373
359
423
426
404
458
404
427
428
434
440
490
432
456
461
505
477
502
471
528
549
518
528
506
573
520
558
512
523
503
555
493
529
515
521
509
485
483
545
459
452
480
469
467
446
487
483
413
482
457
474
446
491
478
452
444
441
420
481
445
421
453
432
413
460
439
459
432
404
427
418
436
384
370
357
390
366
367
360
364
340
333
311
328
318
314
318
287
328
280
273
298
260
216
255
244
262
275
259
245
216
257
239
227
178
197
203
234
230
220
193
209
195
192
189
181
188
207
207
235
203
210
184
227
193
190
172
198
175
198
176
191
212
209
180
200
187
212
165
192
209
198
189
194
212
200
227
217
216
248
241
237
220
263
235
233
247
249
228
248
247
265
265
254
295
278
288
257
261
307
267
281
265
282
307
274
285
253
266
311
281
286
308
253
283
257
275
305
287
287
241
255
280
257
250
241
252
248
270
254
221
221
219
232
213
219
209
214
221
220
197
200
185
183
192
214
198
169
187
181
156
166
194
171
152
184
182
153
180
174
193
168
144
150
158
166
157
150
153
154
152
175
132
152
152
162
163
172
147
160
179
157
160
170
178
166
151
154
152
175
131
162
160
152
154
161
162
163
144
180
152
158
157
161
142
161
151
142
156
152
139
155
162
156
153
154
126
157
138
134
126
133
148
147
137
133
134
97
127
128
130
105
122
128
118
110
109
131
112
124
109
109
112
106
109
99
97
106
114
104
129
104
113
96
101
97
104
90
101
97
106
105
99
101
115
104
99
100
105
107
99
126
108
113
119
133
124
137
115
107
125
121
111
106
119
119
134
137
138
102
127
121
127
129
140
142
138
124
145
150
139
149
136
152
152
165
159
155
173
164
169
149
167
159
177
164
163
169
168
182
173
168
166
189
176
184
214
215
205
213
231
193
235
235
217
246
214
231
255
270
258
244
292
259
281
264
263
278
283
278
276
309
274
289
278
274
298
293
284
263
281
263
276
279
258
262
270
275
271
277
244
232
262
233
267
220
220
228
231
239
205
216
215
227
216
198
216
202
160
170
200
180
170
182
149
160
163
134
143
161
141
165
137
124
124
132
130
116
119
109
108
108
122
133
122
116
110
101
110
106
102
99
115
109
107
114
99
109
93
98
108
100
90
85
89
100
97
92
104
93
110
102
111
86
105
96
86
99
114
100
102
93
92
101
97
98
100
98
81
92
87
104
93
89
93
96
76
99
102
92
78
88
81
99
82
94
94
91
110
83
78
83
91
80
91
98
79
85
75
86
74
57
81
73
86
62
63
68
69
73
85
79
71
89
73
63
74
65
75
78
62
73
63
63
78
65
72
61
67
64
52
76
55
64
63
71
73
87
72
65
78
77
75
79
76
77
76
78
72
102
92
82
69
98
91
105
92
97
90
99
82
85
104
88
109
90
101
105
97
112
112
94
111
120
93
116
124
113
102
120
120
125
131
116
124
121
124
114
124
112
117
101
119
125
130
108
116
116
127
124
99
102
125
104
103
95
88
118
108
92
88
98
94
109
96
103
94
97
71
84
89
82
58
86
84
72
89
94
79
76
82
75
63
79
76
63
63
67
64
81
67
62
55
55
63
55
66
55
64
58
69
63
44
52
53
56
58
43
66
64
53
47
46
52
49
52
49
56
53
42
51
57
55
50
58
54
48
43
47
51
32
47
43
45
31
34
37
35
51
40
46
39
44
41
40
47
42
49
36
42
44
41
49
47
46
42
40
38
33
36
35
49
44
33
41
46
42
48
40
33
44
41
34
38
24
43
30
35
27
37
31
31
39
31
38
37
50
42
38
40
29
31
33
43
28
23
34
27
40
33
33
32
35
34
35
35
32
36
34
26
31
37
29
36
42
27
33
29
26
32
37
27
32
30
34
34
26
27
36
27
35
33
27
38
23
28
35
31
35
32
30
32
35
44
40
31
31
34
41
33
37
44
37
42
49
31
36
42
37
32
39
60
53
51
43
44
49
47
47
53
32
51
43
46
36
30
59
59
45
54
57
64
61
39
48
54
52
43
53
56
52
68
60
52
59
58
46
55
61
70
54
57
71
66
51
65
69
61
62
68
46
50
56
61
61
58
68
64
50
61
63
52
49
60
67
64
49
64
59
60
47
52
55
55
51
62
54
50
44
56
58
61
61
49
44
51
53
55
54
45
55
62
55
60
51
49
44
64
57
56
60
56
52
44
53
51
49
41
57
63
59
57
51
46
58
41
47
60
37
50
50
53
49
47
51
45
59
37
45
42
33
41
44
41
47
34
45
45
38
44
43
50
36
37
47
29
47
41
33
32
41
31
37
32
24
32
40
33
39
31
29
28
27
48
39
34
26
32
35
35
30
37
36
41
30
43
27
37
45
43
28
28
43
28
38
34
38
33
34
30
39
37
33
29
20
31
32
35
32
30
31
26
26
29
19
37
25
26
25
29
32
23
42
38
25
19
28
28
22
30
24
30
29
29
34
19
32
30
28
22
26
31
31
28
27
21
24
19
25
29
26
16
22
25
26
22
23
23
20
23
24
17
32
29
17
32
24
24
25
14
21
21
33
28
26
28
18
17
26
27
19
21
26
21
24
18
14
14
20
13
21
14
26
17
17
15
15
18
22
15
20
19
20
23
21
20
22
28
14
18
17
15
16
13
17
28
17
16
14
18
23
14
23
17
17
11
20
21
13
27
21
12
29
18
22
20
22
21
20
25
26
41
31
29
15
42
29
33
38
22
31
27
33
38
39
24
40
43
52
52
42
43
42
58
50
47
55
60
45
55
53
71
51
62
71
51
51
56
71
57
68
71
67
73
88
60
76
69
65
86
77
77
76
64
79
81
73
79
79
74
82
78
84
77
64
84
90
68
88
80
81
77
74
78
89
64
76
62
68
79
80
58
62
51
57
67
62
73
64
72
68
62
69
51
51
64
51
50
51
48
49
56
49
35
49
38
38
32
45
52
34
34
37
38
38
35
37
41
26
24
37
33
31
27
24
37
33
31
29
15
24
16
25
25
20
18
20
23
24
22
25
20
22
14
18
26
22
24
20
10
19
15
18
18
15
14
17
11
14
$ROI:
42
143 193
144 194
424 531
429 529
440 544
440 545
440 549
443 544
443 553
490 516
604 1134
679 1395
772 934
800 953
827 855
828 856
840 1946
849 1974
857 2002
872 900
880 1058
887 915
914 1083
1010 1038
1208 1258
1345 1375
1418 1448
2436 2526
3229 3279
3607 3645
6449 6521
6459 6531
6463 6535
6464 6536
6467 6539
6471 6543
6482 6526
6489 6513
6497 6521
12997 13047
12999 13049
13000 13050
