$SPEC_ID:
GAMWIN
$SPEC_REM:


$DETDESC:

$DATE_MEA:
11/20/2025 06:38:59
$MEAS_TIM:
28214.45 28645.19
$MCA_CAL:
3
1.32118272781372E+001 1.29107522964478E+000 0.00000000000000E+000
$DATA:
0 2047
0
0
0
0
0
0
0
0
0
0
0
0
0
0
0
0
0
0
0
0
0
2016
2108
2332
2638
2875
3042
3257
3296
3090
3080
2863
2863
2861
2886
2921
2983
3083
3204
3407
3646
3723
3887
4031
3982
3864
3800
4047
3905
4150
4202
4515
4934
5162
5531
5667
5904
5922
6062
6044
6233
6610
6952
7569
8274
9003
9678
10055
10291
9652
9050
8495
7650
7007
6734
6738
6498
6590
6739
6374
6137
6087
5604
5286
4943
4554
4359
4197
3984
3759
3793
3872
3707
3679
3554
3653
3639
3551
3501
3468
3572
3572
3655
3558
3631
3817
3770
3770
3691
3846
3955
3834
3876
3806
3802
3868
3714
3911
3690
3641
3726
3828
3588
3550
3693
3649
3566
3675
3596
3593
3561
3505
3538
3413
3348
3262
3316
3311
3316
3195
3231
3246
3185
3366
3274
3130
3259
3210
3304
3376
3385
3548
3482
3505
3549
3484
3497
3433
3422
3415
3333
3132
3211
3136
3246
3236
3209
3208
3087
3233
3215
3123
3155
3076
3048
2969
3082
3213
3093
3154
3203
3156
3358
3438
3687
4002
4154
4406
4739
5057
5356
5413
5825
5829
5786
5961
5995
5860
5568
5362
5171
4840
4831
4450
4202
3884
3656
3471
3222
2987
2791
2788
2585
2471
2420
2350
2283
2355
2369
2270
2318
2237
2220
2228
2214
2315
2345
2337
2346
2359
2422
2404
2503
2495
2432
2476
2458
2399
2514
2468
2509
2496
2318
2398
2468
2324
2223
2153
2102
2094
1931
2038
1978
1914
1854
1854
1792
1819
1793
1801
1878
1901
1922
1914
1908
2096
2133
2149
2255
2209
2328
2311
2369
2545
2455
2561
2645
2696
2597
2643
2730
2673
2552
2594
2491
2539
2437
2414
2228
2330
2245
2120
2128
2038
1956
1801
1792
1550
1632
1491
1424
1346
1380
1218
1240
1184
1148
1123
1053
1121
1112
1052
1010
1053
1020
1001
999
971
977
932
1013
1008
990
996
1003
980
975
987
949
932
887
899
971
912
998
922
936
936
882
913
810
879
857
840
831
927
888
827
855
855
895
874
887
912
914
866
889
882
815
869
917
871
878
849
864
869
813
890
935
849
823
896
839
861
844
880
889
879
896
836
840
858
821
882
832
881
831
853
872
793
822
788
858
806
823
809
853
874
926
787
855
870
835
869
855
818
833
869
897
903
903
885
842
869
880
832
748
840
809
785
836
821
746
717
769
735
731
722
723
734
735
746
722
715
750
751
758
832
746
782
807
828
838
837
831
906
904
921
1024
972
1026
1073
1074
1094
1165
1125
1115
1195
1225
1296
1293
1276
1249
1305
1320
1367
1344
1375
1365
1414
1391
1412
1337
1344
1432
1367
1367
1301
1345
1386
1237
1249
1299
1286
1284
1197
1176
1087
1095
1098
1085
1030
1015
992
956
930
881
849
820
834
772
769
698
697
681
704
628
634
623
599
558
586
560
572
575
556
530
475
548
517
490
506
486
505
527
523
512
519
441
493
487
514
482
458
483
487
452
509
497
521
546
507
536
482
492
451
501
520
512
514
520
477
538
501
513
520
470
544
513
554
578
543
546
509
537
524
536
567
569
544
537
563
539
557
559
532
502
544
559
566
546
550
510
501
578
511
523
573
507
529
528
588
583
530
516
566
509
534
474
559
530
555
576
577
505
538
492
529
554
521
522
523
502
535
487
508
517
505
514
483
502
511
501
490
501
461
439
468
443
457
474
452
463
481
503
454
449
436
469
465
483
426
475
465
441
453
504
481
430
442
455
467
442
433
462
463
447
467
472
474
451
424
417
448
441
477
428
460
454
448
441
529
432
465
453
509
448
463
484
500
505
555
520
533
514
572
553
534
522
525
550
552
578
589
598
605
580
605
642
642
593
668
683
664
620
599
655
659
687
668
627
667
662
599
645
623
654
672
670
618
638
602
655
631
645
641
606
644
631
631
610
594
652
607
626
605
571
594
602
567
560
583
586
580
576
601
583
574
610
583
548
602
601
598
522
599
585
553
504
547
531
495
515
515
512
490
505
528
480
508
449
429
410
438
403
432
412
430
436
404
391
353
382
400
392
407
388
336
337
387
388
342
358
330
341
350
348
312
343
335
351
342
363
349
333
384
344
331
278
307
349
362
349
313
339
336
341
301
357
367
332
364
373
344
344
347
344
378
400
356
345
363
363
356
354
401
377
360
354
372
394
406
367
388
391
457
403
410
411
431
423
442
403
402
396
430
402
420
442
440
423
413
428
415
411
442
415
432
464
419
420
408
421
398
399
423
383
373
378
415
409
378
428
401
410
398
366
380
388
358
354
336
330
334
351
341
368
361
384
314
322
361
317
369
357
344
312
314
334
295
313
315
315
326
316
269
275
273
295
258
317
282
290
273
301
275
276
274
258
277
251
287
245
256
228
242
251
277
279
249
231
235
243
257
223
231
234
245
249
254
259
206
226
222
234
236
219
223
235
240
217
224
238
226
197
235
207
174
182
219
202
225
192
198
207
181
180
178
185
188
175
189
163
147
164
197
187
171
174
172
177
143
155
169
131
164
148
177
132
138
152
142
157
155
154
130
136
148
145
142
162
160
143
123
151
139
160
131
116
142
133
135
128
125
150
131
109
127
139
145
151
139
161
138
144
133
150
159
161
160
170
152
140
182
166
182
182
164
168
185
184
213
207
219
239
217
235
253
240
238
256
275
303
287
310
317
336
390
354
379
407
434
401
404
455
448
462
511
523
560
602
589
620
681
694
692
698
781
792
835
812
835
835
865
871
949
970
1013
997
984
997
1073
1079
1083
1028
1071
1063
1057
1087
1069
1055
1082
1018
1051
1032
1034
998
1009
988
973
905
935
937
978
857
882
863
821
896
759
764
730
730
673
723
675
628
635
598
614
563
571
528
518
449
479
451
424
406
378
346
331
312
309
291
268
280
260
267
242
229
213
219
213
196
190
168
166
176
176
171
147
140
128
151
137
139
122
118
131
115
135
130
116
126
112
94
109
97
115
113
102
111
103
111
123
109
111
107
109
96
107
98
98
83
94
106
94
79
97
111
97
100
115
97
95
95
103
94
92
89
102
79
106
84
79
91
99
80
96
79
82
73
75
68
91
86
93
80
84
79
84
66
81
77
77
78
70
70
53
66
84
72
80
68
71
63
66
62
65
59
65
78
73
68
55
63
81
62
58
69
61
68
67
58
71
68
53
52
62
63
64
70
78
71
80
73
78
73
74
75
70
74
65
71
83
68
87
81
73
92
77
84
72
92
94
110
82
93
81
84
100
115
82
95
106
108
105
99
112
85
98
96
99
112
91
106
113
112
116
110
100
99
118
116
113
103
119
114
102
111
100
119
91
109
78
106
84
94
90
72
85
97
93
88
70
93
90
88
70
80
77
79
83
79
79
56
66
68
66
74
84
63
74
61
74
46
80
50
59
60
45
56
51
53
61
48
54
46
49
43
59
65
52
49
58
51
49
54
49
56
46
50
42
46
65
54
49
45
50
57
45
42
52
42
47
45
48
67
43
42
56
67
36
53
51
44
39
37
39
43
43
48
44
48
32
38
45
36
39
35
51
37
39
38
35
41
33
45
33
43
41
41
34
31
38
43
43
53
26
40
38
35
34
37
34
42
36
35
41
38
37
47
37
38
43
34
37
37
39
34
41
37
41
35
34
31
30
37
30
41
33
30
27
44
53
24
36
40
54
29
44
34
29
33
33
42
46
37
36
33
37
27
28
42
50
39
42
39
29
38
40
31
31
35
32
44
30
36
32
43
28
35
36
33
26
33
37
34
29
43
38
26
34
44
46
40
35
30
46
38
46
39
52
38
45
42
49
51
50
58
50
37
40
39
58
48
49
55
52
65
49
37
59
57
48
48
60
47
60
50
48
52
67
52
50
58
55
46
59
46
70
39
69
51
79
72
56
56
57
58
60
60
42
60
57
60
63
65
59
51
58
49
56
47
46
56
43
45
57
50
47
67
58
54
53
47
39
62
49
53
63
60
60
69
49
53
48
54
60
55
43
57
43
38
47
52
58
60
54
46
41
47
47
44
40
40
46
58
53
43
46
53
42
48
48
38
49
47
45
41
47
43
53
44
49
52
43
45
42
39
48
36
38
42
57
41
46
49
42
46
48
44
47
35
38
38
34
41
50
46
40
42
31
32
31
32
37
38
36
32
40
40
50
39
24
42
41
39
27
37
35
35
31
32
42
46
36
45
36
35
35
29
43
38
38
36
39
43
33
44
28
31
39
33
37
29
40
28
32
29
33
32
30
39
38
26
29
26
34
32
30
28
29
33
42
22
45
21
32
25
27
22
28
28
32
32
32
29
30
28
31
25
26
31
19
27
17
21
29
21
20
23
24
20
17
30
31
25
29
22
21
22
15
21
20
27
14
10
28
24
32
23
27
22
25
20
29
21
27
19
20
19
24
22
21
25
25
21
14
24
15
19
19
28
25
15
28
10
11
26
21
22
24
18
17
21
22
22
17
12
27
18
26
28
21
27
20
17
29
20
19
32
13
18
17
21
26
22
27
25
16
19
22
21
22
16
30
24
27
19
21
22
34
29
27
27
29
30
31
30
33
27
39
34
38
37
45
48
35
34
36
32
39
53
44
51
56
55
58
61
47
63
41
67
65
66
57
56
66
57
59
69
74
67
70
71
83
74
67
62
80
74
73
76
88
89
95
83
98
78
83
78
87
73
84
95
79
76
83
69
70
96
82
71
89
81
82
86
67
74
79
71
74
77
62
80
74
51
62
57
58
72
56
64
81
64
68
50
39
57
40
44
50
33
49
51
41
36
44
34
39
43
48
38
31
33
38
34
48
36
42
30
43
27
42
33
23
36
28
28
27
20
29
25
24
21
30
29
24
28
19
20
31
23
25
26
20
21
20
12
23
13
17
18
18
17
19
19
13
19
10
23
22
21
15
19
9
$ROI:
43
143 193
144 194
424 531
429 529
440 544
440 545
440 549
443 544
443 553
490 516
604 1134
679 1395
690 1434
772 934
800 953
827 855
828 856
840 1946
849 1974
857 2002
872 900
880 1058
887 915
914 1083
1010 1038
1208 1258
1345 1375
1418 1448
2436 2526
3229 3279
3607 3645
6449 6521
6459 6531
6463 6535
6464 6536
6467 6539
6471 6543
6482 6526
6489 6513
6497 6521
12997 13047
12999 13049
13000 13050
