$SPEC_ID:
GAMWIN
$SPEC_REM:


$DETDESC:

$DATE_MEA:
11/13/2025 14:37:51
$MEAS_TIM:
57212.84 58054.08
$MCA_CAL:
3
1.32118272781372E+001 1.29107522964478E+000 0.00000000000000E+000
$DATA:
0 2047
0
0
0
0
0
0
0
0
0
0
0
0
0
0
0
0
0
0
0
0
0
3866
4055
4399
4884
5188
5726
5993
5810
5585
5577
5392
5235
5144
5214
5235
5363
5589
5917
6412
6890
7192
7314
7443
7083
7015
6802
7004
6987
7429
7805
8361
9207
9849
10098
10571
11152
11444
11805
11915
12323
13234
14718
16511
18891
20951
22875
23885
23942
23179
21234
19226
16969
15325
14639
14236
14540
14400
14494
13959
13460
12569
11825
10988
9691
8921
8056
7697
7284
6943
6933
6836
6703
6535
6427
6646
6419
6336
6421
6252
6275
6486
6375
6520
6443
6655
6861
6978
7120
7117
7395
7374
7344
7095
6987
7188
7206
7225
6944
6982
7030
7058
7132
7146
7028
7046
7061
6929
6961
6909
6940
6728
6780
6795
6555
6458
6444
6217
6395
6310
6192
6411
6257
6382
6361
6403
6342
6760
6867
6926
7160
7145
7142
7319
7226
7191
7169
7090
6867
6913
6828
6773
6485
6512
6529
6376
6325
6263
6340
6598
6428
6401
6388
6363
6266
6288
6263
6294
6391
6423
6438
6737
7048
7537
8128
8814
9544
10535
11078
11820
12659
13231
13632
14182
14431
14269
14296
14027
13323
12918
12463
11927
11021
10214
9624
8887
7921
7477
6940
6326
5924
5718
5221
5045
4811
4830
4531
4649
4499
4485
4602
4467
4605
4699
4723
4750
4938
5041
5076
5274
5489
5476
5431
5425
5651
5525
5714
5764
5701
5704
5589
5519
5510
5559
5293
5163
5058
4943
4860
4696
4424
4299
4232
3947
3988
3839
3854
3857
3896
3838
3927
4102
4082
4247
4439
4444
4735
4819
5009
5217
5462
5691
5785
5931
6152
6241
6333
6336
6435
6536
6483
6461
6382
6387
6308
6053
5975
5890
5671
5391
5233
4983
4838
4628
4333
4010
3834
3762
3464
3201
3081
2803
2732
2540
2449
2385
2336
2208
2080
2011
2045
1948
1951
1956
1993
1907
1931
1865
1843
1906
1818
1896
1892
1720
1812
1851
1758
1881
1784
1708
1712
1704
1775
1659
1634
1643
1684
1660
1573
1671
1630
1637
1616
1634
1537
1552
1554
1582
1598
1536
1596
1549
1541
1653
1549
1551
1554
1609
1641
1592
1652
1630
1651
1686
1617
1704
1622
1616
1600
1652
1629
1691
1684
1611
1681
1667
1702
1665
1620
1744
1697
1608
1585
1654
1592
1621
1561
1634
1674
1601
1643
1620
1637
1692
1590
1675
1684
1669
1774
1679
1751
1777
1733
1683
1702
1762
1753
1687
1701
1703
1696
1730
1696
1726
1650
1655
1605
1587
1487
1533
1540
1490
1551
1506
1506
1396
1432
1458
1423
1469
1426
1408
1546
1530
1501
1512
1597
1566
1644
1836
1706
1786
1810
1884
1937
2001
2034
2172
2219
2320
2386
2328
2509
2612
2725
2755
2890
2869
2925
3101
3120
3077
3224
3199
3331
3274
3396
3513
3435
3540
3466
3476
3553
3454
3491
3507
3472
3335
3289
3273
3212
3303
3097
3054
3007
2958
2957
2810
2747
2660
2499
2430
2396
2235
2253
2091
2043
1958
1899
1776
1734
1551
1555
1463
1405
1415
1335
1284
1227
1256
1158
1130
1063
1007
1107
1027
987
976
967
1018
929
950
961
886
963
912
922
921
903
895
957
849
905
968
923
886
889
894
873
914
925
917
929
959
978
909
949
945
937
931
938
925
950
1032
1003
1052
1057
1032
1025
1051
1037
1057
1043
1041
1031
1114
1050
1041
1034
1089
1107
1015
1069
1113
1079
1037
1073
1083
1102
1045
1036
1100
1085
1022
1030
1039
1113
1024
1076
1080
1007
1027
957
1069
1098
1074
1054
1040
1010
1047
1049
1039
1069
994
1071
1084
1033
1105
1037
989
1046
1091
1022
940
1006
976
991
965
943
975
1009
930
919
991
956
911
902
915
878
907
825
881
905
872
851
894
866
810
834
820
830
821
806
818
773
827
771
831
847
805
796
812
796
795
792
811
768
819
811
829
831
826
801
838
822
821
923
869
881
875
801
923
924
858
892
926
969
888
985
975
965
999
991
990
1015
1036
1082
1069
1118
1164
1084
1158
1130
1156
1272
1228
1183
1256
1259
1232
1303
1307
1274
1305
1267
1321
1378
1299
1361
1289
1372
1406
1290
1285
1247
1304
1303
1325
1240
1242
1311
1254
1209
1243
1247
1175
1223
1217
1229
1178
1222
1170
1211
1210
1148
1125
1118
1130
1158
1156
1160
1145
1156
1131
1132
1039
1070
1143
1121
1051
1054
1003
1049
1024
989
1012
934
974
883
892
946
882
871
844
816
834
786
743
848
726
769
718
663
692
693
729
661
620
621
603
595
596
551
556
579
554
569
531
535
518
480
468
475
487
462
502
449
482
523
462
452
458
477
447
459
425
459
489
433
468
452
483
480
449
461
499
451
427
487
492
451
514
464
469
510
535
533
481
538
550
538
571
578
591
593
589
617
567
625
636
606
625
622
658
619
665
650
654
662
664
623
657
643
692
655
699
687
687
664
673
734
694
694
710
668
699
674
667
658
645
679
597
641
637
633
634
624
618
599
582
577
542
529
578
534
532
558
511
524
503
492
472
459
464
463
506
480
418
481
433
413
399
424
428
436
419
412
397
373
397
390
393
412
394
419
391
371
375
363
413
386
378
371
390
342
374
366
395
394
384
364
404
388
395
385
394
389
377
382
392
410
394
411
391
399
395
373
384
446
366
366
374
364
396
358
370
383
346
356
397
375
338
370
342
358
349
372
340
330
349
317
330
330
303
313
338
298
313
289
326
280
314
292
315
305
274
285
280
276
303
268
284
277
284
257
299
293
289
290
254
279
264
275
272
273
264
267
250
261
249
258
257
254
288
270
235
259
262
267
289
237
254
288
267
278
299
265
295
300
282
319
304
306
299
297
279
282
307
319
292
325
310
353
348
334
320
336
337
332
329
355
331
370
364
320
354
323
351
345
372
393
434
378
364
405
441
423
385
440
457
455
457
469
464
466
435
462
489
437
472
511
488
504
544
559
599
557
520
551
576
583
578
599
621
617
630
622
635
613
655
712
681
640
683
697
670
664
669
677
683
672
661
690
684
622
692
660
615
587
626
595
567
626
589
554
587
562
523
577
538
513
518
467
519
462
430
448
455
451
439
437
437
394
358
439
332
370
374
318
333
345
352
339
320
302
305
296
314
304
299
254
274
310
304
252
292
279
233
249
272
257
234
260
251
251
234
244
262
282
284
254
266
256
227
261
232
253
251
223
262
267
232
248
244
240
236
264
258
221
220
244
255
242
255
241
233
244
245
248
230
257
243
228
227
241
231
245
236
217
236
222
238
256
246
218
204
253
201
218
217
215
196
232
204
213
211
212
227
185
165
201
180
153
196
205
200
170
173
186
170
186
187
181
171
186
182
190
197
166
180
183
164
176
166
146
167
165
174
172
173
173
181
157
179
194
181
174
182
169
180
191
215
180
189
185
209
207
209
199
193
227
206
227
200
227
237
211
230
232
227
262
245
247
263
288
272
255
236
292
247
287
272
285
290
306
309
264
320
294
292
315
284
280
310
300
300
282
304
294
320
282
304
317
317
295
289
305
289
274
288
292
267
279
288
260
262
256
255
236
257
229
249
210
239
247
212
216
205
227
226
184
205
197
195
190
218
199
204
211
196
191
167
169
187
172
175
157
145
182
176
160
156
154
147
182
154
182
141
132
158
157
132
138
141
146
150
114
138
141
156
143
146
146
146
131
150
112
119
124
126
112
116
127
126
127
118
139
106
121
120
127
122
135
113
129
108
125
108
109
101
93
110
109
95
102
126
105
103
122
82
93
109
101
112
119
89
112
115
85
97
106
89
98
112
116
101
81
88
99
106
101
86
106
94
102
92
82
82
98
88
88
93
92
107
89
99
97
96
99
84
78
80
97
76
89
88
87
83
105
80
72
74
91
100
93
84
68
91
72
91
82
80
82
90
83
82
78
81
78
87
74
89
74
84
82
78
75
93
89
76
81
82
96
74
87
117
74
102
91
75
86
90
84
94
92
82
88
105
93
109
104
106
95
116
88
104
110
108
104
113
113
108
107
101
124
109
127
113
132
107
108
110
117
116
119
139
138
121
134
127
142
141
128
147
120
134
128
159
156
148
146
158
143
159
140
133
153
154
132
167
160
137
166
156
183
176
135
151
151
159
130
156
144
133
139
157
154
156
136
144
141
156
172
117
149
126
151
141
158
168
141
143
136
130
142
135
164
160
136
127
149
143
142
162
146
107
152
148
128
118
135
142
131
127
141
136
124
138
147
136
138
145
145
125
134
121
141
135
124
122
126
137
128
127
131
117
113
115
149
108
115
123
98
127
108
108
129
128
130
110
130
124
104
111
127
124
120
89
111
102
121
119
102
107
113
96
111
92
78
112
98
92
87
117
95
103
109
98
101
92
103
106
108
99
96
108
91
92
94
107
90
78
83
98
90
86
102
83
99
105
89
88
87
76
102
67
84
75
89
81
99
87
80
79
81
80
76
66
85
79
63
78
76
85
76
77
71
90
59
79
97
68
62
59
65
75
80
86
76
73
67
64
76
73
58
68
77
69
59
58
62
75
58
60
60
47
63
58
71
74
80
60
67
59
70
76
65
47
65
54
54
60
52
65
64
62
59
64
49
42
57
60
68
44
67
56
55
54
54
57
39
56
45
51
58
51
52
57
47
58
60
68
48
54
56
46
53
62
49
48
47
48
37
50
41
38
52
58
49
44
41
40
47
49
40
42
54
45
62
54
56
45
52
55
53
57
62
45
57
39
58
52
59
50
72
62
67
58
80
73
58
56
74
68
71
71
82
75
81
93
83
78
89
90
83
91
101
106
123
112
108
125
127
132
129
142
124
155
145
144
134
184
137
181
155
187
166
172
172
194
185
192
183
170
181
194
188
206
214
210
202
205
203
198
185
196
201
232
202
208
209
242
219
213
222
215
202
217
215
228
187
185
205
206
188
186
183
178
195
166
224
203
197
174
181
191
183
175
175
143
159
174
184
160
139
155
146
153
136
128
143
108
124
120
118
107
124
118
117
113
96
108
91
93
106
73
85
87
81
88
95
83
81
75
70
76
86
66
59
74
68
59
60
63
76
57
48
50
54
49
49
42
52
44
44
42
38
50
52
55
35
39
41
37
39
45
47
33
36
43
43
45
38
34
34
28
26
38
$ROI:
43
143 193
144 194
424 531
429 529
440 544
440 545
440 549
443 544
443 553
490 516
604 1134
679 1395
690 1434
772 934
800 953
827 855
828 856
840 1946
849 1974
857 2002
872 900
880 1058
887 915
914 1083
1010 1038
1208 1258
1345 1375
1418 1448
2436 2526
3229 3279
3607 3645
6449 6521
6459 6531
6463 6535
6464 6536
6467 6539
6471 6543
6482 6526
6489 6513
6497 6521
12997 13047
12999 13049
13000 13050
