$SPEC_ID:
GAMWIN
$SPEC_REM:


$DETDESC:

$DATE_MEA:
12/01/2025 15:11:43
$MEAS_TIM:
57374.38 58233.90
$MCA_CAL:
3
1.32118272781372E+001 1.29107522964478E+000 0.00000000000000E+000
$DATA:
0 2047
0
0
0
0
0
0
0
0
0
0
0
0
0
0
0
0
0
0
0
0
0
3913
4099
4326
4742
5318
5895
5769
5898
5720
5459
5326
5179
5315
5042
5094
5453
5766
5895
6301
7002
7524
7567
7860
7563
7335
7049
7005
7133
7473
7906
8379
9003
9351
10156
10908
11359
11554
11776
12204
12092
13017
14112
15407
17341
19496
21453
22604
22827
22128
20264
19006
16578
15216
14261
13723
13591
13656
13403
13421
12827
12250
11478
10317
9506
8672
7999
7452
7251
6851
6561
6285
6241
6250
6000
6071
5880
5898
6044
5932
6039
5889
5887
5963
6038
6200
6234
6388
6492
6664
6642
6777
6853
6904
6634
6650
6561
6701
6466
6616
6524
6484
6562
6586
6619
6472
6576
6369
6431
6467
6367
6319
6225
6150
6201
5967
6015
5949
5871
5814
5789
5865
5801
5796
5807
5917
5806
6014
6189
6322
6374
6566
6471
6749
6713
6837
6664
6596
6513
6450
6235
6214
6046
6106
5987
5971
5913
5880
6010
5751
5915
5907
5883
5658
5810
5649
5658
5742
5756
5720
5938
5982
6215
6532
6971
7464
8063
8615
9430
10036
10626
11311
11388
12270
12417
12667
12765
12643
12221
11857
11674
10825
10381
9805
9113
8471
7906
7297
6576
6069
5556
5265
4998
4722
4681
4515
4388
4257
4117
4175
4146
4182
4161
4225
4279
4220
4379
4276
4627
4620
4797
4744
4897
4909
5237
5054
5204
5236
5269
5265
5140
5173
5127
4843
4808
4906
4593
4618
4394
4280
4228
4066
3970
3889
3744
3597
3537
3514
3533
3651
3621
3593
3618
3674
3921
3999
4019
4250
4466
4439
4761
4783
5144
5201
5423
5409
5624
5601
5756
5876
5816
5796
5812
5998
5671
5838
5613
5528
5307
5295
5009
4900
4592
4409
4178
3991
3781
3444
3360
3200
2977
2744
2608
2499
2381
2293
2181
2135
2059
2015
1886
1844
1851
1825
1829
1784
1832
1811
1739
1722
1687
1800
1751
1701
1700
1733
1630
1599
1630
1603
1617
1633
1585
1650
1495
1513
1530
1556
1534
1521
1485
1509
1552
1444
1480
1511
1438
1444
1438
1486
1415
1424
1436
1442
1483
1493
1506
1448
1556
1499
1544
1527
1449
1596
1573
1512
1526
1540
1485
1541
1564
1532
1508
1535
1527
1543
1507
1485
1489
1580
1509
1579
1619
1526
1519
1483
1562
1484
1489
1582
1555
1490
1531
1568
1504
1503
1527
1558
1605
1534
1585
1583
1631
1607
1600
1571
1559
1601
1597
1500
1552
1628
1597
1562
1522
1560
1476
1451
1459
1513
1515
1399
1407
1369
1343
1349
1304
1410
1305
1275
1301
1299
1295
1352
1357
1346
1421
1423
1404
1428
1600
1593
1532
1591
1727
1738
1763
1841
1917
1970
1928
1969
2095
2071
2237
2402
2401
2407
2565
2522
2713
2804
2809
2830
2849
2887
2960
2960
2992
3000
3074
3055
3066
3161
3072
3065
3074
3082
3014
3054
3050
3021
2999
2935
2858
2780
2681
2716
2643
2541
2545
2393
2178
2265
2104
2093
2045
1878
1823
1776
1632
1647
1586
1519
1388
1398
1304
1254
1226
1198
1123
1170
1060
975
975
963
945
932
943
880
852
946
919
946
907
847
802
877
907
855
856
882
854
884
824
836
795
878
866
862
821
865
834
809
815
836
801
847
891
884
862
854
820
906
902
864
936
903
980
906
942
924
913
936
913
906
909
974
974
923
974
972
980
952
948
1012
937
985
985
999
976
1003
967
1028
999
955
926
966
994
957
968
935
967
961
982
948
883
951
971
925
978
953
947
966
994
968
981
955
973
991
973
952
982
942
949
945
920
919
902
890
921
895
854
911
922
906
825
871
858
825
836
836
841
821
771
821
832
781
773
830
764
795
778
762
747
726
837
750
752
732
751
742
719
752
735
762
758
805
748
715
751
774
750
736
763
698
765
782
795
749
801
783
768
775
801
790
843
802
817
832
862
907
941
904
886
912
930
964
943
966
945
1019
1011
1100
1062
1073
1048
1141
1108
1131
1165
1164
1141
1179
1165
1168
1206
1281
1196
1194
1265
1256
1279
1269
1210
1224
1231
1246
1230
1210
1150
1192
1213
1122
1139
1145
1142
1106
1089
1073
1090
1126
1093
1056
1112
1097
1092
1037
1077
1016
1027
1101
1018
1120
1057
1040
1026
1018
1036
1040
1037
1037
966
985
979
964
958
892
940
887
881
852
818
843
785
800
801
762
783
731
702
701
700
678
672
710
610
637
611
611
575
516
536
574
539
522
501
525
498
511
519
492
460
502
447
430
416
427
455
449
425
481
431
426
429
452
446
438
411
435
441
437
426
430
441
423
431
430
437
453
456
424
464
443
466
440
474
425
472
507
523
499
484
511
470
513
513
508
534
525
548
550
545
566
543
576
577
579
535
598
624
582
605
566
607
600
602
603
630
573
634
599
641
685
636
616
618
604
603
578
601
661
592
631
569
582
553
526
565
589
550
564
557
527
551
557
513
503
511
487
505
500
508
471
453
526
439
404
449
450
395
408
416
409
414
427
426
358
392
380
374
343
368
340
345
344
325
358
407
371
363
353
360
369
389
369
346
359
356
411
350
378
374
313
331
335
348
351
359
358
331
385
359
374
369
358
323
358
367
378
338
339
347
321
365
355
335
354
366
317
330
327
334
341
367
321
349
343
343
305
307
322
294
299
335
307
317
291
282
271
306
291
259
254
293
290
280
278
286
286
288
261
256
279
287
255
247
231
263
245
277
288
233
232
243
243
238
237
247
231
219
257
263
244
253
235
242
238
276
245
261
229
252
252
242
253
261
274
241
260
279
282
282
298
243
300
265
259
277
286
277
275
308
298
285
274
294
282
281
294
280
300
295
315
320
314
320
334
338
330
351
363
353
350
302
320
353
378
386
344
359
372
375
381
394
376
381
411
391
465
428
449
438
480
484
447
484
467
454
495
501
505
511
510
525
530
546
561
577
591
597
589
533
633
601
642
612
524
606
634
616
607
575
646
606
690
598
599
632
569
560
591
622
594
564
532
613
569
602
521
544
519
493
512
480
454
451
470
459
424
455
419
446
411
372
360
363
370
385
340
360
334
322
292
344
342
316
282
274
269
269
277
242
258
277
264
234
253
254
247
247
244
227
222
234
226
217
243
282
227
228
239
236
243
220
241
239
219
232
208
234
220
216
230
212
264
217
241
227
221
221
211
219
215
221
229
201
207
218
210
234
250
218
207
229
211
230
199
213
232
195
189
215
222
216
196
221
218
220
188
209
239
195
204
189
184
198
186
182
180
208
190
186
178
175
172
170
176
179
187
170
164
181
169
175
140
145
137
182
192
178
174
137
136
177
150
160
168
150
136
163
178
151
167
170
163
165
173
159
145
152
157
169
164
149
151
170
188
176
172
189
174
195
190
221
173
182
161
204
189
213
193
221
214
203
216
233
207
220
234
242
234
257
289
239
255
278
253
263
255
281
264
287
309
285
276
268
264
250
281
273
273
273
255
249
264
274
303
255
277
271
255
263
251
241
253
227
260
257
228
226
228
243
250
229
239
222
224
214
202
229
230
205
203
219
189
185
183
176
165
170
159
155
158
143
161
154
167
157
165
168
159
136
151
154
149
147
157
145
129
166
131
136
135
141
133
134
139
121
143
122
123
126
120
131
116
121
139
124
115
132
115
113
119
112
127
108
109
118
108
129
98
108
126
107
103
102
110
122
98
100
94
109
104
87
105
95
112
112
110
90
100
111
86
90
85
104
89
75
97
93
97
106
95
87
100
86
105
86
83
103
80
82
88
90
85
74
85
68
96
89
85
83
101
82
77
76
74
77
90
98
86
85
88
82
77
86
81
80
84
94
93
77
76
78
79
87
77
69
89
78
73
73
81
87
76
77
77
83
83
83
79
71
75
66
79
77
79
74
90
68
88
63
83
79
89
74
97
64
80
79
74
85
82
83
75
91
81
83
91
88
92
75
89
91
88
100
98
94
98
94
94
109
93
107
101
80
85
86
93
113
92
101
94
98
102
112
123
111
111
105
105
105
103
102
112
109
110
120
133
135
126
94
111
140
137
138
126
116
140
133
139
106
139
128
142
117
116
122
148
115
128
114
136
143
147
151
135
129
132
149
136
119
146
142
148
112
133
134
137
124
122
133
117
133
121
138
111
134
120
136
160
133
128
126
135
132
134
139
121
131
111
119
109
115
113
120
139
125
129
137
108
152
123
118
139
114
103
131
120
123
132
113
129
130
108
137
109
109
106
111
125
108
121
123
113
119
113
111
108
94
98
123
113
96
120
110
92
114
97
105
94
113
105
86
110
99
104
107
107
93
100
92
101
98
116
94
93
95
93
104
90
84
99
107
78
105
75
69
95
95
92
82
87
83
90
100
79
86
106
90
103
84
83
75
83
87
89
82
67
85
75
62
87
73
86
73
73
77
81
72
66
56
76
61
87
55
66
69
70
72
84
71
65
64
85
58
54
68
64
64
57
74
56
83
60
51
61
62
58
68
59
55
60
59
61
68
57
62
69
65
52
63
59
67
61
61
58
66
50
65
58
53
49
48
52
47
64
42
53
52
51
56
45
60
50
59
51
57
57
51
42
43
54
54
42
50
68
50
65
55
54
45
42
45
43
63
41
53
62
54
45
48
39
52
44
47
46
41
37
36
46
51
45
40
43
36
43
45
35
46
62
40
41
41
46
38
38
60
35
56
42
47
53
41
49
57
53
44
58
34
51
53
48
64
63
58
59
65
64
63
85
58
49
77
69
66
73
90
61
85
93
90
72
80
108
107
107
105
114
105
120
128
104
113
108
111
128
138
120
140
127
139
147
151
157
165
147
169
157
159
176
185
167
197
165
179
183
190
203
203
194
193
184
181
201
190
166
191
192
185
168
185
183
206
193
165
178
181
173
180
162
167
172
163
167
164
163
178
167
155
161
148
147
130
168
147
140
164
133
159
134
145
119
141
142
129
132
109
132
104
120
109
106
91
86
116
100
98
89
98
83
84
81
89
79
99
64
79
84
68
81
58
70
69
68
64
59
73
65
45
55
58
57
48
53
46
47
46
46
35
50
41
38
39
50
36
36
44
47
43
36
38
41
36
31
45
29
$ROI:
43
143 193
144 194
424 531
429 529
440 544
440 545
440 549
443 544
443 553
490 516
604 1134
679 1395
690 1434
772 934
800 953
827 855
828 856
840 1946
849 1974
857 2002
872 900
880 1058
887 915
914 1083
1010 1038
1208 1258
1345 1375
1418 1448
2436 2526
3229 3279
3607 3645
6449 6521
6459 6531
6463 6535
6464 6536
6467 6539
6471 6543
6482 6526
6489 6513
6497 6521
12997 13047
12999 13049
13000 13050
