$SPEC_ID:
GAMWIN
$SPEC_REM:


$DETDESC:

$DATE_MEA:
11/13/2025 06:37:10
$MEAS_TIM:
28330.42 28754.61
$MCA_CAL:
3
1.32118272781372E+001 1.29107522964478E+000 0.00000000000000E+000
$DATA:
0 2047
0
0
0
0
0
0
0
0
0
0
0
0
0
0
0
0
0
0
0
0
0
2273
2323
2603
2851
3229
3480
3616
3550
3339
3333
3272
3155
3243
3132
3198
3339
3538
3787
4156
4566
4822
4877
4898
4685
4397
4308
4195
4317
4460
4645
5003
5348
5648
5871
6279
6485
6659
6751
6810
7012
7737
8236
9535
10744
12146
13368
13938
13846
13417
12207
11042
9733
8744
8302
8074
8037
7912
8080
7614
7268
6945
6212
5835
5287
4633
4302
4045
3706
3653
3523
3460
3390
3346
3439
3289
3290
3161
3236
3289
3238
3207
3295
3292
3304
3406
3343
3536
3628
3645
3672
3633
3707
3653
3596
3579
3549
3605
3578
3676
3672
3573
3698
3603
3576
3660
3600
3545
3663
3500
3614
3449
3508
3416
3366
3307
3246
3475
3340
3143
3197
3195
3242
3248
3371
3493
3394
3515
3620
3693
3791
3871
3864
4015
3979
3930
3962
3797
3878
3599
3521
3554
3436
3485
3429
3332
3344
3289
3330
3320
3183
3242
3334
3296
3245
3207
3222
3209
3275
3175
3453
3392
3582
3865
3965
4452
4885
5113
5548
6003
6402
6438
6732
6992
7301
7017
7079
6985
6788
6687
6272
5959
5687
5231
4930
4451
4134
3767
3644
3437
3123
2886
2778
2616
2610
2594
2553
2468
2435
2387
2492
2551
2524
2624
2690
2676
2740
2898
2968
2928
3076
3218
3136
3366
3274
3482
3370
3491
3516
3446
3415
3359
3360
3331
3240
3066
2933
2861
2755
2704
2718
2511
2462
2286
2204
2197
2146
2118
2170
2069
2071
2218
2259
2340
2353
2462
2689
2820
2804
3069
3241
3350
3420
3580
3692
3694
3876
3813
3934
3936
4012
4058
4061
4105
4012
3850
3865
3842
3756
3452
3457
3310
3083
2786
2705
2551
2408
2247
2134
1983
1864
1827
1578
1530
1427
1399
1308
1258
1184
1157
1174
1172
1140
1084
1117
1070
1104
1040
1070
1095
1086
986
986
1057
1026
972
973
979
926
1016
947
948
914
929
852
968
914
838
901
896
819
909
870
831
917
836
896
889
856
884
823
817
882
842
895
892
841
854
858
876
892
868
914
881
880
902
866
917
928
884
874
892
911
918
872
923
874
910
845
945
861
877
861
883
854
798
874
911
878
850
853
877
909
885
908
876
922
907
870
917
875
937
846
919
908
883
885
906
905
904
879
921
892
920
856
812
879
836
847
835
829
793
825
814
762
746
792
767
734
781
718
811
823
744
790
783
830
855
859
880
933
912
903
1050
1025
1076
1143
1172
1124
1211
1250
1270
1365
1329
1391
1490
1553
1512
1598
1680
1766
1736
1750
1790
1870
1969
1975
1941
2044
2090
2078
2022
2066
2122
2097
2099
2108
2070
2099
1998
1982
1990
1991
1894
2010
1901
1815
1792
1684
1659
1582
1632
1509
1494
1419
1445
1379
1248
1203
1123
1072
1017
978
908
906
847
862
817
757
722
719
679
657
667
605
604
619
567
565
551
552
530
556
505
541
565
536
531
497
544
504
493
519
530
522
512
539
526
491
520
509
506
497
531
494
520
523
489
582
534
540
545
533
554
575
544
572
555
555
551
594
561
514
606
593
532
589
570
583
561
634
588
574
573
570
595
615
583
568
594
604
611
597
576
600
596
579
608
586
610
598
563
599
597
651
618
605
632
565
571
610
597
620
665
610
653
605
619
607
562
577
589
600
554
571
563
564
573
593
571
525
523
540
553
524
585
533
496
550
509
518
502
497
473
464
508
464
507
454
437
493
481
466
491
488
502
497
481
458
442
450
436
473
442
475
464
477
438
474
460
508
461
494
455
466
452
485
496
461
497
464
511
466
475
490
518
505
538
540
542
577
536
556
565
572
560
570
553
616
618
630
598
655
643
656
621
686
628
656
635
689
689
682
697
740
727
678
670
700
708
702
717
716
718
675
647
654
706
676
730
666
665
683
694
690
637
622
696
666
662
616
657
625
663
619
680
663
627
650
655
587
658
623
561
613
623
606
566
583
600
602
576
588
596
565
545
528
502
515
498
497
459
502
481
491
454
441
439
466
391
413
382
431
385
391
395
378
387
351
331
367
367
328
297
293
328
334
324
308
309
308
304
308
281
302
301
293
316
314
284
302
285
275
291
295
290
335
289
290
295
318
307
277
280
281
332
291
273
274
321
336
350
310
323
335
317
378
336
362
324
348
374
386
379
380
401
373
423
400
406
352
400
443
413
389
410
477
406
454
448
406
462
473
447
498
493
459
451
416
430
472
463
456
470
438
457
438
435
432
442
432
443
429
416
422
406
404
370
406
385
390
390
386
362
373
332
357
371
366
314
341
317
331
343
325
323
320
340
297
288
274
280
281
303
277
270
271
286
244
264
293
275
288
265
257
270
262
283
245
248
277
247
255
279
230
267
274
287
269
257
260
275
253
267
232
243
264
273
246
265
255
274
241
255
256
266
242
232
258
250
261
246
281
246
219
249
253
236
239
235
212
237
244
239
218
231
235
223
184
199
200
211
203
202
173
193
187
189
179
198
204
188
203
168
204
191
183
179
150
177
163
165
150
157
199
178
154
181
170
142
153
159
164
160
164
164
173
155
174
143
138
163
172
178
158
193
155
165
173
186
155
163
171
196
167
163
180
166
187
196
192
199
163
179
176
203
192
201
188
199
195
202
200
237
216
215
195
224
215
213
220
217
231
227
252
247
252
270
251
262
273
266
257
327
307
291
273
334
302
323
320
322
319
339
369
341
356
399
406
383
382
418
387
440
456
461
471
484
471
460
464
499
471
510
495
529
507
496
524
572
565
573
563
543
535
583
550
556
615
585
581
560
585
569
589
565
540
503
497
516
503
487
491
456
475
464
461
442
411
415
467
399
368
382
361
394
356
350
352
331
298
305
291
303
284
275
277
251
246
250
222
189
231
202
223
193
193
185
205
207
192
168
167
175
159
154
157
185
173
152
149
138
152
146
158
129
140
130
161
146
129
137
132
127
129
141
136
149
142
146
126
135
152
126
145
141
120
137
135
136
138
146
132
124
146
132
134
130
130
127
134
128
123
108
135
136
108
123
148
107
135
126
132
111
132
124
141
120
108
110
111
88
99
108
95
117
88
96
105
86
105
104
95
117
101
79
99
101
116
106
108
91
121
106
109
99
101
109
96
95
78
81
72
84
99
86
98
92
117
104
98
115
105
128
118
119
106
104
104
94
97
108
116
132
122
107
119
128
117
126
125
150
113
133
132
156
137
171
147
142
172
172
157
175
150
164
161
145
204
166
179
185
208
177
212
187
195
208
184
218
211
172
196
204
214
203
201
181
187
175
202
175
187
210
194
177
189
176
185
201
170
178
178
169
163
161
165
182
170
170
132
139
159
150
153
136
137
129
138
128
114
126
128
137
133
117
121
109
124
101
104
108
103
95
110
114
114
100
93
104
98
106
84
98
71
89
76
102
90
75
86
98
77
76
74
94
78
82
71
62
70
69
64
74
65
73
61
82
82
62
69
65
69
60
77
65
58
61
59
54
72
69
53
61
73
65
78
59
64
57
63
76
68
70
53
66
56
42
53
66
58
54
73
58
54
41
55
49
51
48
40
58
61
47
56
63
51
53
50
38
43
49
48
52
49
50
43
43
47
39
40
47
58
49
59
38
53
51
56
34
46
62
39
42
46
52
47
43
46
36
42
42
49
45
44
46
52
46
51
42
44
54
40
43
48
35
46
40
48
33
48
36
46
42
42
45
43
48
43
55
49
38
34
59
48
40
42
48
44
45
40
42
48
41
38
44
38
48
44
55
46
42
42
54
42
53
43
42
44
46
53
61
56
63
59
44
66
56
58
58
76
72
47
69
62
57
60
69
68
68
62
67
74
66
70
73
60
66
60
89
80
87
94
66
67
74
72
71
81
71
86
61
80
70
78
73
69
67
76
80
70
71
66
70
78
88
75
72
75
73
68
75
56
70
91
73
75
81
72
61
69
77
69
88
78
78
79
77
84
68
69
65
74
68
66
76
86
76
60
77
75
76
73
79
53
80
80
76
65
71
67
67
71
65
72
59
73
69
64
65
69
67
76
77
69
57
57
48
82
61
63
79
71
60
67
50
62
54
43
54
65
58
57
59
54
64
44
67
58
46
46
52
39
47
53
55
45
68
50
52
48
40
45
53
53
46
55
52
46
37
58
50
51
60
48
51
41
48
46
42
57
58
49
43
40
44
41
45
29
35
44
55
37
40
41
31
44
41
35
46
31
43
39
26
45
41
38
35
43
42
36
38
31
50
43
35
31
40
25
24
34
44
35
22
25
34
40
29
37
39
34
37
40
41
36
29
42
26
30
32
27
28
22
39
40
31
25
23
39
32
44
26
41
31
28
24
34
32
42
25
44
30
29
22
38
37
18
34
23
27
42
26
25
24
25
30
21
20
32
21
23
29
31
29
23
28
30
28
13
30
21
23
20
17
29
21
19
18
18
29
22
24
38
20
24
21
18
21
25
19
20
33
21
24
34
22
22
14
24
20
21
18
26
29
27
21
28
33
21
24
25
29
27
27
28
24
29
25
28
31
37
23
28
32
36
39
25
28
35
36
44
59
47
40
54
54
48
52
55
49
59
55
56
57
60
65
60
56
70
64
77
70
63
70
67
69
74
77
76
60
96
84
100
78
82
90
84
92
91
89
97
86
102
97
94
103
105
115
96
96
97
99
101
92
100
87
88
103
98
85
96
87
88
98
79
97
92
97
79
109
101
96
74
78
87
66
67
76
61
67
81
81
71
80
64
54
66
57
56
70
73
65
64
63
39
53
56
44
67
49
45
49
49
45
48
38
45
37
30
38
30
27
36
30
26
28
32
20
40
36
26
29
25
31
27
23
30
26
16
15
21
24
23
25
18
17
16
32
24
29
21
16
25
27
16
27
17
22
16
18
22
16
16
20
9
13
18
11
$ROI:
43
143 193
144 194
424 531
429 529
440 544
440 545
440 549
443 544
443 553
490 516
604 1134
679 1395
690 1434
772 934
800 953
827 855
828 856
840 1946
849 1974
857 2002
872 900
880 1058
887 915
914 1083
1010 1038
1208 1258
1345 1375
1418 1448
2436 2526
3229 3279
3607 3645
6449 6521
6459 6531
6463 6535
6464 6536
6467 6539
6471 6543
6482 6526
6489 6513
6497 6521
12997 13047
12999 13049
13000 13050
