$SPEC_ID:
GAMWIN
$SPEC_REM:


$DETDESC:

$DATE_MEA:
06/03/2025 07:11:45
$MEAS_TIM:
27382.80 27693.94
$MCA_CAL:
3
1.32118272781372E+001 1.29107522964478E+000 0.00000000000000E+000
$DATA:
0 2047
0
0
0
0
0
0
0
0
0
0
0
0
0
0
0
0
0
0
0
0
0
1472
1502
1671
1859
2048
2319
2390
2430
2395
2275
2274
2225
2156
2198
2175
2268
2442
2485
2748
2843
3080
3207
3251
3249
3231
3171
3116
3206
3220
3418
3614
3916
4102
4329
4780
4960
5032
5109
5168
5290
5334
5631
6233
7122
8103
9081
9715
10274
10197
9678
8886
7882
6897
6268
6075
5940
5849
5876
5851
5746
5534
5117
4703
4306
3961
3529
3302
3047
2787
2697
2459
2542
2539
2477
2476
2417
2425
2382
2292
2394
2431
2433
2423
2350
2475
2608
2528
2548
2638
2637
2637
2722
2711
2625
2567
2553
2615
2622
2546
2543
2606
2590
2642
2621
2732
2491
2482
2577
2600
2579
2529
2495
2542
2449
2389
2404
2411
2443
2404
2320
2324
2250
2271
2305
2412
2322
2403
2456
2479
2648
2662
2638
2746
2709
2765
2745
2782
2756
2776
2674
2682
2585
2466
2513
2427
2421
2387
2316
2434
2392
2364
2293
2464
2343
2323
2301
2278
2240
2354
2302
2312
2461
2503
2611
2802
3002
3324
3567
3827
4273
4532
4780
4946
5227
5332
5337
5510
5474
5381
5302
5112
4953
4709
4484
4075
3836
3516
3187
3041
2688
2577
2323
2217
2011
1889
1860
1748
1816
1733
1774
1837
1722
1739
1773
1835
1817
1849
1844
2004
1948
1929
2109
2134
2144
2151
2198
2235
2133
2321
2390
2344
2304
2256
2167
2182
2219
2156
2102
1964
1995
1806
1860
1826
1710
1663
1582
1626
1545
1412
1492
1472
1458
1583
1553
1583
1680
1754
1735
1894
1879
1982
1992
2093
2181
2263
2387
2453
2452
2464
2471
2655
2654
2671
2607
2630
2548
2680
2504
2492
2468
2307
2197
2197
2049
2008
1923
1769
1636
1620
1467
1394
1312
1239
1236
1149
1061
990
981
959
874
851
849
778
750
817
789
802
734
769
751
739
710
714
749
747
753
725
695
782
684
704
668
673
756
725
695
702
720
654
635
635
654
639
671
637
670
609
632
636
636
580
681
634
594
579
670
621
635
617
657
638
695
637
645
638
708
662
662
658
625
668
682
636
658
654
671
653
682
665
678
642
696
650
646
660
650
624
653
627
680
656
644
700
663
676
691
674
654
666
676
706
686
664
709
708
692
668
707
709
723
664
699
689
659
661
683
654
646
662
672
645
617
612
611
614
597
587
533
584
569
614
601
543
606
603
535
609
585
618
581
654
646
705
649
690
738
759
764
774
815
836
862
882
941
960
982
1007
1013
1112
1088
1180
1148
1228
1209
1226
1279
1331
1342
1323
1418
1402
1474
1389
1401
1407
1316
1411
1383
1369
1355
1425
1420
1378
1355
1345
1266
1308
1335
1264
1192
1191
1161
1164
1087
1159
1032
969
912
898
925
854
810
796
781
698
696
665
604
590
593
518
500
504
496
478
473
453
472
440
467
439
387
435
384
393
374
394
400
411
382
395
394
378
375
374
401
390
369
373
374
377
359
406
373
372
346
379
395
413
375
396
377
360
380
386
390
406
421
369
388
394
409
401
428
432
406
416
468
459
433
462
454
439
418
421
441
420
423
454
457
433
433
479
419
447
450
395
463
416
446
419
433
413
440
418
425
450
425
444
449
438
430
410
402
436
425
423
446
427
415
440
404
418
419
416
422
412
398
421
399
406
431
441
387
392
395
416
392
389
412
410
399
408
393
396
388
348
363
365
347
335
344
379
347
377
344
329
344
323
312
348
304
337
343
347
331
335
310
315
358
333
319
311
329
345
352
343
317
326
364
314
360
328
353
361
346
376
344
355
376
377
386
372
434
373
397
413
405
359
401
430
382
424
398
430
431
474
477
471
474
474
483
480
500
499
540
486
515
528
580
518
541
517
531
548
537
519
502
518
555
507
494
512
490
510
528
520
479
558
445
459
464
474
502
488
481
483
470
475
475
460
461
459
525
473
470
465
440
488
429
471
451
462
428
439
416
426
428
404
374
406
380
375
431
370
391
370
366
347
352
364
324
311
338
373
315
312
300
267
315
278
265
256
253
249
267
244
244
252
255
202
211
225
240
235
226
225
209
235
234
222
193
207
222
204
220
219
202
214
210
203
234
219
192
208
218
201
197
199
215
218
206
205
213
227
213
232
210
208
221
223
224
234
234
237
222
218
226
225
272
217
262
253
218
264
259
250
227
298
336
269
271
278
292
298
304
315
320
291
304
342
290
288
319
265
275
319
302
289
309
290
334
307
320
301
288
285
276
270
320
274
277
255
285
266
256
243
259
270
257
231
256
234
236
227
243
229
249
207
239
232
218
210
221
219
220
197
215
177
213
176
173
194
186
209
162
166
173
195
167
189
169
168
148
152
208
182
173
182
161
164
182
176
171
165
193
173
157
182
181
169
164
163
167
141
170
203
165
194
185
183
166
146
162
165
166
163
189
174
156
184
161
164
162
148
186
162
137
171
161
146
160
159
155
138
179
165
146
174
156
133
142
127
160
139
149
120
139
113
127
135
128
144
117
137
133
128
132
113
125
123
109
99
124
130
121
107
107
123
117
122
124
112
114
119
110
140
112
111
97
147
134
110
123
118
111
116
118
115
131
130
121
125
122
103
138
125
120
125
115
122
126
130
131
123
134
127
144
123
140
137
146
151
162
134
141
160
169
163
157
135
155
135
167
188
184
156
157
200
173
157
153
181
186
190
202
201
218
185
202
194
250
212
253
254
224
290
256
251
232
278
291
280
287
303
320
283
327
307
313
324
338
338
308
345
331
343
328
344
338
325
355
358
347
346
325
331
378
369
348
351
337
345
348
312
351
323
348
315
313
309
315
304
305
279
280
287
274
269
265
232
229
247
216
223
233
225
213
209
169
204
198
196
192
167
188
178
152
170
135
150
141
147
139
133
118
121
112
150
118
134
130
124
135
123
109
104
123
105
116
112
96
89
98
103
114
117
106
116
109
96
110
95
91
98
92
106
99
101
97
97
91
113
88
92
108
100
116
111
89
103
96
97
109
98
101
100
78
91
89
90
86
92
98
84
86
71
98
118
104
99
71
114
83
74
78
105
96
66
96
77
91
62
77
80
82
77
86
87
73
72
88
68
75
68
72
80
66
78
64
73
63
76
79
72
69
74
82
77
57
59
78
67
73
78
73
77
72
90
75
83
87
58
71
81
67
77
85
78
94
82
59
78
73
71
79
83
92
82
90
99
98
101
102
107
94
110
112
93
99
121
106
112
115
115
124
107
122
117
143
96
124
118
116
120
109
134
120
141
149
119
117
103
116
127
119
122
138
118
102
110
115
121
124
123
124
134
121
127
103
96
116
102
117
110
113
108
100
95
98
106
102
106
93
88
108
95
91
75
73
79
74
76
86
73
73
64
79
69
71
73
80
74
80
81
83
65
61
70
64
58
55
75
64
52
54
62
49
51
52
56
51
57
56
57
70
55
50
70
53
55
46
42
55
53
57
51
52
49
62
52
41
53
51
43
56
47
43
48
43
48
67
64
39
35
43
47
33
35
41
41
53
50
47
45
47
36
41
47
58
37
46
32
46
48
30
41
45
29
36
41
42
39
31
37
36
34
40
37
46
44
41
30
35
41
32
40
36
45
45
31
40
46
38
36
42
39
51
29
35
36
31
24
39
30
36
38
21
30
47
36
40
32
27
47
42
33
35
35
31
46
37
35
23
33
36
38
37
24
27
43
45
37
33
32
31
28
27
31
34
36
35
32
32
31
38
30
40
39
37
27
39
42
38
40
39
31
22
38
34
33
43
37
46
39
46
34
49
40
49
46
45
40
60
53
51
57
44
60
48
52
47
45
45
54
50
55
45
54
56
45
59
54
48
45
64
56
69
50
39
59
62
61
64
53
48
55
71
57
72
51
58
65
68
67
72
45
59
63
47
50
63
55
66
45
58
61
49
56
61
56
47
56
67
59
56
75
54
61
63
42
60
58
56
74
60
57
50
59
53
66
52
41
66
48
54
59
68
49
58
50
56
55
59
43
48
53
49
55
58
57
52
56
49
55
55
61
51
50
60
52
49
41
52
41
54
60
53
54
45
57
59
58
45
49
49
57
40
42
45
48
49
27
37
48
45
54
42
35
43
50
35
37
38
41
25
40
48
32
47
38
42
38
38
39
38
43
48
36
37
48
36
36
38
42
44
38
30
27
35
39
33
30
49
37
34
39
37
38
26
38
30
39
38
40
32
26
27
34
37
33
35
26
32
34
41
30
30
33
31
37
33
26
29
36
30
26
26
38
24
25
35
32
32
36
28
24
25
33
19
25
21
25
25
26
29
24
23
33
32
29
18
31
25
35
25
27
21
23
26
22
29
23
27
24
37
24
16
34
24
31
30
23
22
29
34
22
21
19
26
24
29
23
17
16
18
28
14
22
27
18
24
20
24
24
18
33
25
18
16
32
13
24
27
18
15
20
26
26
20
22
19
17
21
23
17
18
23
25
18
12
26
22
23
21
18
20
22
16
18
18
22
17
21
16
16
15
27
14
23
25
25
29
17
30
16
30
24
28
20
29
40
28
26
28
23
22
44
35
29
39
48
34
40
51
46
47
43
50
46
48
45
38
52
55
40
47
58
42
55
65
60
83
68
65
71
60
72
68
61
65
91
72
82
67
80
95
72
63
81
88
71
98
76
77
71
98
84
89
87
84
74
101
102
66
77
87
71
65
68
98
74
81
70
65
65
75
79
66
78
74
63
72
75
57
73
68
51
52
57
75
46
58
44
48
74
58
60
49
43
42
47
37
34
47
40
38
35
42
52
40
43
33
49
45
44
34
44
44
32
36
24
32
26
29
18
23
29
25
22
25
24
19
21
27
24
24
21
21
20
13
24
14
14
20
23
16
19
18
17
15
9
33
14
17
19
14
$ROI:
42
143 193
144 194
424 531
429 529
440 544
440 545
440 549
443 544
443 553
490 516
604 1134
679 1395
772 934
800 953
827 855
828 856
840 1946
849 1974
857 2002
872 900
880 1058
887 915
914 1083
1010 1038
1208 1258
1345 1375
1418 1448
2436 2526
3229 3279
3607 3645
6449 6521
6459 6531
6463 6535
6464 6536
6467 6539
6471 6543
6482 6526
6489 6513
6497 6521
12997 13047
12999 13049
13000 13050
