$SPEC_ID:
GAMWIN
$SPEC_REM:


$DETDESC:

$DATE_MEA:
06/05/2025 07:36:59
$MEAS_TIM:
27869.21 28260.22
$MCA_CAL:
3
1.32118272781372E+001 1.29107522964478E+000 0.00000000000000E+000
$DATA:
0 2047
0
0
0
0
0
0
0
0
0
0
0
0
0
0
0
0
0
0
0
0
0
2331
2360
2511
2923
3328
3607
3885
3906
3760
3744
3532
3598
3485
3489
3502
3649
3735
4084
4543
4888
5221
5537
5724
5463
5325
5000
4946
4983
5275
5382
5701
6203
6436
6848
7340
7685
8123
8157
8244
8239
8591
9391
10191
11451
13296
14848
16143
16608
16475
15722
14345
13011
11682
10536
10029
9730
9874
9727
9710
9598
9243
8727
7839
7268
6463
5902
5434
5066
4650
4415
4352
4294
4277
4245
4182
4175
4154
4239
4190
4018
4142
4174
4098
4086
4031
4201
4250
4436
4353
4543
4580
4696
4650
4582
4679
4484
4520
4503
4465
4574
4386
4552
4423
4482
4420
4568
4482
4465
4346
4400
4396
4353
4318
4260
4201
4119
4155
4195
3993
3978
3995
4056
3916
4056
3913
4059
4035
4267
4336
4385
4461
4846
4564
4721
4843
4718
4790
4719
4811
4635
4546
4420
4287
4248
4168
4194
3995
4180
4129
4034
4097
4111
4041
3976
3942
4097
3924
3784
3888
3999
4061
3970
4174
4394
4737
5009
5435
5852
6324
6750
7424
7912
8209
8572
9034
9088
9068
9018
9164
8748
8499
8227
7535
7230
6918
6382
5808
5403
4931
4535
4331
3916
3661
3475
3394
3191
3187
3044
2944
2986
3028
2885
3068
3041
3071
3063
3227
3123
3154
3388
3324
3568
3486
3570
3672
3777
3852
3805
3947
3926
3892
3906
3957
3906
3768
3617
3514
3449
3425
3309
3233
3010
2996
2890
2752
2725
2709
2619
2553
2516
2523
2583
2595
2727
2679
2768
2973
3006
3130
3333
3333
3483
3692
3757
3948
4048
4220
4316
4378
4255
4359
4645
4579
4418
4503
4488
4378
4382
4262
4173
4016
4009
3689
3647
3432
3331
3091
2920
2691
2578
2444
2382
2072
2047
1870
1721
1773
1649
1543
1481
1437
1406
1312
1392
1247
1280
1286
1231
1289
1238
1207
1179
1341
1244
1225
1256
1215
1185
1180
1229
1196
1161
1192
1129
1104
1198
1120
1107
1090
1058
1047
1021
1031
1022
1037
1038
1004
1051
1038
1015
1016
1046
1005
1046
1040
1045
1033
1013
975
1003
1061
1017
1037
996
1112
1034
1072
1115
1084
1066
1104
1102
1088
1115
1107
1107
1093
1094
1045
1109
1067
1059
1071
1052
1060
1039
1061
1036
1099
1067
1067
1065
1034
1092
1045
1075
1085
1095
1018
1084
1074
1028
1057
1101
1096
1085
1119
1118
1081
1114
1121
1107
1118
1117
1064
1131
1060
1049
1029
1042
1046
1031
977
983
961
921
943
945
976
916
940
925
918
945
899
980
942
884
1023
947
982
1033
1107
1121
1120
1190
1234
1228
1205
1271
1315
1328
1468
1458
1576
1586
1684
1736
1764
1773
1846
1875
1960
2031
2109
2109
2114
2118
2210
2203
2164
2344
2298
2459
2262
2352
2370
2360
2348
2331
2374
2358
2258
2390
2282
2328
2264
2155
2137
2089
2004
1940
1842
1838
1820
1749
1693
1657
1545
1483
1388
1361
1335
1233
1209
1147
1159
1092
998
983
931
935
849
859
816
787
743
712
762
695
657
657
697
713
649
666
650
588
654
599
616
637
609
602
604
612
571
592
608
603
610
606
573
624
611
605
637
607
622
615
587
642
639
586
599
651
636
608
640
682
671
672
639
648
727
659
641
698
664
640
671
674
691
739
615
706
715
734
732
721
740
711
642
712
781
695
727
693
695
753
758
678
693
734
685
709
692
697
683
706
689
735
712
707
708
724
700
708
691
706
678
695
757
721
702
688
718
652
646
714
669
666
743
651
614
617
624
660
626
608
678
612
614
580
581
589
606
602
576
596
613
541
567
559
531
553
533
583
515
547
509
528
519
522
530
535
548
517
534
546
555
544
545
549
621
540
567
567
516
564
552
557
564
600
539
578
584
575
624
561
623
620
594
624
656
638
684
602
685
688
704
656
712
684
720
758
770
740
741
814
755
754
826
835
831
802
845
826
893
863
863
883
913
871
860
896
886
865
897
867
872
883
865
907
821
893
826
841
903
821
795
797
786
782
836
761
799
762
737
827
822
783
774
763
730
791
726
782
746
719
741
770
735
715
665
696
697
689
671
640
685
672
656
632
614
616
640
616
609
611
543
526
570
538
501
551
504
478
490
465
473
482
464
413
373
420
398
425
406
372
389
375
377
343
344
348
337
340
331
359
347
363
337
344
339
325
330
323
322
328
361
333
319
347
306
324
357
304
348
323
320
353
342
302
314
357
355
368
354
367
367
364
357
374
365
355
374
418
377
379
403
393
418
415
461
420
426
392
454
444
472
457
467
492
467
433
490
476
458
495
464
461
462
474
483
508
532
495
514
466
499
469
479
476
495
466
481
435
485
446
463
514
432
442
445
408
446
443
392
386
395
393
376
399
398
357
376
372
358
347
358
344
349
359
303
314
323
316
312
313
312
309
326
295
283
293
270
268
275
254
269
300
295
271
269
268
295
289
265
255
304
273
258
265
261
283
272
300
279
286
272
284
271
277
269
279
271
265
278
268
309
258
283
265
284
259
281
258
290
271
268
254
235
280
242
290
246
249
265
257
264
245
270
230
240
281
239
250
203
249
214
257
224
238
225
251
211
225
222
221
217
231
192
225
234
209
208
181
212
216
192
186
188
201
177
200
178
172
192
168
178
209
197
190
185
201
176
169
178
171
184
196
181
180
203
193
183
199
188
193
195
228
186
193
235
208
205
189
191
233
218
180
215
200
220
229
226
207
235
212
204
234
245
232
217
220
262
241
235
246
243
250
252
260
272
274
263
272
288
310
256
307
318
323
297
306
292
316
298
290
333
352
365
362
341
353
383
354
423
402
414
432
421
419
423
413
467
458
433
496
451
444
484
544
481
505
496
533
511
507
571
505
501
509
506
555
525
511
517
502
548
539
546
510
505
528
533
505
520
506
492
476
437
448
456
413
426
413
434
418
386
382
394
358
383
330
326
341
341
359
290
327
292
262
240
271
276
269
255
236
252
241
233
224
228
228
216
185
213
209
187
193
194
171
192
176
195
179
152
188
174
185
168
189
187
176
158
185
161
138
170
171
172
174
160
132
161
179
158
169
152
195
152
167
156
148
160
169
165
148
148
177
184
185
158
165
170
143
157
172
157
167
164
176
160
171
150
161
163
142
154
138
135
153
145
155
159
162
155
122
159
155
119
146
135
126
140
138
117
119
127
134
126
97
119
104
117
124
99
140
103
136
146
119
100
95
120
107
117
96
121
115
114
118
133
118
110
111
116
121
119
126
114
112
128
130
112
137
121
120
128
118
133
94
135
135
134
149
149
119
138
151
161
169
148
148
172
165
164
187
154
169
182
177
179
169
181
189
156
179
186
223
217
232
215
222
202
228
191
208
210
179
251
218
206
193
208
204
233
235
210
211
224
188
210
203
166
202
198
222
195
184
188
164
187
170
174
183
160
175
191
155
182
172
170
175
148
152
122
142
155
152
134
130
127
116
132
145
153
119
133
119
124
126
95
108
104
122
105
123
114
137
112
83
99
107
99
87
87
104
82
91
101
79
94
87
108
94
65
85
89
69
77
79
90
84
86
82
89
75
92
77
89
88
77
66
84
79
66
85
72
81
79
77
90
57
71
74
62
74
77
69
57
81
65
68
66
68
53
72
72
60
78
57
70
56
60
62
68
74
60
56
55
57
66
67
67
68
55
60
69
46
65
78
55
57
77
54
52
56
57
51
51
64
51
57
55
61
61
49
54
57
47
62
50
59
44
52
59
75
50
47
66
61
54
46
44
74
50
55
47
53
47
64
52
42
43
52
56
58
59
49
48
44
51
46
57
54
51
59
57
52
51
60
70
50
69
63
58
50
51
60
53
59
65
47
52
58
61
55
64
65
86
60
59
67
68
62
63
61
49
60
64
69
69
64
86
63
86
73
75
97
66
70
97
71
71
82
80
71
87
95
77
94
88
90
74
94
91
90
92
95
101
92
82
79
86
96
110
95
98
95
106
92
85
91
92
95
81
92
101
106
93
98
98
94
81
96
97
86
83
99
92
89
107
78
98
96
95
100
83
98
94
95
92
92
82
94
95
94
97
120
86
92
94
98
107
87
112
82
82
79
97
86
84
89
88
87
91
69
99
85
91
89
87
93
97
76
89
73
79
88
82
82
59
68
81
69
93
79
96
77
87
73
85
65
69
76
72
80
72
78
83
65
79
69
72
53
76
82
65
72
56
77
61
72
63
53
71
66
66
61
59
63
66
73
55
57
73
49
63
67
63
63
59
54
40
75
52
49
61
60
62
57
63
60
55
52
54
74
40
49
59
43
58
61
42
56
50
69
42
54
51
53
43
48
39
46
45
43
47
50
51
39
60
59
68
52
40
34
34
46
45
48
37
48
38
44
30
40
38
39
39
47
46
42
28
35
40
42
50
25
33
41
33
41
44
39
38
43
41
30
36
38
37
45
45
42
29
40
39
33
34
39
28
37
29
41
37
37
42
37
26
44
37
31
32
32
42
34
37
44
29
42
33
33
27
32
37
34
31
37
29
37
25
27
23
43
34
29
31
36
32
23
30
30
28
23
28
26
30
22
23
31
41
27
28
29
27
28
24
29
23
25
27
27
26
35
31
34
34
41
20
41
35
41
35
36
43
35
37
40
33
49
44
62
47
55
46
55
51
77
51
60
58
86
76
65
66
69
57
79
78
83
76
77
81
73
75
101
100
92
94
109
93
102
104
116
120
118
109
115
112
142
132
109
132
121
112
116
139
121
139
116
127
132
121
148
113
118
117
141
127
136
143
145
133
122
152
124
118
138
112
124
103
126
131
127
112
112
100
111
107
123
107
116
93
121
84
91
94
90
104
101
92
84
92
83
72
76
74
84
72
76
66
54
70
78
69
65
73
58
72
66
56
60
40
57
45
46
43
57
48
47
44
37
41
36
32
56
35
34
38
31
41
35
33
50
25
40
42
29
25
33
33
34
33
36
25
32
19
17
25
22
20
21
19
$ROI:
42
143 193
144 194
424 531
429 529
440 544
440 545
440 549
443 544
443 553
490 516
604 1134
679 1395
772 934
800 953
827 855
828 856
840 1946
849 1974
857 2002
872 900
880 1058
887 915
914 1083
1010 1038
1208 1258
1345 1375
1418 1448
2436 2526
3229 3279
3607 3645
6449 6521
6459 6531
6463 6535
6464 6536
6467 6539
6471 6543
6482 6526
6489 6513
6497 6521
12997 13047
12999 13049
13000 13050
