$SPEC_ID:
GAMWIN
$SPEC_REM:


$DETDESC:

$DATE_MEA:
11/10/2025 14:20:51
$MEAS_TIM:
60263.55 61072.52
$MCA_CAL:
3
1.32118272781372E+001 1.29107522964478E+000 0.00000000000000E+000
$DATA:
0 2047
0
0
0
0
0
0
0
0
0
0
0
0
0
0
0
0
0
0
0
0
0
2929
3075
3240
3591
3870
4181
4197
4143
4172
4029
3999
3798
3803
3761
3851
3928
4043
4218
4420
4727
4881
5273
5042
5024
4781
4819
5121
5197
5314
5675
6108
6387
6873
7153
7421
7611
7611
7761
7784
7963
8224
8533
9324
9979
10795
11539
11563
11737
11075
10336
9642
8693
8186
7936
7930
7680
7714
7572
7492
7314
6873
6533
6038
5728
5347
5030
4899
4604
4461
4443
4318
4301
4271
4287
4179
4193
4196
4146
4159
4114
3952
4147
4094
4179
4051
4150
4270
4276
4365
4438
4326
4397
4386
4391
4324
4271
4291
4259
4272
4362
4075
4188
4281
4196
4275
4235
4102
4095
4058
4039
3980
3902
3964
3945
3819
3797
3900
3832
3761
3766
3713
3739
3704
3629
3779
3902
3924
3957
3970
4009
4024
4119
4134
4132
4037
4017
4038
3975
3965
3831
3825
3716
3684
3695
3611
3584
3679
3605
3722
3615
3704
3613
3652
3532
3454
3581
3585
3645
3740
3701
3793
4022
4105
4374
4614
4831
5061
5571
5817
5939
6169
6389
6432
6559
6449
6584
6367
6178
5849
5782
5405
5138
4881
4687
4289
4108
3817
3573
3411
3252
3037
3025
2833
2821
2739
2765
2696
2584
2665
2575
2646
2579
2622
2704
2714
2692
2783
2680
2879
2806
2894
2925
2867
2917
2887
2836
3025
2822
2819
2821
2817
2786
2731
2787
2716
2623
2531
2437
2475
2365
2388
2285
2182
2247
2244
2227
2108
2056
2158
2086
2200
2193
2287
2281
2365
2466
2505
2592
2608
2714
2767
2872
2903
2930
2894
2961
2938
2994
2963
3024
3074
2968
2872
2894
2833
2771
2791
2685
2550
2502
2405
2308
2162
2200
2084
2005
1896
1825
1828
1670
1632
1547
1501
1482
1412
1439
1376
1331
1407
1292
1325
1328
1278
1276
1207
1274
1276
1256
1283
1199
1215
1225
1264
1154
1178
1236
1158
1179
1109
1161
1143
1233
1189
1108
1102
1132
1109
1116
1134
1116
1105
1071
1108
1072
1037
1101
1070
1096
1054
1041
1063
1116
1067
1062
1064
1057
1046
1064
1044
1045
1062
1100
1081
1100
1083
1109
1049
1123
1068
1047
1052
1067
1065
1075
1065
1067
1079
1033
988
992
1010
1060
1011
1065
1074
1047
1018
1056
1016
1032
1017
1144
1058
1093
1082
1117
1094
1037
1120
1127
1094
1081
1127
1084
1109
1101
1059
1062
1017
1056
1071
1086
1060
1046
1023
1025
987
995
982
938
915
926
883
888
915
910
863
878
873
944
906
937
968
859
931
938
998
1013
999
978
1062
1039
1066
1098
1082
1192
1173
1156
1167
1212
1284
1264
1277
1342
1432
1415
1428
1481
1453
1459
1487
1544
1555
1578
1546
1584
1575
1580
1603
1581
1630
1544
1560
1598
1579
1539
1574
1502
1557
1515
1402
1453
1379
1372
1353
1347
1310
1224
1243
1206
1223
1191
1229
1102
1064
1026
1013
984
944
922
912
814
852
837
738
838
861
768
749
740
756
685
695
679
710
651
666
686
678
630
663
673
624
622
612
624
629
625
661
601
673
586
631
604
615
612
627
647
591
585
592
651
625
614
599
578
672
625
648
605
652
637
630
658
637
639
635
638
714
653
685
656
679
684
694
752
706
691
699
673
647
694
650
672
696
645
649
690
680
696
655
727
700
674
658
644
646
659
656
614
654
658
711
689
666
695
664
658
632
693
667
656
657
654
642
663
661
664
669
619
611
616
636
628
648
626
647
639
617
590
626
633
661
605
603
640
649
614
639
599
603
611
589
620
614
572
571
548
582
590
576
561
573
564
558
577
573
548
544
551
590
573
577
562
563
560
565
564
552
603
593
550
600
556
596
588
609
591
606
600
575
613
607
577
573
618
639
638
636
623
633
675
661
673
697
691
676
714
680
721
710
753
729
736
735
709
723
760
751
763
780
767
738
795
736
759
755
770
699
807
753
804
804
752
772
763
759
743
738
793
779
766
748
716
714
735
748
753
727
697
725
696
736
775
697
735
718
702
715
677
708
736
724
728
693
716
680
715
692
638
722
692
672
692
663
637
667
653
638
648
611
588
588
586
542
555
585
554
578
582
574
548
544
494
574
507
505
515
508
461
481
512
497
448
473
499
466
428
441
434
438
425
463
458
464
462
444
440
426
442
463
439
413
467
423
442
467
460
423
476
439
433
398
455
451
468
465
454
453
464
502
479
486
484
470
473
466
471
462
479
433
475
495
452
505
490
509
548
531
518
500
512
509
530
463
522
537
526
531
530
559
532
522
494
512
569
529
503
602
544
529
523
564
541
537
535
515
549
530
520
559
501
506
533
516
501
526
444
508
504
476
488
498
481
476
493
486
519
478
478
461
470
462
452
456
443
400
461
431
449
429
402
427
422
401
422
400
400
398
394
433
415
369
367
399
390
390
367
351
383
361
383
348
342
370
358
351
371
344
353
351
342
346
327
335
346
304
318
334
342
330
300
307
327
301
322
287
274
306
293
319
292
276
281
303
285
278
270
277
261
264
272
229
261
284
283
258
230
246
225
251
248
233
237
242
230
203
217
216
216
201
211
224
189
188
197
199
197
204
206
197
220
185
193
209
174
196
186
196
183
173
190
178
192
191
196
177
202
190
201
173
176
184
173
170
179
178
137
193
188
167
157
211
181
172
185
195
193
181
182
190
225
164
194
195
197
189
218
206
223
209
200
230
217
213
232
261
240
252
268
267
264
260
280
303
360
301
342
331
383
365
384
446
436
458
470
515
535
537
541
601
590
693
665
712
731
717
778
779
830
875
921
961
1006
1023
1012
1096
1109
1096
1185
1190
1200
1186
1219
1278
1335
1248
1286
1315
1361
1396
1403
1331
1415
1452
1462
1354
1402
1364
1396
1336
1425
1428
1361
1366
1322
1284
1256
1252
1255
1206
1176
1127
1091
1088
1068
1024
966
969
921
919
844
846
820
781
725
770
647
712
648
620
590
564
594
525
518
475
489
428
415
380
384
349
347
295
305
310
284
247
277
267
236
244
262
230
202
219
213
198
180
183
172
167
177
177
147
148
127
141
159
156
139
146
112
134
135
127
152
113
119
121
121
133
130
138
125
133
123
128
127
147
138
119
116
111
104
126
123
124
112
112
112
83
110
105
120
105
103
107
96
108
103
82
116
100
106
97
114
110
91
108
105
86
94
92
89
95
92
93
95
98
92
83
93
79
86
83
84
94
76
98
83
90
68
93
79
76
87
72
75
71
87
79
90
65
80
79
77
89
64
82
56
84
89
83
83
85
71
82
96
87
91
75
93
97
87
84
91
88
110
95
83
99
103
94
110
107
108
101
97
103
106
112
112
124
99
118
129
107
109
100
133
140
114
124
111
122
127
122
134
117
124
131
116
135
112
118
122
128
132
132
111
120
121
93
114
113
115
104
110
131
121
108
124
116
107
113
108
102
105
99
100
107
91
102
109
99
87
84
89
99
91
94
82
76
98
110
86
91
87
73
75
77
70
72
75
61
82
67
71
67
91
61
82
81
69
68
70
66
75
54
62
43
69
70
69
73
66
70
63
57
52
59
82
58
53
63
65
47
67
53
78
56
74
57
56
67
51
52
65
43
51
61
51
59
52
59
61
51
45
50
55
50
55
51
44
49
47
49
53
54
47
48
56
41
47
43
31
63
44
46
54
44
53
53
53
57
39
48
51
41
30
42
49
60
42
50
56
50
49
48
45
49
38
47
44
55
48
51
52
57
49
45
48
43
43
44
49
43
49
49
49
50
32
38
49
50
44
50
50
35
47
40
28
52
33
42
58
54
46
30
44
55
48
33
42
54
42
42
44
41
52
53
36
56
44
40
37
50
35
43
44
35
43
44
47
46
52
35
57
39
67
58
45
65
51
51
46
44
63
61
45
63
64
56
51
57
60
40
66
39
66
49
60
61
56
80
59
71
55
59
52
66
74
60
66
76
72
61
68
70
64
62
68
60
79
57
80
70
73
75
67
65
69
66
65
60
71
80
65
78
67
69
74
68
70
69
57
81
51
64
59
64
69
68
60
64
61
56
48
69
68
67
63
59
67
71
68
79
55
57
70
55
61
60
57
62
65
75
73
71
60
48
61
63
78
57
61
63
46
43
62
74
75
57
62
58
58
55
44
50
66
57
72
69
47
55
62
59
45
61
61
45
57
55
52
73
58
61
43
60
58
49
43
61
57
60
54
59
63
51
47
47
45
48
41
43
49
45
52
42
49
55
47
58
52
60
45
46
48
40
54
41
38
36
32
37
43
45
43
44
50
48
44
40
40
55
50
46
63
45
41
38
46
44
36
48
40
40
39
41
49
36
42
44
29
34
41
31
39
46
42
41
32
44
27
38
38
42
38
29
36
31
31
32
31
29
29
28
46
38
29
34
43
36
35
37
43
23
29
44
29
32
36
38
29
38
31
23
28
45
36
31
30
23
23
38
29
36
32
32
33
48
36
29
46
25
40
28
24
23
26
29
32
27
41
26
25
27
24
37
28
30
37
24
36
22
29
29
22
17
31
27
26
30
29
21
36
31
33
38
34
26
30
30
27
30
36
28
23
33
18
26
30
35
37
29
26
23
42
42
33
28
30
30
38
28
31
29
30
19
40
25
34
34
37
29
39
44
33
37
38
32
47
42
25
52
33
48
39
34
42
42
48
61
39
64
40
51
63
52
64
47
62
58
64
59
64
77
66
69
76
81
74
61
65
87
75
83
59
88
71
80
102
78
85
108
84
86
91
80
84
91
85
86
87
83
91
82
93
99
97
101
102
101
78
86
96
83
89
93
94
89
68
65
89
92
85
87
74
89
70
84
86
70
77
81
77
79
72
73
78
64
74
60
64
47
51
75
47
56
57
50
44
47
54
62
39
47
43
44
47
46
51
42
34
46
35
28
33
41
38
31
34
43
30
30
37
32
36
38
33
31
29
26
24
28
25
20
21
24
21
27
22
35
21
23
31
17
19
25
15
22
32
22
18
22
26
20
26
18
16
15
19
21
21
20
$ROI:
43
143 193
144 194
424 531
429 529
440 544
440 545
440 549
443 544
443 553
490 516
604 1134
679 1395
690 1434
772 934
800 953
827 855
828 856
840 1946
849 1974
857 2002
872 900
880 1058
887 915
914 1083
1010 1038
1208 1258
1345 1375
1418 1448
2436 2526
3229 3279
3607 3645
6449 6521
6459 6531
6463 6535
6464 6536
6467 6539
6471 6543
6482 6526
6489 6513
6497 6521
12997 13047
12999 13049
13000 13050
