$SPEC_ID:
GAMWIN
$SPEC_REM:


$DETDESC:

$DATE_MEA:
11/28/2025 07:36:12
$MEAS_TIM:
26428.78 26860.68
$MCA_CAL:
3
1.32118272781372E+001 1.29107522964478E+000 0.00000000000000E+000
$DATA:
0 2047
0
0
0
0
0
0
0
0
0
0
0
0
0
0
0
0
0
0
0
0
0
2493
2632
2839
3262
3623
3954
3956
3999
4032
3835
3754
3579
3681
3566
3732
3855
3969
4224
4622
5107
5353
5605
5536
5441
5226
5095
5086
5068
5268
5513
5673
6294
6672
7070
7538
7905
8133
8262
8383
8762
9175
9812
11202
12723
14512
15892
17217
17638
17108
16061
14349
12843
11612
10850
10175
10314
10359
10254
9842
9856
9309
8564
7933
7004
6344
5724
5435
4837
4680
4770
4490
4492
4332
4318
4249
4232
4196
4209
4150
4113
4042
4076
4144
4260
4334
4427
4466
4522
4671
4605
4792
4814
4632
4761
4679
4725
4654
4470
4597
4671
4566
4634
4664
4643
4569
4688
4630
4500
4587
4497
4535
4454
4444
4378
4235
4377
4185
4226
4130
4119
4221
4060
4140
4294
4221
4300
4401
4497
4557
4716
4739
4786
4901
5064
5002
4981
4810
4861
4742
4618
4426
4468
4332
4320
4338
4371
4214
4255
4244
4122
4161
4107
4226
4192
4056
4059
4091
4049
4070
4077
4276
4551
4760
5089
5510
5874
6475
6911
7465
8188
8459
8893
9163
9514
9766
9723
9520
9509
9093
8793
8329
7965
7408
6935
6450
6015
5425
5108
4538
4311
3912
3900
3474
3315
3359
3132
3149
3155
2965
3081
3104
3053
3172
3187
3215
3313
3248
3383
3475
3656
3681
3787
3902
3937
3977
4042
4149
4026
4157
4105
4093
3885
3982
3852
3779
3755
3721
3446
3372
3144
3215
2951
2872
2913
2756
2736
2578
2629
2629
2597
2782
2730
2850
2912
2877
3123
3198
3480
3427
3740
3828
3884
4088
4151
4357
4548
4443
4657
4668
4699
4814
4772
4777
4620
4740
4618
4484
4328
4334
4226
4021
3898
3782
3466
3235
3099
2883
2713
2618
2314
2250
2187
1960
1852
1877
1716
1571
1536
1493
1396
1330
1344
1341
1279
1246
1266
1322
1219
1258
1278
1279
1254
1209
1277
1197
1193
1236
1189
1246
1155
1133
1216
1204
1116
1119
1142
1050
1125
1160
1110
1096
1064
1082
1092
1083
1048
999
1064
981
1008
1077
1001
1082
1067
1071
1029
1041
1053
1070
1105
1082
1082
1039
1068
1119
1163
1149
1148
1133
1118
1161
1121
1160
1038
1066
1158
1107
1085
1077
1097
1090
1052
1106
1097
1082
1063
1035
1062
1084
1104
1090
1012
1070
1142
1079
1108
1099
1150
1084
1140
1148
1127
1086
1112
1106
1117
1154
1152
1165
1152
1100
1082
1144
1093
1037
1067
1062
1040
1035
1025
998
1071
1006
971
1029
1010
914
934
986
944
966
1003
935
964
960
999
1049
1017
1032
1079
1138
1130
1171
1188
1246
1243
1330
1463
1402
1509
1523
1577
1561
1719
1773
1867
1917
1899
1873
2071
2167
2056
2228
2160
2262
2258
2347
2327
2353
2418
2415
2537
2451
2427
2455
2474
2499
2493
2395
2460
2396
2447
2336
2375
2348
2216
2112
2131
2090
2029
1969
1889
1844
1845
1663
1638
1603
1483
1465
1398
1384
1291
1251
1234
1097
1027
1027
981
935
867
865
769
776
810
748
746
714
746
688
659
684
645
623
634
648
607
633
627
642
611
645
631
573
635
683
568
631
612
618
612
609
566
646
626
621
633
593
595
640
642
602
621
612
657
671
623
634
644
688
670
702
658
683
692
712
717
729
696
731
724
714
708
748
729
740
742
715
704
722
723
710
714
690
744
716
762
694
696
767
739
652
731
734
697
733
720
741
747
671
701
729
763
741
728
695
699
675
744
728
691
710
711
725
701
685
718
691
688
730
681
720
691
621
659
689
632
616
617
606
643
623
606
626
615
591
604
554
559
578
583
592
537
531
570
606
537
545
577
512
575
560
549
571
577
565
550
575
502
577
566
565
574
576
596
590
585
529
564
538
569
644
594
625
547
581
651
675
564
578
635
655
646
666
652
742
658
751
739
678
768
730
769
737
771
733
835
789
862
840
815
832
894
846
883
895
955
852
918
875
908
923
834
884
972
922
906
933
870
906
860
935
907
869
899
880
910
850
849
841
817
848
811
869
819
775
795
829
842
767
834
819
777
804
785
791
739
715
742
755
767
784
762
724
725
700
671
701
702
710
663
665
692
645
639
625
584
564
551
528
563
570
506
501
533
515
504
470
492
435
423
449
411
409
416
401
405
356
374
337
369
364
376
364
374
351
332
358
332
360
329
325
327
342
327
348
344
338
328
318
317
306
332
318
289
338
321
334
317
340
339
349
345
354
321
353
363
348
337
355
380
384
392
371
355
425
378
381
375
409
403
411
393
471
412
437
444
484
454
505
471
433
483
501
464
515
505
516
510
479
487
508
487
522
507
496
494
504
461
514
499
512
487
505
516
486
471
472
443
459
522
454
461
439
445
424
407
435
350
409
403
391
381
400
387
386
355
364
360
315
347
326
298
345
310
317
309
334
308
298
309
293
292
285
295
278
307
263
270
296
302
283
275
249
286
257
296
312
305
264
293
297
299
315
268
305
315
305
228
289
281
270
284
289
286
270
273
281
264
280
284
290
291
266
281
311
277
284
302
275
246
234
273
278
239
263
283
246
218
241
277
254
226
241
268
233
238
210
249
227
237
217
214
235
233
234
213
216
231
240
209
224
219
196
206
209
199
197
202
208
213
175
207
222
182
194
188
203
192
189
197
187
183
171
167
195
173
167
177
182
199
194
191
165
203
194
192
202
191
193
197
194
215
184
195
213
224
206
182
197
195
208
215
226
252
232
223
225
232
230
247
247
229
248
238
261
271
279
256
260
248
253
268
267
258
299
241
281
311
290
324
291
327
318
324
363
349
384
343
362
359
362
378
406
402
414
415
430
417
366
472
453
449
424
508
431
469
488
526
499
509
527
508
517
540
529
540
534
529
542
526
558
550
556
560
544
557
571
514
540
553
525
512
512
492
468
495
480
492
462
418
468
423
411
432
419
410
397
382
356
388
372
365
332
362
331
347
315
310
274
300
248
278
262
256
278
236
249
264
265
252
239
211
196
207
205
213
231
187
189
180
188
177
179
169
172
165
170
178
183
166
182
173
172
150
168
171
176
202
172
158
169
183
184
170
191
167
183
195
185
179
168
158
162
180
196
164
161
163
164
142
174
170
198
176
192
163
171
170
148
168
159
159
170
150
154
146
169
139
162
152
152
159
146
144
144
146
151
154
151
147
137
146
137
147
117
150
132
139
131
138
146
141
148
128
129
126
125
134
124
109
127
129
125
126
119
106
119
116
126
121
124
130
111
100
151
133
96
156
121
141
103
125
132
118
113
121
124
122
129
128
159
134
138
139
148
136
162
160
142
160
167
158
159
171
170
135
171
173
195
182
182
171
193
214
202
199
202
188
203
190
229
228
209
225
210
213
213
233
180
202
192
203
215
195
219
203
222
229
231
222
210
208
206
206
223
193
231
205
198
203
223
194
193
190
184
189
168
190
162
159
172
171
155
173
166
161
157
154
153
148
131
138
137
135
130
137
118
105
135
116
118
118
118
104
106
120
117
99
121
105
102
102
109
80
90
98
108
123
101
104
103
103
91
97
95
96
91
98
73
92
95
81
104
93
90
85
83
91
77
79
79
70
69
91
79
70
86
84
73
90
62
68
89
73
67
72
79
83
78
59
61
71
66
58
79
73
82
60
58
78
72
70
61
72
62
69
63
58
65
60
74
49
72
76
47
66
57
51
56
53
63
70
70
53
76
65
58
60
64
70
51
51
53
62
54
68
51
67
75
58
68
44
52
54
67
51
47
62
50
54
48
67
48
59
58
55
45
51
47
48
61
48
59
65
62
71
53
66
49
60
49
63
63
46
52
67
58
59
53
65
51
59
71
45
59
56
49
56
45
52
52
56
69
48
56
63
62
59
69
55
61
63
48
78
71
66
71
84
85
80
78
77
62
61
70
88
74
79
78
71
73
63
60
96
79
73
99
88
95
85
84
86
99
88
89
95
87
93
102
83
76
103
95
92
92
97
90
93
99
94
103
105
98
102
110
90
78
102
108
92
94
93
101
88
103
96
81
111
103
105
131
110
104
93
106
101
97
98
95
108
99
100
107
100
98
80
114
95
96
120
101
85
119
90
72
99
103
80
103
100
77
85
88
94
86
94
83
92
90
87
88
75
89
93
99
86
81
79
82
85
96
81
88
88
104
70
92
86
73
81
84
73
94
83
83
77
90
81
84
74
75
67
73
71
74
84
82
66
75
82
91
66
77
59
84
70
69
78
68
80
75
74
56
45
76
61
67
70
65
57
57
55
65
55
67
56
69
57
51
62
68
57
56
61
68
58
63
55
49
51
54
54
61
60
48
57
49
68
43
55
57
52
60
52
47
47
56
44
45
44
54
49
55
48
52
53
53
51
51
49
44
48
39
48
40
48
36
40
45
37
45
35
37
49
32
33
41
38
44
50
40
32
40
43
39
36
29
46
38
37
35
48
39
38
38
25
33
27
30
34
37
37
43
27
35
37
30
36
32
40
36
35
27
44
29
34
31
45
47
45
44
28
34
38
32
29
28
33
29
36
26
39
35
28
35
21
29
29
33
30
31
37
22
30
27
34
27
29
29
29
29
31
22
24
37
29
31
31
26
29
29
33
28
33
31
27
28
25
31
31
35
37
40
38
39
37
47
30
30
50
49
46
53
49
51
54
49
58
52
56
57
56
56
56
60
53
79
77
58
70
87
86
74
87
91
77
82
92
101
83
100
117
109
105
108
117
91
117
113
112
115
116
127
119
124
105
123
128
119
148
141
134
136
130
146
141
126
151
135
138
132
160
123
121
135
140
129
139
139
149
159
134
135
132
125
135
129
132
120
113
128
127
95
125
112
104
94
111
93
78
91
102
88
87
88
91
103
85
91
80
94
92
87
71
87
61
92
78
75
76
62
53
64
63
52
56
54
59
53
61
46
51
39
55
34
39
44
32
40
37
32
38
43
39
36
24
31
35
37
29
27
29
36
26
34
30
16
30
34
33
26
26
28
16
20
22
17
$ROI:
43
143 193
144 194
424 531
429 529
440 544
440 545
440 549
443 544
443 553
490 516
604 1134
679 1395
690 1434
772 934
800 953
827 855
828 856
840 1946
849 1974
857 2002
872 900
880 1058
887 915
914 1083
1010 1038
1208 1258
1345 1375
1418 1448
2436 2526
3229 3279
3607 3645
6449 6521
6459 6531
6463 6535
6464 6536
6467 6539
6471 6543
6482 6526
6489 6513
6497 6521
12997 13047
12999 13049
13000 13050
