$SPEC_ID:
GAMWIN
$SPEC_REM:


$DETDESC:

$DATE_MEA:
12/02/2025 07:23:48
$MEAS_TIM:
27000.80 27454.68
$MCA_CAL:
3
1.32118272781372E+001 1.29107522964478E+000 0.00000000000000E+000
$DATA:
0 2047
0
0
0
0
0
0
0
0
0
0
0
0
0
0
0
0
0
0
0
0
0
2831
2834
3166
3594
4195
4185
4584
4559
4438
4261
4143
4018
4095
4059
4098
4170
4630
4876
5233
5745
6101
6368
6380
6078
5866
5923
5736
5694
5946
6201
6579
7092
7567
8080
8533
9125
9165
9442
9750
9857
10544
11383
12608
14261
16582
17811
19450
19572
18871
18004
16042
14264
12993
12106
11783
11519
11486
11679
11413
11240
10473
9857
9036
8306
7344
6694
6211
5929
5569
5324
5269
5198
5135
5209
5150
5016
4953
5020
4971
4918
4951
4830
5021
5057
5029
5178
5443
5316
5540
5729
5779
5578
5595
5596
5517
5455
5486
5485
5344
5423
5425
5416
5600
5410
5442
5567
5506
5496
5516
5292
5254
5380
5293
5206
5134
5157
5183
4984
4982
4968
4964
4944
4967
5023
4886
5121
5143
5351
5371
5553
5641
5828
5811
5736
5864
5856
5829
5631
5566
5353
5201
5407
5190
5141
5110
5056
5025
4952
4918
4854
4945
5001
5031
4831
4779
4803
4848
4917
4909
4801
5069
5182
5567
5828
6074
6636
7262
7896
8376
9188
9394
10009
10261
10666
10901
10876
10754
10489
10209
9711
9453
8958
8423
7731
7309
6852
6252
5677
5290
4869
4509
4294
4142
3966
3696
3811
3758
3641
3678
3551
3516
3660
3639
3580
3638
3806
3909
4038
4141
4223
4213
4259
4360
4508
4533
4608
4604
4719
4757
4746
4720
4605
4535
4546
4448
4273
4176
3937
3934
3832
3660
3615
3431
3313
3181
3121
3042
3096
2952
3136
3116
3121
3274
3277
3445
3585
3637
3999
3961
4114
4272
4657
4547
4767
4901
5091
5238
5156
5432
5370
5414
5520
5564
5295
5360
5317
5246
4987
4743
4526
4367
4409
4197
3937
3677
3559
3364
3191
2968
2673
2569
2478
2263
2273
2035
1839
1807
1764
1760
1654
1559
1627
1566
1483
1556
1560
1510
1511
1480
1440
1447
1449
1475
1411
1386
1385
1394
1424
1457
1294
1366
1339
1380
1303
1319
1340
1330
1269
1250
1256
1240
1190
1187
1174
1202
1230
1192
1183
1183
1215
1126
1237
1247
1204
1267
1239
1208
1191
1278
1278
1261
1166
1343
1238
1274
1201
1209
1279
1248
1268
1248
1279
1252
1300
1283
1281
1293
1258
1246
1226
1155
1259
1254
1274
1244
1199
1160
1296
1249
1254
1244
1226
1231
1219
1202
1287
1267
1287
1301
1283
1298
1311
1303
1287
1263
1280
1305
1231
1270
1278
1229
1318
1277
1280
1290
1172
1270
1208
1178
1205
1208
1177
1099
1124
1137
1109
1031
1124
1052
1081
1057
1036
1121
1153
1097
1158
1134
1184
1248
1281
1252
1337
1303
1400
1359
1446
1438
1569
1651
1693
1703
1751
1833
1850
1998
2093
2104
2171
2196
2309
2293
2326
2327
2458
2528
2547
2670
2742
2727
2666
2663
2744
2849
2842
2833
2756
2755
2862
2761
2778
2733
2725
2651
2723
2534
2600
2477
2417
2348
2370
2236
2174
2019
2009
1930
1838
1806
1747
1656
1584
1552
1416
1357
1299
1326
1207
1150
1117
1061
981
1009
962
903
841
860
852
818
818
794
825
706
760
739
715
671
734
707
737
714
689
690
720
675
734
725
691
671
715
675
664
688
716
661
688
695
695
654
746
716
739
692
718
781
723
737
782
725
731
761
767
785
744
727
781
810
825
763
780
874
768
839
836
753
809
811
781
824
804
830
808
833
838
823
797
779
813
807
800
826
837
837
774
786
781
846
835
811
826
816
829
806
825
834
811
857
825
833
772
812
825
795
849
826
838
732
780
820
827
784
804
790
742
775
755
737
709
738
697
740
729
695
700
693
631
678
662
630
713
637
617
580
642
652
654
623
622
641
646
619
634
643
618
629
618
609
655
608
652
652
656
600
636
645
590
618
652
613
693
659
646
647
658
703
633
671
688
648
673
738
689
724
726
711
720
753
784
796
759
829
810
831
824
834
803
850
923
943
920
862
958
981
1005
939
1027
947
1015
1015
984
1017
966
1085
958
995
1038
1012
1034
928
1035
979
1026
973
1006
1020
963
922
904
985
930
962
937
919
923
908
964
889
891
881
976
905
872
902
915
824
871
909
870
810
836
824
816
837
804
843
808
814
815
794
785
772
779
775
723
716
753
667
725
633
629
646
655
604
588
578
627
582
528
561
539
529
490
526
507
517
464
460
450
422
434
422
417
429
403
381
401
361
386
413
361
363
384
379
393
378
380
356
361
351
355
354
363
361
367
386
374
400
356
358
378
403
361
380
400
398
391
351
392
420
417
408
414
404
391
454
421
479
494
426
466
452
454
463
463
492
521
471
525
538
522
553
564
520
494
536
548
568
551
586
583
569
555
563
564
594
581
592
543
589
579
558
572
552
579
534
520
527
519
535
526
531
495
492
503
526
504
513
481
501
487
470
454
462
430
398
445
414
394
405
383
406
397
382
376
384
348
377
345
347
321
345
345
328
307
382
328
338
333
306
361
311
357
318
338
318
318
320
337
310
332
343
326
349
331
320
314
303
308
325
365
316
325
337
328
311
313
318
320
288
321
363
308
317
329
322
330
306
315
328
289
330
298
297
316
267
277
307
244
272
286
286
261
300
272
294
301
287
264
291
261
264
280
275
255
258
256
234
239
230
249
259
220
242
237
246
219
264
240
229
221
228
219
233
217
222
206
207
182
214
204
199
190
220
204
230
212
217
215
204
217
251
190
225
248
243
195
244
219
222
224
242
244
223
244
206
250
224
256
240
227
217
208
246
243
275
266
252
255
258
267
277
263
259
285
289
302
294
297
303
290
262
298
302
298
308
285
342
323
354
370
354
317
362
360
358
390
381
369
372
391
421
449
400
428
414
448
424
440
425
517
460
483
522
522
566
506
535
527
566
591
603
551
583
602
576
623
607
614
571
623
659
596
633
621
666
632
641
607
640
600
628
629
579
561
625
565
543
589
543
496
498
531
530
493
548
469
470
458
446
445
447
410
398
361
435
391
357
337
352
343
355
317
359
335
327
324
285
290
307
282
274
268
261
265
249
280
227
230
225
247
241
204
242
199
191
205
190
198
176
195
201
209
189
189
196
203
197
208
176
204
196
199
196
195
178
181
188
202
213
187
194
201
190
192
179
194
180
191
186
186
187
197
174
204
178
186
182
186
170
182
193
172
175
192
202
178
183
164
177
182
159
171
182
176
169
168
157
161
169
153
170
158
165
155
148
178
151
150
146
128
151
156
147
155
152
163
141
156
157
123
127
142
150
120
154
121
144
149
128
140
131
137
155
124
141
129
139
152
144
153
142
132
150
113
153
138
142
136
148
152
154
176
158
196
173
162
156
166
160
154
186
212
191
194
217
191
216
188
182
202
185
237
206
198
189
233
235
229
215
245
230
237
256
227
242
247
236
249
257
247
248
230
248
276
251
227
250
239
274
253
250
231
233
235
252
250
231
207
198
212
227
242
226
204
206
216
217
229
188
217
207
189
178
177
197
194
190
183
178
164
174
171
183
177
150
141
153
147
151
151
142
149
144
132
121
103
121
140
134
108
112
108
132
124
121
113
118
121
105
110
127
112
115
115
114
106
131
91
121
91
93
85
89
109
102
90
85
96
96
81
86
98
88
107
87
83
79
98
99
88
79
102
91
79
76
81
103
75
89
78
81
82
69
101
77
74
75
85
63
92
70
71
78
77
62
70
65
68
77
80
77
78
71
65
72
81
58
64
85
55
83
45
74
67
68
61
65
57
74
60
63
67
72
70
70
67
67
58
50
63
60
66
65
59
65
76
59
50
59
65
57
70
56
61
66
64
64
64
61
71
59
45
67
61
64
63
75
63
60
52
58
57
64
68
62
52
63
55
56
44
64
62
58
72
71
69
63
64
78
71
66
70
66
59
66
70
70
64
69
71
67
74
66
77
62
72
68
80
59
77
58
81
98
66
83
88
94
89
93
96
102
99
77
91
99
85
101
93
84
93
119
91
101
114
99
93
89
100
100
95
112
102
109
112
115
102
101
129
115
109
104
105
99
109
101
123
103
93
103
119
105
115
116
116
98
122
114
123
109
118
122
101
115
123
125
108
109
111
116
99
111
105
110
110
117
122
116
90
117
93
96
103
106
91
113
113
111
95
114
97
101
95
106
98
110
114
99
97
108
122
109
90
106
91
86
112
100
101
89
97
95
112
91
99
95
100
89
78
90
85
80
99
72
90
98
95
78
79
71
73
84
76
94
71
65
72
89
74
100
77
83
57
74
75
71
64
70
80
68
86
83
84
69
74
64
59
64
76
61
74
74
81
80
62
65
66
64
65
64
69
72
69
57
77
67
73
59
57
57
72
59
63
72
85
66
53
60
59
57
57
46
54
66
61
57
58
40
62
62
52
43
55
51
38
39
52
55
57
50
48
43
44
50
43
56
54
52
57
54
37
49
51
56
39
53
40
29
40
47
51
40
43
49
42
50
38
49
41
50
52
33
37
44
41
46
38
45
52
44
30
41
44
26
45
36
39
47
35
44
46
41
36
46
47
40
42
40
32
43
31
36
41
29
36
33
51
39
54
63
33
51
36
40
51
35
38
46
31
27
35
39
32
40
34
31
36
44
32
30
29
33
29
39
32
38
40
25
40
30
24
30
31
33
30
30
39
30
31
33
32
43
42
42
38
30
35
27
39
50
49
54
46
47
52
68
53
56
51
59
52
52
44
60
71
55
64
70
70
79
67
70
77
81
75
79
97
63
79
95
93
89
97
130
110
107
107
107
102
123
121
133
127
123
127
130
126
147
137
145
152
157
152
148
134
146
151
141
187
155
169
147
152
137
142
144
162
147
144
149
150
130
154
141
149
148
132
151
144
133
141
125
131
132
137
128
122
118
138
116
104
111
126
101
113
114
81
109
96
104
91
94
91
80
91
75
79
87
81
87
84
63
66
51
66
70
56
81
82
68
64
48
60
57
40
56
47
59
40
50
42
42
47
49
40
35
47
41
33
45
44
32
41
27
34
33
32
23
34
24
32
37
25
22
33
26
24
33
43
25
$ROI:
43
143 193
144 194
424 531
429 529
440 544
440 545
440 549
443 544
443 553
490 516
604 1134
679 1395
690 1434
772 934
800 953
827 855
828 856
840 1946
849 1974
857 2002
872 900
880 1058
887 915
914 1083
1010 1038
1208 1258
1345 1375
1418 1448
2436 2526
3229 3279
3607 3645
6449 6521
6459 6531
6463 6535
6464 6536
6467 6539
6471 6543
6482 6526
6489 6513
6497 6521
12997 13047
12999 13049
13000 13050
