$SPEC_ID:
GAMWIN
$SPEC_REM:


$DETDESC:

$DATE_MEA:
06/06/2025 07:27:33
$MEAS_TIM:
27323.16 27631.66
$MCA_CAL:
3
1.32118272781372E+001 1.29107522964478E+000 0.00000000000000E+000
$DATA:
0 2047
0
0
0
0
0
0
0
0
0
0
0
0
0
0
0
0
0
0
0
0
0
1304
1290
1416
1692
1894
2070
2225
2175
2121
2050
2052
1942
2004
2021
2016
1996
2106
2210
2462
2616
2837
2954
2898
2955
2825
2803
2834
2774
2847
2980
3158
3481
3645
3838
4204
4327
4464
4557
4544
4604
4828
5087
5763
6427
7489
8338
8988
9689
9646
9425
8381
7410
6626
5933
5583
5537
5520
5443
5577
5319
5065
4803
4405
3979
3550
3184
2804
2536
2418
2244
2075
2105
2113
2003
2078
2069
2089
2020
1889
2012
1935
1957
1924
1956
2007
2060
2106
2125
2203
2230
2191
2343
2283
2356
2314
2246
2188
2193
2161
2107
2155
2241
2235
2165
2113
2244
2153
2167
2185
2095
2099
2140
2103
2006
2076
2024
1918
2036
2038
1884
1994
1910
1969
1963
1901
1957
2097
2129
2073
2072
2273
2386
2511
2351
2401
2401
2355
2457
2370
2285
2239
2305
2221
2169
2101
2105
2128
2126
2129
2077
2082
2067
2158
2108
2072
2058
2038
2045
2094
2095
2086
2105
2154
2378
2479
2770
3036
3253
3492
3799
4145
4490
4658
5009
5233
5114
5376
5295
5309
5084
4909
4770
4448
4250
3837
3640
3330
3064
2890
2551
2339
2233
2029
1871
1765
1737
1618
1640
1524
1532
1489
1515
1613
1643
1616
1692
1696
1686
1761
1816
1877
1836
1895
1978
1975
1952
1993
2081
2095
2043
2050
2111
2090
2061
2072
1946
1988
1838
1784
1786
1637
1682
1605
1533
1518
1433
1428
1382
1410
1364
1381
1414
1406
1394
1474
1517
1555
1606
1691
1810
1898
1922
2063
2095
2221
2230
2262
2284
2434
2443
2423
2391
2441
2420
2502
2464
2439
2335
2310
2308
2200
2184
2121
1860
1894
1722
1713
1634
1522
1435
1357
1244
1124
1100
1013
985
929
918
886
858
779
795
753
733
746
738
708
711
687
674
677
646
715
695
651
684
640
688
665
694
656
591
634
629
629
627
648
602
578
639
605
594
560
593
567
553
587
561
540
537
556
591
610
582
555
595
587
539
581
589
587
591
595
584
602
614
595
592
642
629
587
604
618
593
630
564
592
577
605
651
621
623
614
583
603
631
568
637
579
558
577
602
655
619
596
563
600
642
636
630
661
637
597
652
629
653
648
666
681
624
667
673
642
656
638
660
644
624
584
659
579
606
538
592
558
582
524
536
551
564
516
487
519
551
524
525
540
572
566
556
597
636
595
612
633
688
653
713
714
773
722
788
844
827
902
955
973
1004
964
999
1066
1112
1085
1142
1189
1153
1225
1225
1305
1338
1267
1290
1325
1358
1338
1378
1336
1312
1293
1350
1320
1272
1273
1272
1311
1234
1251
1138
1176
1155
1132
1112
1005
1082
1039
1018
976
930
827
807
774
760
735
751
721
632
641
637
602
544
498
511
505
445
462
465
452
441
430
387
391
389
397
376
372
360
369
350
356
322
344
338
333
363
344
356
380
329
320
342
349
336
354
364
368
369
295
337
331
356
353
380
379
393
384
360
353
375
368
380
344
397
394
394
396
377
393
434
437
387
397
420
394
392
387
357
409
418
389
430
418
364
401
423
428
425
374
386
422
415
421
423
399
382
401
376
396
407
406
402
394
419
391
388
369
423
374
401
368
414
409
396
414
403
363
387
423
358
356
382
399
373
382
358
376
373
335
359
356
346
332
343
378
373
313
354
323
332
345
365
332
311
324
326
307
303
293
302
318
292
312
308
306
287
308
300
335
291
293
321
299
314
296
355
324
295
337
319
298
308
335
319
325
329
335
329
343
311
333
344
343
370
358
333
379
351
347
364
419
433
379
385
401
400
413
411
400
405
431
491
438
424
464
448
470
497
472
516
513
485
495
507
516
522
505
499
525
530
500
553
459
479
493
467
487
438
452
459
467
452
475
475
482
462
452
461
438
430
432
446
500
443
419
455
465
456
432
429
399
413
417
401
392
471
418
373
379
384
363
382
386
372
373
363
371
364
357
338
318
302
283
301
300
328
298
292
306
266
277
293
287
277
252
249
244
238
233
252
194
232
221
224
198
184
202
181
189
187
192
197
171
217
190
169
176
206
193
197
179
172
193
180
178
160
162
170
203
190
181
188
194
200
226
181
191
193
183
205
205
185
209
197
232
179
194
206
212
222
211
210
228
216
210
217
204
246
227
229
219
239
233
239
220
254
256
260
246
264
275
256
275
271
289
243
265
257
288
283
252
272
257
258
280
257
272
259
244
216
283
262
246
226
270
233
249
215
234
231
206
228
235
240
209
205
208
205
228
173
182
188
180
190
199
200
162
161
183
153
160
176
167
173
155
167
165
157
181
143
165
155
179
164
144
163
154
146
130
147
144
147
140
156
141
158
149
133
158
146
137
161
164
163
148
169
175
124
172
179
155
137
154
156
141
157
134
158
154
149
142
161
137
148
120
156
149
148
128
137
142
168
134
158
133
131
138
133
154
128
119
111
125
119
132
138
139
116
133
118
116
136
111
130
117
118
118
112
107
140
116
95
104
112
122
117
113
102
95
125
105
103
130
94
106
103
100
113
101
112
90
92
90
93
107
108
106
95
106
106
88
101
119
105
100
108
111
134
98
108
102
99
121
112
119
112
112
105
127
135
149
112
122
118
128
132
111
121
137
125
150
130
147
150
146
145
139
148
148
138
169
154
156
149
161
148
161
164
184
171
178
160
161
159
163
179
202
153
185
173
186
195
192
198
221
184
189
197
208
207
207
205
173
207
215
243
202
199
240
243
234
215
220
232
229
218
212
272
244
248
252
206
217
258
260
235
251
211
214
227
231
230
231
200
208
198
221
184
209
204
201
198
204
169
187
160
182
167
163
175
161
167
145
148
151
139
150
127
114
144
124
118
124
139
122
127
113
126
118
110
108
102
107
117
119
120
89
80
102
88
101
85
77
114
100
93
98
108
112
111
107
93
100
96
98
119
118
86
96
107
81
96
106
96
103
90
96
100
110
101
90
110
103
107
90
101
77
96
104
108
106
87
96
99
98
87
82
75
91
76
81
110
101
99
100
102
82
80
75
83
90
83
70
78
75
78
74
75
76
92
74
74
80
86
97
81
69
83
84
92
58
72
78
62
64
66
80
78
72
82
65
70
77
72
65
85
50
67
71
61
71
81
87
59
66
58
64
63
88
68
64
52
74
81
73
76
91
97
105
65
67
86
77
92
96
99
96
103
85
87
86
111
116
93
96
100
103
84
111
116
113
111
109
126
86
132
103
112
97
96
116
105
129
133
134
117
120
122
128
136
114
137
124
116
112
113
131
100
106
102
105
110
107
100
96
79
90
105
98
108
95
83
96
89
84
95
76
95
73
95
86
100
68
71
85
83
85
69
78
78
91
69
57
73
85
62
79
64
69
62
54
63
73
61
63
60
72
63
64
64
65
61
51
68
48
49
50
58
61
66
65
47
49
43
51
47
53
48
47
45
52
46
44
50
41
53
57
40
48
53
34
43
47
45
39
51
41
51
46
45
47
45
45
48
29
37
40
29
34
50
36
64
39
40
39
46
34
40
38
44
46
39
46
38
32
36
39
37
47
41
47
36
37
49
37
40
37
34
31
47
38
46
28
32
41
25
35
35
25
39
38
27
34
42
24
41
23
39
31
41
30
35
42
30
48
32
35
26
34
34
33
34
33
31
27
32
45
26
42
25
26
39
36
33
34
32
32
29
36
36
35
38
30
35
38
33
44
29
31
35
32
33
30
40
37
50
25
41
32
36
33
46
40
35
47
34
45
44
39
33
48
37
37
53
41
35
47
45
34
38
44
54
54
46
63
41
51
50
51
50
46
54
58
65
60
46
62
54
54
56
51
50
57
61
56
59
64
64
51
63
56
61
58
66
64
44
54
64
53
80
58
67
53
65
72
74
66
68
56
46
55
58
55
44
56
54
47
49
47
58
56
45
59
67
60
58
44
62
55
56
62
58
42
67
53
53
60
47
43
49
55
47
49
44
53
46
49
61
48
68
41
38
47
58
50
42
57
49
47
48
35
72
51
44
49
51
39
42
51
46
54
59
52
49
46
49
46
47
65
59
37
48
46
49
47
39
51
45
49
36
41
41
50
36
43
35
45
39
38
48
38
61
33
41
41
57
50
47
26
43
33
43
33
46
32
41
35
36
34
41
45
38
35
48
41
42
35
27
37
43
40
36
35
31
31
39
20
28
34
28
31
28
40
25
26
30
29
37
30
35
34
28
27
29
34
27
31
26
36
40
23
24
29
26
34
17
28
27
32
21
30
32
24
33
19
23
22
34
26
20
23
22
22
33
26
23
20
35
22
24
21
28
25
23
26
24
26
34
24
24
21
17
24
15
20
27
25
24
20
25
23
24
24
23
23
34
19
25
30
30
21
26
24
19
25
19
22
17
27
18
25
21
24
17
4
21
24
32
21
14
27
14
20
23
14
21
18
13
10
19
14
18
16
21
22
21
31
14
24
15
13
15
14
17
21
11
25
23
30
24
18
17
24
18
17
20
29
22
23
19
28
26
30
24
27
32
29
30
25
29
28
21
47
30
34
45
32
45
43
46
47
37
44
38
61
42
44
57
41
66
56
52
47
60
60
73
63
76
57
64
62
59
55
64
76
65
73
74
67
91
68
77
62
88
79
88
84
67
67
79
79
75
79
67
74
83
84
92
79
92
82
66
78
75
70
74
83
60
76
77
69
79
90
51
73
58
68
73
58
76
62
57
61
51
42
66
51
63
56
43
46
55
56
43
40
50
44
51
46
48
46
37
28
33
39
37
31
39
32
33
29
32
31
33
39
27
32
34
23
27
15
28
39
24
26
21
28
27
23
17
26
25
19
17
16
15
17
22
18
19
21
15
13
18
13
19
21
17
17
$ROI:
42
143 193
144 194
424 531
429 529
440 544
440 545
440 549
443 544
443 553
490 516
604 1134
679 1395
772 934
800 953
827 855
828 856
840 1946
849 1974
857 2002
872 900
880 1058
887 915
914 1083
1010 1038
1208 1258
1345 1375
1418 1448
2436 2526
3229 3279
3607 3645
6449 6521
6459 6531
6463 6535
6464 6536
6467 6539
6471 6543
6482 6526
6489 6513
6497 6521
12997 13047
12999 13049
13000 13050
