$SPEC_ID:
GAMWIN
$SPEC_REM:


$DETDESC:

$DATE_MEA:
06/10/2025 07:24:35
$MEAS_TIM:
27085.15 27398.16
$MCA_CAL:
3
1.32118272781372E+001 1.29107522964478E+000 0.00000000000000E+000
$DATA:
0 2047
0
0
0
0
0
0
0
0
0
0
0
0
0
0
0
0
0
0
0
0
0
1517
1533
1756
1879
2176
2476
2620
2678
2605
2553
2476
2372
2427
2356
2230
2394
2488
2673
2919
3173
3487
3658
3790
3671
3637
3535
3271
3284
3424
3632
3812
4166
4412
4531
4932
5234
5454
5551
5544
5614
5723
6268
6915
7777
8870
9941
10742
11374
11353
10700
9725
8803
7817
7071
6724
6546
6620
6624
6509
6342
6043
5703
5416
4712
4262
3915
3568
3209
3146
2915
2808
2856
2765
2698
2645
2611
2577
2606
2653
2540
2624
2494
2676
2542
2502
2638
2767
2884
2899
3078
2921
3008
3026
2903
2945
2996
2821
2868
2774
2910
2924
2948
2823
2861
2792
2837
2860
2953
2943
2848
2817
2800
2737
2674
2757
2683
2631
2580
2616
2615
2524
2629
2571
2495
2589
2597
2680
2770
2699
2861
3062
3039
3003
3168
3099
3121
3082
3113
3139
3028
2909
2866
2859
2740
2650
2686
2610
2752
2680
2681
2627
2615
2684
2644
2615
2474
2677
2606
2529
2490
2580
2679
2810
2871
3053
3387
3561
3960
4270
4557
4797
5208
5534
5829
6080
5890
6097
6238
6020
5872
5675
5420
5054
4848
4598
4206
3865
3517
3188
2996
2812
2583
2475
2312
2249
2000
2057
1944
1890
1901
1936
1965
1956
1961
2032
2029
2111
2086
2145
2138
2186
2365
2364
2356
2478
2544
2521
2587
2629
2528
2547
2666
2570
2520
2487
2440
2335
2276
2309
2196
2114
2039
1993
1881
1766
1770
1695
1697
1710
1704
1718
1715
1706
1694
1843
1761
1859
2018
2007
2169
2279
2239
2432
2574
2698
2694
2822
2799
2986
3004
3004
3047
2984
3027
3022
3043
2916
2983
2859
2908
2698
2554
2493
2390
2265
2308
2064
1974
1814
1705
1586
1517
1474
1332
1282
1206
1106
1139
1056
1017
905
947
917
911
847
844
814
850
845
844
813
780
845
815
784
722
771
766
785
776
836
772
763
722
753
698
726
787
698
747
712
679
705
699
694
650
688
720
667
698
689
655
699
706
685
715
696
673
702
704
709
680
675
668
706
696
777
752
721
715
699
711
778
703
723
746
726
716
710
735
667
720
753
696
689
739
714
709
686
709
710
718
727
708
752
717
697
718
696
712
661
718
726
738
716
751
746
788
764
818
750
758
736
706
792
694
698
729
696
686
745
668
693
648
628
648
666
627
628
608
590
595
644
571
634
608
633
629
641
672
689
697
732
724
791
794
739
852
872
841
903
969
989
969
1036
1091
1154
1178
1234
1214
1302
1285
1402
1373
1397
1435
1394
1437
1477
1474
1569
1575
1574
1554
1510
1603
1588
1549
1613
1586
1604
1597
1579
1571
1539
1500
1472
1435
1428
1446
1353
1331
1222
1260
1331
1155
1168
1095
1046
980
960
885
880
895
828
781
737
690
693
631
595
615
558
532
544
493
496
472
450
445
466
462
465
455
428
433
436
394
383
420
420
447
428
410
424
443
430
402
404
386
417
385
395
393
377
444
391
391
365
404
428
409
429
423
389
438
420
423
429
433
452
442
398
421
437
423
414
434
472
500
472
459
495
457
464
511
525
481
451
482
455
440
484
433
420
471
485
450
423
453
478
485
522
434
498
476
445
479
480
453
435
446
460
447
472
433
489
453
481
454
475
491
456
465
457
422
440
451
421
411
453
440
415
445
413
438
422
436
401
397
451
415
375
385
430
375
385
383
414
376
373
360
341
367
367
341
385
374
352
348
379
379
345
372
361
337
362
360
317
345
366
362
361
359
348
389
360
408
350
361
351
356
371
331
394
389
382
393
377
374
389
398
361
395
458
410
429
467
430
489
447
486
446
444
445
516
516
506
522
526
547
516
553
545
532
576
596
595
554
534
567
631
552
565
571
584
548
580
606
565
561
577
582
570
570
563
533
554
553
548
560
546
518
532
511
582
503
498
532
476
495
515
519
483
505
535
523
467
498
510
474
452
434
485
489
463
463
488
460
442
440
463
425
414
414
461
378
393
384
364
359
382
335
339
337
309
347
339
311
318
279
299
311
275
267
250
244
282
223
217
263
236
224
245
223
250
224
223
230
206
218
237
188
229
216
203
209
212
219
203
214
232
205
209
195
211
228
219
206
216
208
211
199
207
207
206
210
195
224
215
240
212
240
222
262
225
244
257
239
240
275
218
238
263
266
292
314
263
283
291
290
310
297
260
302
295
303
325
327
303
323
323
334
305
355
305
306
311
306
289
311
318
315
304
314
324
293
279
269
284
303
288
292
278
272
257
262
267
239
262
269
259
252
233
229
230
244
227
217
192
218
201
219
207
190
213
199
202
180
176
187
190
171
204
171
168
161
163
167
170
154
166
167
186
178
156
175
173
166
145
180
155
187
160
189
178
161
153
164
173
195
176
186
169
157
179
168
187
188
174
161
179
178
178
181
159
172
162
151
170
166
159
172
179
171
164
140
167
195
151
178
146
154
160
171
161
168
151
158
149
177
160
147
135
142
124
149
150
145
166
148
130
150
143
147
125
136
101
123
149
150
122
132
123
107
123
121
133
125
130
119
115
125
107
134
105
123
128
130
123
120
130
127
113
136
130
130
122
119
124
134
134
115
133
134
116
136
154
136
156
132
143
157
124
143
134
164
151
145
149
177
160
126
147
164
136
171
151
135
160
170
178
167
183
160
147
163
156
194
160
173
163
179
170
176
196
170
184
190
178
189
173
195
180
190
188
202
218
205
228
204
198
202
226
228
230
218
215
205
206
223
255
228
235
223
213
236
241
206
254
211
239
218
228
266
251
242
232
239
260
273
221
243
225
220
237
208
255
209
208
216
230
208
232
199
220
223
206
208
210
180
189
197
195
184
180
159
175
142
145
148
168
167
158
148
157
146
129
124
145
131
151
124
142
123
141
111
133
127
121
116
139
106
138
108
130
102
110
117
117
124
113
115
109
108
108
123
122
122
117
100
112
117
113
125
96
101
112
116
111
117
118
129
110
120
122
123
126
122
113
97
116
116
120
96
106
119
103
122
114
111
114
120
94
117
121
108
87
120
102
127
99
95
114
100
117
99
111
104
99
91
106
85
79
86
81
97
101
84
94
82
79
88
96
111
89
97
65
91
74
63
83
82
82
90
99
67
88
71
79
76
64
90
92
72
89
77
71
96
76
86
78
89
83
78
90
92
76
90
90
83
108
83
80
88
99
99
113
93
92
108
96
110
100
114
120
104
134
85
113
119
126
121
125
121
123
117
110
121
144
141
144
155
141
155
125
144
139
154
147
134
150
165
137
137
142
143
153
154
147
139
127
146
134
147
143
138
133
128
114
124
143
123
120
130
129
116
120
106
107
114
129
125
106
115
102
104
97
112
101
84
87
98
107
107
97
94
97
72
79
67
94
75
87
79
79
88
104
97
71
86
73
73
76
69
84
69
67
62
68
58
77
89
64
65
71
66
46
49
62
60
66
58
60
59
74
60
59
63
58
59
39
57
59
45
55
39
63
55
68
43
54
42
46
40
50
57
55
55
46
58
48
56
52
56
42
48
48
45
44
48
47
55
43
31
46
44
31
30
34
32
35
50
59
60
46
39
36
51
44
40
35
35
35
41
40
46
37
46
38
54
38
41
39
33
39
27
34
31
47
29
46
48
39
38
39
41
43
43
29
37
30
38
38
47
50
36
36
41
36
38
29
34
35
42
46
41
36
39
36
39
30
33
41
43
36
40
31
37
35
42
46
37
37
38
37
32
28
48
36
33
46
30
45
47
39
40
47
37
46
55
36
48
50
42
39
46
58
40
49
46
64
67
49
53
53
60
56
56
56
50
64
58
34
61
71
67
64
51
43
72
85
58
76
74
68
55
62
51
66
56
69
71
68
66
71
67
60
59
61
64
57
64
66
57
63
67
78
74
75
59
68
76
72
73
67
62
68
67
77
58
56
64
67
66
63
72
57
72
66
63
61
55
71
61
66
55
59
68
81
68
55
61
57
64
56
59
71
48
57
76
75
67
56
57
60
68
66
60
70
57
56
71
60
61
44
72
53
70
69
50
49
74
62
46
65
42
57
49
52
62
59
56
53
50
46
62
53
51
53
52
61
60
49
42
44
52
53
45
51
41
36
39
41
46
56
46
40
44
45
46
38
39
61
42
45
44
47
43
35
41
51
48
38
37
48
32
42
43
48
32
49
41
48
30
41
44
49
29
48
49
35
35
40
37
30
35
41
25
29
44
38
37
38
36
37
34
36
37
33
46
37
34
41
30
35
31
38
32
34
26
31
27
32
31
31
25
28
28
34
31
24
26
26
31
29
23
26
28
33
17
20
26
19
29
23
29
25
22
32
24
30
35
29
27
27
35
26
18
29
29
37
27
18
32
16
23
27
22
29
27
21
30
23
24
20
31
31
22
17
22
24
25
19
13
38
15
19
23
21
21
32
26
24
26
16
21
23
21
17
24
21
28
24
20
23
17
16
19
15
16
23
25
25
18
26
25
22
30
26
20
23
24
24
22
27
28
21
24
27
24
16
27
26
27
32
33
29
27
33
23
29
38
30
31
32
38
27
40
46
41
41
54
45
45
48
46
60
49
60
63
49
53
44
48
58
65
67
63
75
78
70
66
71
85
57
82
72
73
78
94
86
95
87
90
75
80
95
84
86
96
78
85
85
97
93
83
96
83
85
73
89
91
84
99
91
98
87
82
86
70
83
95
89
81
98
77
63
80
79
78
64
83
72
78
73
62
59
64
70
67
70
61
62
66
59
55
57
52
56
55
53
58
40
52
43
28
41
50
54
34
48
53
39
32
43
47
35
45
32
46
32
36
20
30
29
39
22
21
27
31
36
21
17
31
23
22
24
25
19
14
22
21
27
20
22
27
15
13
18
19
16
21
26
19
15
14
$ROI:
42
143 193
144 194
424 531
429 529
440 544
440 545
440 549
443 544
443 553
490 516
604 1134
679 1395
772 934
800 953
827 855
828 856
840 1946
849 1974
857 2002
872 900
880 1058
887 915
914 1083
1010 1038
1208 1258
1345 1375
1418 1448
2436 2526
3229 3279
3607 3645
6449 6521
6459 6531
6463 6535
6464 6536
6467 6539
6471 6543
6482 6526
6489 6513
6497 6521
12997 13047
12999 13049
13000 13050
