$SPEC_ID:
GAMWIN
$SPEC_REM:


$DETDESC:

$DATE_MEA:
12/01/2025 07:16:40
$MEAS_TIM:
27970.06 28412.42
$MCA_CAL:
3
1.32118272781372E+001 1.29107522964478E+000 0.00000000000000E+000
$DATA:
0 2047
0
0
0
0
0
0
0
0
0
0
0
0
0
0
0
0
0
0
0
0
0
2310
2477
2692
2940
3319
3397
3705
3648
3477
3441
3374
3286
3165
3148
3211
3315
3429
3583
3883
4239
4498
4524
4549
4596
4394
4300
4297
4315
4637
4814
5088
5406
5834
6206
6603
6975
7171
7173
7285
7651
8115
8868
9767
11476
13020
14299
15060
15365
14908
13752
12685
11099
10032
9427
9172
8820
8858
8952
8698
8696
8074
7659
6822
6178
5566
4955
4491
4316
4015
3872
3789
3715
3731
3735
3606
3579
3665
3600
3442
3504
3527
3507
3603
3367
3628
3641
3758
3731
3907
3896
3965
4022
3985
4100
4017
3898
3880
3955
3909
3931
3906
3882
3978
3909
3969
3924
3959
3927
3914
3853
3926
3740
3740
3683
3707
3562
3574
3516
3536
3475
3539
3418
3452
3587
3656
3620
3726
3889
4013
4119
4094
4028
4289
4302
4314
4205
4188
4172
4146
4008
3924
3733
3687
3699
3660
3685
3669
3607
3549
3665
3614
3474
3577
3545
3382
3447
3464
3504
3562
3572
3742
3861
4034
4316
4599
5036
5389
5982
6430
6897
7282
7752
8021
8010
8102
8188
8082
8019
7692
7386
7151
6822
6375
5736
5365
5121
4539
4328
3857
3621
3372
3200
3109
2811
2902
2674
2695
2651
2636
2628
2652
2639
2646
2647
2806
2859
2991
3055
3111
3235
3335
3322
3377
3481
3541
3637
3581
3590
3595
3541
3616
3484
3451
3408
3344
3234
3123
2940
2879
2794
2623
2507
2605
2425
2324
2221
2233
2226
2276
2225
2383
2330
2420
2449
2592
2606
2811
2924
3054
3180
3377
3376
3674
3780
3852
3968
4046
3900
4195
4187
4183
4237
4175
4158
4005
4030
3997
3947
3799
3602
3613
3295
3177
2975
2734
2594
2414
2380
2130
2075
1883
1779
1645
1606
1561
1419
1350
1308
1294
1272
1182
1235
1111
1174
1110
1133
1060
1118
1041
1104
1068
1053
1080
1038
1072
1056
1024
956
1019
1060
1056
1022
973
978
961
963
946
952
985
953
903
946
927
852
941
907
824
910
851
865
946
895
881
908
856
950
925
941
922
942
949
942
913
929
1025
962
955
937
953
906
908
951
933
973
1009
864
917
967
960
933
966
925
957
943
907
957
975
922
923
903
987
946
880
893
963
959
933
945
987
947
958
950
947
895
986
969
952
944
933
928
966
951
990
912
972
860
896
905
896
847
832
835
819
882
863
794
812
801
822
735
800
850
815
849
824
859
876
882
948
895
996
1005
1005
1072
1076
1120
1193
1192
1205
1310
1302
1364
1438
1501
1578
1592
1596
1730
1729
1790
1855
1832
1939
2032
1964
2055
2141
2116
2161
2212
2162
2224
2154
2185
2236
2102
2097
2242
2159
2081
2151
2147
2174
2062
2057
2000
1904
1917
1876
1802
1663
1634
1521
1546
1482
1432
1356
1302
1229
1181
1072
1079
1069
1037
984
878
917
815
764
754
703
700
656
685
586
614
654
637
576
550
590
566
563
561
557
534
528
540
512
516
569
516
533
513
545
514
556
537
551
526
496
480
532
558
498
492
578
547
566
567
499
584
510
529
517
555
565
587
559
583
588
614
606
599
618
587
651
629
597
610
589
611
650
613
594
654
581
621
562
659
625
602
648
608
629
635
633
597
594
604
615
582
594
646
635
626
622
632
589
614
561
600
597
605
644
584
610
580
588
607
645
649
642
588
646
576
629
568
569
563
574
562
564
581
580
535
557
531
524
487
504
477
483
465
500
482
522
473
470
486
456
487
484
448
498
477
445
497
479
470
447
489
452
485
485
453
492
416
506
479
473
490
449
474
494
489
481
510
504
497
500
513
529
497
527
504
516
530
509
532
542
543
525
523
630
586
574
600
605
614
580
650
627
652
663
648
657
653
743
697
706
725
715
741
758
712
745
714
757
752
696
765
760
739
754
720
712
717
715
707
694
718
734
700
725
690
716
691
703
673
668
686
695
690
659
665
620
704
660
683
658
634
711
655
667
629
606
592
617
593
631
614
628
628
570
603
534
586
551
517
547
519
523
507
481
450
447
455
450
450
433
378
454
397
405
381
388
378
358
376
312
337
323
282
339
320
335
328
294
326
314
268
293
295
267
289
278
281
271
283
299
293
284
275
260
244
264
235
295
277
283
283
283
238
274
268
285
272
273
267
260
248
295
296
290
284
327
295
298
292
317
329
293
330
318
346
348
339
355
340
345
375
392
360
395
393
368
404
393
370
379
414
390
389
482
405
417
433
409
405
399
445
428
438
428
448
426
403
468
452
422
451
407
423
401
389
425
403
389
361
369
380
342
331
376
380
322
334
331
318
305
320
298
281
275
283
265
262
299
287
277
267
257
277
278
270
235
252
246
246
261
230
267
237
256
237
244
230
228
247
237
220
226
221
233
234
226
259
227
230
226
256
257
244
233
227
241
239
244
230
250
239
232
248
235
230
235
234
246
229
226
222
235
234
215
226
242
217
208
237
243
219
232
236
219
248
226
223
213
226
217
211
200
206
222
229
207
200
201
212
208
188
190
204
208
194
156
175
200
185
177
183
161
181
167
144
161
155
181
167
154
160
169
147
159
164
158
168
159
189
166
155
161
184
159
152
134
178
174
155
173
156
152
172
157
188
157
171
186
156
163
189
172
183
178
173
211
196
200
190
195
198
175
199
206
209
207
178
204
198
206
227
208
211
226
195
227
258
224
202
210
245
216
206
260
252
228
223
256
226
250
235
256
274
259
270
266
270
243
254
287
280
284
303
299
306
309
302
301
287
329
310
315
315
330
334
330
338
339
332
330
377
338
368
345
327
378
361
320
320
332
362
378
325
375
372
358
327
334
359
351
317
333
349
304
311
338
281
303
310
317
284
315
269
272
236
284
237
262
257
224
258
228
252
233
228
219
228
211
202
186
204
211
186
179
177
182
182
178
176
191
178
162
156
175
159
147
173
153
160
161
169
169
135
123
148
142
178
147
151
145
153
174
143
164
162
123
157
158
129
174
171
147
151
146
145
159
156
143
154
147
137
143
138
151
141
165
152
149
138
142
149
150
122
147
152
146
140
126
122
130
156
121
147
131
116
142
130
150
124
127
131
138
143
145
112
117
99
107
137
122
113
116
97
116
125
118
137
110
115
128
114
127
110
108
105
110
97
110
106
99
105
104
110
101
114
103
121
116
111
112
124
111
102
96
93
106
107
131
110
116
104
94
111
122
114
105
137
146
119
130
122
148
127
139
131
131
156
146
135
153
157
158
161
160
152
175
175
146
164
162
158
199
216
193
179
169
204
175
200
191
214
199
200
177
196
191
216
189
177
214
187
214
201
184
204
222
186
203
209
193
202
176
167
209
184
171
191
157
178
149
183
184
163
167
176
170
188
173
142
149
127
135
126
159
140
142
127
127
136
128
116
112
127
146
105
120
109
114
116
106
109
98
114
99
94
109
113
86
100
77
107
84
76
101
92
91
88
98
92
80
110
87
89
75
87
78
90
71
98
75
67
81
74
72
79
71
77
63
71
65
58
70
83
75
58
67
78
68
61
71
72
60
62
73
63
60
63
78
75
63
70
57
60
62
67
60
76
77
60
52
49
55
59
63
56
62
50
45
62
68
52
54
56
62
52
50
52
65
46
56
72
54
46
49
49
51
59
53
52
51
63
42
51
42
46
54
64
45
37
46
59
49
48
43
52
48
41
46
38
39
49
49
46
54
42
46
46
41
50
55
51
46
52
59
51
47
52
59
47
48
37
52
54
41
52
49
59
44
56
60
55
44
41
45
45
51
53
53
60
50
55
65
64
56
53
55
57
55
64
74
60
46
64
80
61
65
61
60
53
66
54
70
64
82
69
73
82
86
64
64
61
87
76
68
78
77
72
80
60
92
89
80
88
87
81
82
63
75
74
94
97
98
92
79
87
68
92
92
81
72
91
95
85
109
81
89
94
85
96
84
85
89
82
82
79
81
96
81
80
79
77
82
84
86
95
81
72
95
73
89
85
75
88
92
81
88
80
85
69
70
86
91
87
69
95
90
92
81
72
97
96
68
98
64
73
71
84
80
96
67
84
66
89
60
84
74
64
80
71
83
81
70
70
84
67
75
69
71
58
71
76
79
45
61
70
61
60
62
60
68
76
57
47
55
55
65
64
51
64
56
70
66
49
55
49
54
64
55
65
63
49
58
50
49
55
60
52
62
50
53
52
44
61
62
54
48
53
56
57
33
59
48
40
61
59
50
50
44
45
48
46
58
44
61
53
46
47
45
47
47
50
39
43
50
57
46
42
43
50
36
34
52
43
41
38
48
39
45
45
42
40
46
39
34
39
46
43
35
21
32
29
41
39
39
39
41
39
32
37
36
28
41
31
32
27
27
38
35
26
26
33
31
40
32
33
22
35
28
20
30
38
42
35
31
30
29
28
22
24
35
36
35
31
36
32
31
33
35
24
29
38
26
33
25
32
31
25
26
35
32
35
29
30
20
22
25
29
33
34
29
32
23
24
22
35
27
29
19
34
38
22
26
32
27
32
24
24
25
23
36
32
25
33
22
38
28
22
26
34
41
34
42
32
43
36
33
41
46
40
37
47
44
44
36
41
41
46
55
38
52
59
68
59
56
75
54
63
75
76
63
83
66
79
66
80
91
91
74
108
100
97
89
98
121
76
94
96
95
110
111
97
101
117
101
113
103
113
102
124
118
104
139
119
109
104
130
116
113
113
126
117
113
101
99
117
116
109
118
113
117
104
103
104
93
112
96
109
83
103
103
101
99
98
92
105
85
92
96
80
98
74
65
67
69
74
76
77
62
66
65
68
59
55
50
61
47
58
53
61
50
55
52
53
49
45
42
43
46
41
37
47
38
36
39
39
38
40
35
43
32
25
32
30
33
35
25
22
18
34
20
22
32
26
26
24
36
19
18
23
21
25
26
22
18
27
30
$ROI:
43
143 193
144 194
424 531
429 529
440 544
440 545
440 549
443 544
443 553
490 516
604 1134
679 1395
690 1434
772 934
800 953
827 855
828 856
840 1946
849 1974
857 2002
872 900
880 1058
887 915
914 1083
1010 1038
1208 1258
1345 1375
1418 1448
2436 2526
3229 3279
3607 3645
6449 6521
6459 6531
6463 6535
6464 6536
6467 6539
6471 6543
6482 6526
6489 6513
6497 6521
12997 13047
12999 13049
13000 13050
