$SPEC_ID:
GAMWIN
$SPEC_REM:


$DETDESC:

$DATE_MEA:
11/07/2025 07:38:45
$MEAS_TIM:
27344.37 27774.43
$MCA_CAL:
3
1.32118272781372E+001 1.29107522964478E+000 0.00000000000000E+000
$DATA:
0 2047
0
0
0
0
0
0
0
0
0
0
0
0
0
0
0
0
0
0
0
0
0
2546
2651
3007
3331
3666
4071
4055
4129
4037
3758
3811
3778
3640
3672
3653
3906
4083
4518
4818
5327
5686
5723
5805
5605
5276
5040
4980
5076
5263
5466
5843
6291
6738
7269
7561
7735
7849
7905
8079
8289
8868
9707
10968
12448
14207
15633
16411
16459
15588
14445
12975
11459
10384
9899
9541
9551
9345
9549
9422
8762
8348
7581
6796
6139
5587
4896
4609
4217
3999
3871
3832
3865
3875
3680
3923
3671
3695
3695
3597
3559
3545
3579
3568
3723
3732
3766
3793
3949
4018
3972
4039
4021
4071
4072
4054
3862
4016
3995
3955
4013
3879
4077
4124
4056
4050
4118
3992
4003
4012
3920
3938
3803
3827
3855
3633
3666
3649
3667
3767
3624
3632
3649
3859
3856
3793
3987
3960
4086
4267
4463
4394
4443
4595
4535
4570
4476
4341
4292
4188
4126
3969
4065
3812
3773
3699
3751
3732
3676
3788
3695
3617
3615
3590
3633
3568
3508
3533
3512
3691
3828
3892
4144
4393
4806
5156
5470
5983
6625
7051
7450
7429
7962
8312
8218
8393
8206
8201
7946
7611
7162
6682
6458
6070
5353
5085
4725
4359
4173
3813
3447
3381
3141
3085
2915
2836
2918
2931
2743
2813
2843
2896
2906
2973
3073
3031
3133
3361
3482
3525
3599
3639
3789
3938
3967
3983
4063
3973
4130
3986
3973
3920
3735
3757
3701
3670
3499
3489
3216
3034
2902
2887
2710
2610
2610
2506
2467
2440
2461
2436
2449
2603
2704
2676
2821
2950
3124
3210
3395
3503
3775
3915
4096
4176
4372
4378
4627
4568
4731
4638
4769
4780
4667
4684
4633
4558
4468
4341
4219
4104
4005
3718
3458
3340
3146
2902
2767
2647
2435
2257
2032
1935
1988
1745
1562
1577
1486
1497
1436
1342
1317
1267
1235
1241
1206
1263
1221
1162
1156
1189
1164
1139
1156
1179
1125
1173
1102
1138
1103
1065
1091
1057
1032
1094
1074
1001
1052
1035
1045
955
1000
964
906
956
966
968
934
960
969
950
980
991
956
978
1012
940
926
982
1009
947
946
1048
1018
1017
950
995
1055
1034
1040
1033
1058
1026
1027
1024
986
986
1001
1035
1031
1006
1065
992
967
1023
967
967
940
903
1018
1033
980
950
1096
1027
1046
1038
951
994
991
994
975
1022
969
1008
1058
1070
948
1015
995
955
991
1009
1007
996
990
953
1005
927
951
960
907
916
929
889
879
879
878
898
878
893
844
886
869
916
897
1035
969
974
974
1026
1035
1094
1124
1151
1139
1243
1256
1325
1381
1464
1521
1579
1648
1640
1631
1670
1737
1808
1903
1885
2015
2047
2046
2171
2243
2228
2216
2308
2341
2380
2318
2385
2365
2380
2441
2448
2561
2442
2463
2405
2403
2339
2299
2316
2138
2199
2022
2094
2046
1906
1920
1787
1782
1734
1643
1484
1479
1373
1311
1290
1229
1118
1106
1010
1015
933
825
849
830
806
819
765
736
670
658
695
651
655
677
613
625
625
619
621
592
578
551
581
556
589
620
562
604
621
594
567
604
530
602
593
574
589
615
581
588
560
600
586
596
608
584
656
622
614
634
615
645
621
654
633
665
644
635
633
666
631
655
679
657
636
634
632
651
661
692
702
647
707
639
685
672
638
661
699
650
716
722
662
664
671
697
743
683
702
660
676
681
657
714
692
694
713
671
747
691
681
697
701
640
715
661
662
637
682
575
656
598
614
612
660
622
586
604
588
601
602
617
625
588
579
593
577
562
593
548
551
625
550
553
553
508
511
555
563
533
492
519
554
571
508
530
542
524
562
538
510
577
567
502
485
528
506
573
554
520
558
525
555
538
543
518
530
572
548
541
648
573
569
555
604
603
585
626
613
623
651
691
654
632
716
718
701
713
720
679
742
739
796
742
789
823
756
807
806
804
787
792
822
787
798
813
776
825
805
752
788
777
779
729
797
745
791
786
766
771
730
754
758
753
715
719
712
693
717
786
712
734
741
739
659
685
731
649
640
686
668
675
658
657
638
630
654
642
645
635
607
598
623
614
588
581
546
521
545
544
506
458
511
492
486
450
419
424
440
455
399
400
406
365
393
429
374
357
330
413
354
378
336
362
374
331
324
294
329
346
334
323
308
318
353
345
330
300
321
325
327
324
304
298
321
302
358
305
344
332
349
320
323
349
341
359
326
342
374
369
363
368
373
376
381
361
430
392
391
428
407
433
457
436
449
468
496
481
454
440
515
484
434
519
473
527
507
497
511
544
522
495
529
487
515
520
525
509
520
516
514
505
528
536
497
492
460
465
495
463
449
469
474
422
403
446
426
446
408
387
396
398
386
382
345
361
366
348
366
360
329
332
344
317
319
352
313
333
279
290
314
296
300
324
274
274
247
316
306
262
307
286
272
277
280
265
254
294
279
278
275
304
286
299
288
253
305
290
254
280
298
283
286
262
289
287
284
262
290
283
265
297
282
294
294
279
296
282
272
232
259
276
244
277
241
267
246
283
222
257
237
240
263
249
257
242
261
217
231
222
220
238
213
219
239
207
205
220
198
217
196
214
201
223
190
203
179
197
196
198
186
200
173
216
177
186
193
178
194
167
168
184
182
180
219
199
189
168
205
163
179
196
170
194
196
181
224
198
172
199
184
223
196
211
196
207
215
220
226
234
220
227
245
240
220
243
241
261
256
237
248
251
252
240
268
242
231
304
285
252
269
261
250
305
326
280
295
315
300
319
335
352
322
361
349
341
374
358
376
379
400
365
411
452
408
403
441
472
446
460
501
482
517
508
468
506
524
520
567
549
502
555
583
567
580
591
594
614
562
597
581
598
550
629
614
572
531
613
537
603
559
537
553
519
525
504
516
490
512
488
451
438
447
438
452
406
416
391
438
343
371
356
355
402
335
315
317
345
304
267
290
279
272
234
251
255
222
276
238
219
209
224
221
207
220
210
169
207
171
197
160
194
175
173
180
178
196
171
189
171
175
168
145
168
161
176
172
163
166
165
152
153
169
188
148
174
119
165
166
161
139
177
172
174
166
130
156
137
137
161
151
143
143
149
171
155
140
153
122
153
126
138
155
142
136
152
141
122
159
136
133
143
134
134
136
126
132
125
134
123
113
132
111
114
110
118
118
101
137
120
137
113
111
98
143
103
101
104
111
104
118
106
90
98
128
98
101
130
125
91
132
121
107
121
105
125
128
107
104
116
114
144
135
126
115
141
105
144
147
138
137
137
159
147
161
157
168
168
176
178
187
172
181
185
174
179
180
193
214
190
192
187
208
207
214
226
225
235
217
222
194
224
234
226
201
242
224
254
223
217
222
223
235
235
224
231
216
220
202
233
218
193
205
184
202
197
176
199
220
209
211
204
195
173
186
147
179
174
154
160
161
155
140
144
149
156
149
153
146
148
157
139
141
129
148
121
119
107
119
115
120
95
99
101
99
118
105
111
111
106
91
98
104
95
122
104
102
103
95
93
93
87
67
79
104
82
86
84
83
87
108
78
94
68
89
77
78
82
99
74
69
68
86
76
71
67
75
68
64
69
72
68
63
65
71
68
77
75
70
66
67
59
52
53
57
70
60
69
58
65
52
63
65
53
55
68
61
40
58
62
56
61
63
55
60
58
48
62
50
54
59
59
52
48
63
53
44
49
57
47
58
41
49
43
54
57
43
49
46
49
63
70
49
49
57
43
53
39
63
35
48
34
54
52
51
38
57
43
36
52
47
46
49
50
59
50
45
51
48
44
50
45
53
39
45
53
51
68
40
53
54
50
58
60
47
49
51
67
59
47
45
56
55
43
46
60
43
46
70
61
66
63
56
57
58
51
60
57
64
63
63
63
62
58
70
81
75
86
66
64
68
73
72
86
69
66
82
66
82
94
84
92
85
67
88
73
83
79
71
84
88
79
93
87
86
87
87
94
76
99
78
86
98
92
81
79
91
106
93
90
86
90
92
81
85
94
100
93
107
104
79
86
105
86
91
98
96
74
67
92
86
74
87
85
97
97
86
78
93
77
87
97
82
83
88
90
90
78
87
85
78
79
79
92
80
75
91
90
73
93
71
86
85
73
95
79
93
82
75
82
72
76
62
67
61
87
65
65
79
58
96
81
70
74
65
60
64
71
56
50
62
54
69
65
61
48
52
58
55
72
75
55
72
59
58
47
51
65
53
66
40
52
62
55
51
57
57
60
60
58
48
45
49
54
48
58
55
51
44
40
57
47
48
46
52
54
43
55
52
46
51
37
38
44
41
41
34
41
45
42
40
41
44
45
33
48
35
45
46
51
47
42
35
38
33
31
32
49
40
33
27
36
36
46
39
35
31
36
51
25
36
21
29
27
42
41
31
26
27
37
38
45
29
31
29
41
41
26
29
31
27
38
39
34
32
23
37
32
29
35
35
29
30
25
40
30
34
35
32
31
33
23
34
37
29
42
27
31
34
22
24
34
33
34
17
28
29
27
31
39
37
27
33
26
41
35
18
19
36
21
32
30
24
29
28
30
22
40
31
38
21
33
28
27
37
26
29
19
30
30
23
24
26
25
18
21
32
28
26
31
40
28
31
30
38
34
34
34
31
37
38
40
51
48
39
54
42
45
48
49
55
61
58
47
76
63
58
58
74
65
68
75
83
70
70
80
82
84
78
97
99
97
91
96
93
90
109
108
94
116
105
93
88
124
121
100
90
103
100
106
93
86
101
92
95
119
105
106
120
110
122
97
86
130
117
113
104
108
105
107
107
103
103
97
88
80
102
84
91
87
98
83
85
91
89
74
77
70
69
64
69
82
76
57
53
69
70
59
60
68
52
66
71
52
45
51
50
36
54
42
42
41
38
42
31
38
47
28
39
36
33
41
33
37
35
20
35
36
28
28
35
27
29
35
29
16
22
35
25
18
21
28
20
16
15
20
27
10
15
21
23
14
15
21
24
14
13
25
15
20
15
13
16
$ROI:
43
143 193
144 194
424 531
429 529
440 544
440 545
440 549
443 544
443 553
490 516
604 1134
679 1395
690 1434
772 934
800 953
827 855
828 856
840 1946
849 1974
857 2002
872 900
880 1058
887 915
914 1083
1010 1038
1208 1258
1345 1375
1418 1448
2436 2526
3229 3279
3607 3645
6449 6521
6459 6531
6463 6535
6464 6536
6467 6539
6471 6543
6482 6526
6489 6513
6497 6521
12997 13047
12999 13049
13000 13050
