$SPEC_ID:
GAMWIN
$SPEC_REM:


$DETDESC:

$DATE_MEA:
06/05/2025 15:29:03
$MEAS_TIM:
56744.36 57444.32
$MCA_CAL:
3
1.32118272781372E+001 1.29107522964478E+000 0.00000000000000E+000
$DATA:
0 2047
0
0
0
0
0
0
0
0
0
0
0
0
0
0
0
0
0
0
0
0
0
3239
3432
3730
4187
4750
5030
5431
5485
5196
5064
5059
4952
4934
4934
5013
5131
5276
5834
6219
6654
7294
7703
7873
7718
7419
7198
6920
7193
6975
7678
8045
8736
9208
9667
10422
10906
11082
11523
11703
11870
12246
12940
14272
16135
18271
19939
21770
22418
22746
21696
19805
17478
16053
14529
13570
13129
13552
13304
13239
12982
12424
11577
10955
9906
9107
8356
7501
7183
6600
6524
6366
6277
6099
5999
6060
6078
5905
5944
5921
5782
5834
5774
5937
5885
6073
6084
6211
6352
6448
6742
6872
6823
6838
6669
6592
6642
6541
6584
6429
6327
6431
6319
6356
6511
6515
6435
6446
6404
6349
6267
6267
6360
6146
6021
6091
6007
5947
5798
5759
5740
5795
5774
5755
5693
5678
5791
5876
5834
6108
6166
6385
6467
6537
6515
6599
6561
6562
6470
6371
6537
6262
6006
6005
5987
6023
5899
5764
5866
5896
5865
5729
5809
5808
5817
5757
5665
5687
5677
5519
5730
5719
5825
5960
6389
6518
7075
7690
8236
8788
9680
10278
10962
11467
11908
12418
12610
12634
12617
12545
12215
11636
11263
10756
10310
9421
8797
8232
7553
7078
6508
5960
5554
5311
5026
4685
4518
4384
4279
4168
4203
4276
4178
4270
4208
4204
4243
4251
4408
4505
4478
4676
4725
4812
4974
5082
5163
5157
5221
5282
5198
5439
5355
5177
5180
5082
5073
4850
4782
4651
4471
4529
4100
4159
3998
3853
3804
3657
3630
3619
3521
3620
3602
3583
3556
3785
3825
3991
4203
4296
4465
4672
4637
4821
5321
5259
5457
5604
5678
5775
5890
5920
5906
6014
6096
5970
5918
5820
5847
5638
5563
5429
5289
5042
4807
4663
4442
4239
3901
3705
3560
3350
3169
2933
2749
2591
2477
2359
2255
2135
2164
2020
2054
1971
1985
1740
1877
1832
1777
1864
1770
1769
1777
1785
1619
1634
1634
1669
1735
1675
1746
1696
1666
1646
1622
1555
1572
1648
1568
1461
1559
1464
1569
1510
1511
1439
1585
1483
1456
1455
1474
1451
1448
1476
1393
1457
1491
1447
1468
1447
1560
1524
1553
1519
1475
1556
1522
1498
1552
1522
1651
1569
1641
1532
1557
1608
1572
1540
1506
1490
1534
1515
1509
1561
1578
1537
1514
1580
1499
1431
1520
1538
1499
1541
1515
1542
1516
1591
1606
1494
1604
1635
1568
1510
1596
1573
1592
1575
1534
1592
1485
1585
1582
1569
1536
1612
1537
1535
1551
1401
1508
1530
1470
1409
1418
1404
1387
1415
1366
1291
1337
1291
1301
1266
1310
1333
1322
1373
1377
1454
1458
1419
1518
1493
1541
1518
1633
1679
1686
1818
1777
1852
1948
2000
1995
2136
2238
2244
2395
2374
2451
2627
2655
2741
2721
2757
2816
2925
2965
3033
3116
3047
3090
3207
3123
3111
3137
3215
3157
3060
3185
3159
3147
3082
3079
2978
2928
2865
2898
2834
2819
2694
2711
2455
2518
2427
2428
2318
2181
2048
1974
1979
1842
1827
1630
1636
1530
1505
1468
1360
1271
1232
1210
1153
1176
1163
1083
1037
975
963
1035
1017
965
955
881
937
909
908
885
910
904
866
900
903
840
868
810
812
842
849
836
802
816
880
838
903
840
827
841
906
861
863
878
860
867
834
868
897
865
885
925
927
925
899
944
931
927
960
965
965
991
967
1037
974
971
998
972
1037
1002
979
994
960
943
957
1017
1079
1009
974
951
940
1007
1005
944
911
979
979
969
1001
997
955
1006
976
974
943
954
948
1002
967
957
931
941
1016
955
962
934
968
974
959
961
927
938
998
923
902
913
899
899
852
838
880
881
843
830
864
863
823
834
839
784
811
765
843
784
833
772
743
764
771
815
769
732
760
751
743
727
761
729
772
715
756
718
767
751
757
757
720
802
776
773
785
748
831
782
790
790
757
800
803
819
841
816
875
814
883
847
833
876
861
891
963
916
978
989
948
964
959
991
1000
1081
985
1104
1073
1167
1147
1188
1188
1143
1167
1195
1217
1236
1274
1236
1167
1185
1198
1254
1244
1225
1196
1216
1267
1153
1251
1139
1218
1220
1224
1189
1157
1224
1119
1212
1179
1150
1123
1081
1091
1097
1089
1079
1086
1058
1094
1058
1097
1094
1014
1054
1045
1048
1068
1098
1024
1020
1003
999
935
1031
942
939
968
931
909
900
880
933
870
812
836
882
845
828
828
745
704
705
691
690
717
691
647
627
614
589
656
528
542
593
570
584
506
512
511
506
542
472
473
472
500
473
441
480
469
444
423
452
439
435
412
426
441
439
433
429
451
450
450
391
454
431
401
456
455
424
446
443
437
426
445
469
481
489
488
472
489
486
457
516
508
529
525
526
533
522
538
595
552
565
614
595
595
617
563
632
626
601
626
632
654
614
626
632
625
671
648
630
611
650
654
606
693
625
700
620
642
651
628
587
599
577
585
582
578
586
593
601
550
588
537
550
506
500
510
541
516
524
486
449
462
433
463
491
445
424
402
433
410
430
410
390
435
416
383
400
390
409
389
383
388
406
385
386
421
360
341
369
387
342
371
357
411
357
343
364
363
375
370
386
353
350
384
360
363
349
378
371
378
379
378
373
354
383
373
328
355
347
336
363
362
371
351
356
355
366
360
348
337
350
348
371
338
351
339
340
334
329
336
332
306
337
325
302
315
297
284
309
289
276
297
289
306
316
244
322
277
250
272
259
282
282
272
267
302
265
252
290
251
285
256
271
257
265
285
239
260
282
245
247
258
278
240
266
235
242
237
247
232
265
259
258
267
276
273
280
277
257
293
322
317
291
312
284
291
305
292
285
296
322
278
289
299
310
304
299
282
300
310
342
321
318
299
351
352
297
342
348
314
338
362
388
347
354
366
372
370
366
382
391
370
398
416
423
412
424
429
426
463
457
474
509
447
531
475
501
508
486
524
544
556
534
578
579
581
563
602
592
624
641
605
645
604
630
625
622
619
638
619
634
615
645
614
620
625
623
585
591
617
573
596
586
557
577
546
535
517
535
476
487
494
461
492
507
451
426
422
424
440
425
397
409
390
381
358
326
344
343
330
322
353
366
296
280
280
291
289
286
299
260
288
285
257
262
269
272
280
251
254
255
235
246
263
243
231
223
210
253
237
225
218
250
214
221
229
238
247
228
245
252
251
219
229
245
201
216
222
232
262
210
235
235
240
240
220
243
250
220
232
235
213
218
227
208
225
200
253
202
220
210
226
221
226
221
200
215
197
230
200
202
201
216
183
179
218
176
203
199
194
201
180
182
185
177
176
169
180
148
207
187
183
188
169
142
185
190
159
179
151
175
154
170
163
163
172
171
181
154
143
166
168
158
151
163
165
166
161
175
162
152
176
168
185
196
190
197
179
169
182
181
211
160
202
202
206
224
178
219
202
204
215
218
247
232
238
253
232
244
250
258
239
250
263
285
289
262
258
281
259
254
276
278
275
258
294
276
279
292
302
297
292
285
267
295
254
280
254
275
272
250
262
283
249
268
258
280
244
228
239
238
249
213
233
220
221
205
225
228
209
211
235
205
207
197
220
180
194
197
202
181
154
183
169
175
173
166
157
163
158
158
172
143
183
135
154
144
136
121
140
136
126
148
160
129
124
118
116
123
125
135
114
110
145
115
124
126
100
127
106
93
117
121
122
115
110
115
106
119
93
110
105
103
96
102
97
111
113
105
112
118
119
111
100
113
112
84
112
109
90
86
109
106
107
94
95
84
101
100
83
90
88
83
100
81
101
91
74
89
94
85
99
104
105
103
90
89
81
85
83
92
86
75
92
102
94
81
93
73
94
80
77
94
84
68
78
84
81
90
78
65
76
93
94
88
69
71
81
89
89
89
80
96
93
94
66
80
89
64
80
67
70
62
66
92
87
90
80
74
72
86
95
79
77
76
84
66
84
83
80
99
67
65
60
74
76
90
94
86
84
75
75
83
89
87
95
104
91
91
111
94
89
89
89
98
98
91
104
106
95
107
104
101
97
101
103
84
112
114
117
112
108
122
119
107
115
131
122
133
119
115
139
122
128
140
109
134
121
125
135
124
119
145
135
129
152
152
116
114
146
145
122
132
137
136
143
139
126
123
133
138
136
112
126
124
133
119
132
122
148
137
116
124
128
129
128
131
132
148
132
132
136
136
145
129
136
126
122
139
122
119
117
121
133
111
124
163
123
129
106
120
109
116
116
128
114
123
119
106
111
117
108
109
137
116
87
122
108
96
115
108
130
109
117
117
119
108
101
91
111
99
113
80
109
122
92
102
107
101
103
124
105
104
107
90
104
113
90
87
98
108
92
93
97
93
97
91
73
89
93
78
94
86
88
79
95
89
84
89
78
95
108
71
95
89
97
77
99
78
91
79
78
91
97
83
86
70
85
76
96
67
63
87
81
71
74
81
72
78
75
61
78
77
79
59
65
68
82
71
75
88
69
57
93
64
60
68
57
59
57
55
63
72
65
70
61
58
75
51
57
67
72
53
53
56
61
58
66
60
43
61
54
52
50
53
59
50
56
72
63
48
53
56
44
60
63
67
57
52
53
57
49
49
60
63
55
43
51
57
61
55
57
55
61
55
38
61
47
52
45
42
56
49
50
63
44
54
43
47
45
53
46
50
42
41
55
42
56
29
48
52
45
49
35
51
59
42
52
39
46
44
39
48
38
41
43
59
49
49
54
79
46
39
52
52
48
41
60
57
52
46
64
57
62
63
69
74
53
74
73
82
76
71
91
78
81
77
75
89
99
94
93
110
108
115
118
110
105
133
108
131
120
136
118
99
124
137
146
138
156
151
174
143
140
176
169
157
158
156
175
167
156
186
180
188
181
176
200
195
177
179
192
196
191
191
194
184
178
197
199
196
197
185
178
168
162
154
189
157
175
173
173
182
161
171
160
178
156
168
168
151
158
143
180
139
145
152
136
124
126
142
112
115
116
110
124
107
102
93
109
113
111
103
104
82
91
91
87
89
87
90
71
81
74
64
64
60
62
65
80
64
71
49
67
62
58
56
43
68
39
43
44
45
51
49
44
38
52
31
54
33
42
34
40
46
31
38
38
34
33
$ROI:
42
143 193
144 194
424 531
429 529
440 544
440 545
440 549
443 544
443 553
490 516
604 1134
679 1395
772 934
800 953
827 855
828 856
840 1946
849 1974
857 2002
872 900
880 1058
887 915
914 1083
1010 1038
1208 1258
1345 1375
1418 1448
2436 2526
3229 3279
3607 3645
6449 6521
6459 6531
6463 6535
6464 6536
6467 6539
6471 6543
6482 6526
6489 6513
6497 6521
12997 13047
12999 13049
13000 13050
