$SPEC_ID:
GAMWIN
$SPEC_REM:


$DETDESC:

$DATE_MEA:
06/04/2025 14:50:29
$MEAS_TIM:
59667.53 60326.76
$MCA_CAL:
3
1.32118272781372E+001 1.29107522964478E+000 0.00000000000000E+000
$DATA:
0 2047
0
0
0
0
0
0
0
0
0
0
0
0
0
0
0
0
0
0
0
0
0
2636
2786
3020
3348
3762
4148
4386
4431
4284
4231
4131
4153
4125
4053
3996
4386
4420
4828
5215
5782
6268
6573
6578
6286
6183
5790
5569
5699
5795
6041
6267
6669
7224
7711
8135
8505
8926
8856
8971
8956
9431
10165
10943
12565
14317
15820
17362
18260
18498
17385
15847
13936
12656
11355
10603
10303
10568
10304
10397
10184
9618
8832
8492
7606
6816
6218
5396
5172
4758
4740
4344
4316
4259
4217
4165
4220
4106
4066
4055
4068
3938
4018
3942
4025
4145
4048
4210
4411
4507
4520
4697
4600
4560
4609
4527
4553
4391
4361
4365
4419
4410
4319
4349
4387
4410
4571
4494
4337
4333
4206
4341
4285
4122
4174
4165
4078
4059
4060
3857
3908
4020
3878
3884
3846
4036
4031
3970
4097
4137
4338
4449
4506
4778
4720
4789
4665
4934
4700
4640
4433
4558
4545
4413
4299
4274
4250
4186
4087
4224
4243
4179
3997
4267
4115
4122
4155
4023
4035
3903
4067
4047
4212
4509
4649
4936
5244
5715
6241
6741
7217
8004
8487
8991
9282
9505
9813
9897
9611
9606
9485
9298
8883
8280
8021
7315
6842
6348
5786
5226
4969
4543
4202
3852
3747
3614
3405
3273
3269
3145
3015
3118
3110
3159
3209
3119
3274
3242
3463
3474
3551
3665
3841
3748
3825
4147
4043
4182
4296
4159
4148
4220
4230
4182
4108
3987
3992
3936
3773
3688
3556
3435
3240
3331
3094
2984
2966
2838
2748
2827
2708
2754
2865
2845
2829
2832
3078
3129
3151
3351
3572
3702
3849
4047
4036
4246
4300
4509
4549
4669
4807
4949
4897
4877
5046
4830
4853
4866
4731
4719
4558
4387
4266
4087
3987
3819
3572
3432
3163
2965
2842
2645
2530
2308
2196
2096
2014
1935
1777
1703
1654
1583
1577
1483
1554
1524
1493
1442
1463
1413
1431
1351
1386
1356
1365
1361
1314
1388
1290
1346
1281
1327
1301
1356
1287
1261
1222
1335
1219
1226
1195
1263
1285
1205
1143
1125
1174
1178
1144
1171
1231
1140
1167
1198
1215
1162
1175
1202
1136
1206
1162
1193
1208
1215
1229
1223
1229
1202
1258
1309
1241
1239
1238
1213
1242
1256
1211
1238
1248
1291
1281
1157
1172
1195
1200
1175
1172
1255
1265
1200
1236
1185
1282
1226
1294
1274
1219
1217
1236
1291
1269
1198
1284
1325
1280
1308
1262
1293
1317
1296
1258
1306
1338
1317
1272
1270
1259
1315
1239
1274
1204
1198
1214
1184
1263
1144
1109
1119
1105
1083
1108
1059
1092
1106
1092
1069
1036
1161
1078
1131
1175
1227
1164
1223
1224
1278
1353
1386
1371
1427
1452
1544
1610
1604
1611
1813
1778
1889
1964
1939
2045
2087
2109
2155
2216
2334
2415
2397
2441
2339
2454
2495
2421
2502
2491
2661
2664
2616
2652
2604
2573
2660
2566
2534
2548
2488
2469
2526
2427
2410
2253
2221
2203
2142
2024
1945
2022
1942
1863
1788
1715
1612
1662
1481
1467
1338
1336
1295
1235
1183
1115
1084
1113
1076
1038
953
970
892
924
905
854
834
835
832
857
782
827
787
775
827
845
784
777
775
702
737
782
730
768
749
729
733
708
674
741
747
765
773
705
732
760
762
739
805
706
742
737
737
721
765
764
750
749
815
809
793
786
782
764
777
796
845
821
758
797
785
820
863
774
835
842
841
792
796
861
847
878
808
803
811
827
818
740
833
768
839
778
790
839
815
841
770
777
816
843
814
815
807
821
810
762
770
824
794
831
787
766
787
792
786
739
784
787
739
792
687
800
753
752
730
729
711
686
695
718
704
723
721
646
613
653
666
668
676
660
644
663
621
609
692
663
631
632
644
670
620
643
660
619
599
585
665
598
656
651
700
633
672
680
641
693
696
633
640
659
672
639
682
714
638
680
716
717
689
717
715
755
750
758
722
784
791
795
822
814
828
841
844
870
927
884
924
931
946
908
916
944
973
977
999
1027
1045
1022
981
1038
1034
1005
997
996
929
969
1069
1012
968
924
1022
1004
996
998
969
961
950
947
980
905
935
895
908
944
898
944
941
889
872
882
883
926
896
887
862
878
909
805
874
893
827
800
836
787
757
822
797
778
795
727
686
666
696
694
712
608
667
669
688
595
598
554
582
527
526
566
547
515
529
463
481
519
494
482
485
432
438
443
435
400
429
400
400
418
441
403
403
399
409
409
380
373
402
394
380
413
415
359
414
378
377
405
396
424
361
386
393
357
373
405
418
406
403
395
389
404
385
418
462
442
445
447
396
467
474
445
439
468
471
499
458
479
509
526
537
520
532
488
542
534
535
540
537
544
586
559
564
572
544
591
592
551
559
632
548
588
565
592
533
569
549
558
531
508
553
573
488
510
519
513
534
515
475
495
463
487
453
458
471
422
447
419
492
451
438
389
420
412
404
401
387
378
378
362
380
379
353
355
334
356
376
335
358
341
360
323
323
350
345
312
326
310
352
319
345
329
313
308
288
306
306
318
344
329
317
348
305
322
303
301
326
326
318
301
305
292
335
366
353
339
332
319
337
307
310
310
297
294
295
310
299
305
313
295
292
321
275
285
301
302
306
298
270
281
250
303
280
273
265
268
270
259
263
232
264
256
244
241
248
258
237
239
219
236
219
254
228
222
229
210
205
218
205
223
205
228
219
243
208
198
213
216
191
216
187
190
227
203
210
212
196
218
229
193
206
206
206
246
202
221
239
221
233
207
210
250
274
228
241
221
254
268
255
242
274
249
278
249
238
244
272
244
279
287
264
226
294
299
287
315
306
339
329
345
312
321
301
363
327
338
341
339
383
390
407
392
365
394
403
418
415
437
436
414
479
500
442
507
488
517
529
545
544
543
534
561
548
573
595
594
628
612
604
572
624
601
635
616
625
708
640
643
628
651
667
609
606
620
707
643
631
574
603
594
595
616
575
580
577
530
539
544
558
501
496
498
478
427
465
465
432
395
427
390
350
366
361
368
355
317
328
302
316
295
316
290
289
300
267
252
253
243
271
238
255
242
226
220
248
221
220
239
203
220
224
203
224
190
232
186
209
192
177
200
203
179
185
199
185
187
188
187
157
190
189
192
188
182
177
216
190
203
187
210
163
193
222
188
172
178
185
183
165
207
165
201
175
183
170
181
183
182
150
171
170
156
145
168
156
178
185
179
172
153
157
183
153
150
156
165
135
154
181
150
139
162
144
117
153
145
145
123
163
124
140
143
130
136
134
155
137
127
157
153
145
114
127
124
128
126
142
123
140
116
122
144
133
150
127
146
130
134
143
141
147
152
178
168
146
163
172
168
150
169
153
147
152
179
155
181
176
170
187
180
187
202
165
201
215
195
202
215
199
216
204
215
214
207
212
215
212
217
233
249
232
245
216
237
228
256
230
232
250
240
221
243
207
199
244
208
230
215
209
245
224
186
226
214
212
216
213
213
191
221
221
186
203
172
220
150
179
179
172
172
170
164
152
157
160
169
146
131
165
146
135
151
139
114
119
118
130
146
138
119
112
117
113
139
116
120
116
126
129
113
95
114
118
110
112
122
92
111
123
114
121
108
109
101
108
100
106
93
95
104
120
98
78
94
106
106
103
96
93
83
94
89
93
89
85
90
89
83
90
96
78
59
87
93
90
96
86
87
94
84
78
85
69
72
80
68
75
77
72
78
70
80
81
95
70
59
68
75
63
76
73
73
78
62
57
85
76
60
54
72
65
82
71
75
55
61
69
53
79
78
62
65
60
71
46
75
71
80
72
65
70
64
58
72
63
69
72
59
59
65
59
76
73
61
76
60
68
62
61
57
63
66
63
55
64
65
69
70
56
67
53
78
71
65
54
77
78
71
71
63
67
51
62
65
68
59
63
61
65
75
69
65
76
68
63
61
90
74
96
69
80
76
83
66
73
82
83
89
81
88
86
80
96
87
99
70
101
82
95
110
105
106
90
92
117
108
112
102
109
98
106
96
94
93
108
88
94
116
98
121
125
104
116
116
120
115
115
98
95
120
118
112
103
115
109
105
110
107
134
120
105
126
103
108
103
97
109
119
105
110
116
114
98
89
98
105
116
125
104
113
104
94
107
96
110
95
101
108
90
85
110
109
112
128
113
90
101
107
98
93
101
101
105
103
108
122
108
97
98
87
83
100
82
92
97
75
90
82
93
80
106
90
106
90
73
91
92
98
88
73
89
92
64
74
72
85
74
90
75
80
68
95
88
75
90
68
81
65
78
84
72
65
77
65
68
66
67
70
66
68
80
64
77
78
57
69
57
75
57
63
60
71
64
70
74
78
63
65
66
65
61
62
64
70
74
72
65
72
65
56
59
65
53
52
62
60
57
60
51
68
62
55
53
66
71
44
57
63
43
48
58
61
50
61
45
47
40
50
44
60
47
65
52
42
46
55
46
57
39
54
60
59
49
48
52
47
59
49
40
54
44
46
42
49
49
43
44
32
38
49
49
38
42
46
45
42
37
54
38
42
35
30
43
47
46
45
50
34
48
48
38
47
52
37
36
32
45
41
36
50
48
38
28
49
37
43
41
34
33
34
33
44
41
46
33
32
32
38
38
45
40
33
39
35
32
37
41
35
37
45
35
38
42
42
25
39
34
36
34
39
34
38
41
41
55
40
43
47
38
38
47
55
53
37
48
48
51
55
55
56
50
58
73
57
71
60
85
77
67
74
78
59
67
75
69
98
81
97
89
96
86
103
111
100
111
118
114
122
103
123
120
117
119
125
130
130
115
136
148
149
131
136
135
148
148
137
148
139
137
155
155
139
131
157
152
138
164
137
184
164
159
166
131
131
132
127
143
119
138
141
147
134
120
136
115
122
114
107
139
124
135
123
109
108
102
103
112
114
98
97
99
92
84
81
105
83
86
88
99
81
75
70
68
61
73
72
73
64
59
61
57
61
68
60
59
48
42
54
46
49
59
50
50
66
42
44
42
43
43
45
40
35
37
28
43
24
28
22
29
31
37
34
24
38
24
24
39
24
38
$ROI:
42
143 193
144 194
424 531
429 529
440 544
440 545
440 549
443 544
443 553
490 516
604 1134
679 1395
772 934
800 953
827 855
828 856
840 1946
849 1974
857 2002
872 900
880 1058
887 915
914 1083
1010 1038
1208 1258
1345 1375
1418 1448
2436 2526
3229 3279
3607 3645
6449 6521
6459 6531
6463 6535
6464 6536
6467 6539
6471 6543
6482 6526
6489 6513
6497 6521
12997 13047
12999 13049
13000 13050
