$SPEC_ID:
GAMWIN
$SPEC_REM:


$DETDESC:

$DATE_MEA:
06/02/2025 14:40:33
$MEAS_TIM:
58692.29 59388.38
$MCA_CAL:
3
1.32118272781372E+001 1.29107522964478E+000 0.00000000000000E+000
$DATA:
0 2047
0
0
0
0
0
0
0
0
0
0
0
0
0
0
0
0
0
0
0
0
0
3294
3558
3816
4267
4924
5561
5822
6226
5913
5691
5499
5395
5356
5159
5180
5173
5683
5955
6289
6850
6996
7609
7552
7614
7503
7328
7496
7553
7669
8023
8350
8908
9547
10047
10377
10984
11058
11495
11482
11542
12042
12931
13711
14971
16717
18213
19634
20103
20333
19033
17900
15772
14676
13581
12837
12576
12536
12867
12476
12282
11748
11325
10487
9884
9252
8404
8012
7476
7323
6986
6853
6728
6772
6762
6702
6693
6680
6591
6534
6495
6458
6551
6533
6647
6533
6713
6715
6972
7011
7058
7074
7158
7204
7250
6998
7122
7176
7006
7011
6832
6855
6824
6730
6950
6881
6693
6750
6640
6763
6706
6596
6593
6489
6404
6316
6385
6140
6313
6013
6091
6006
5971
6057
5904
5992
5987
6067
6226
6296
6324
6431
6437
6599
6517
6732
6628
6604
6510
6465
6392
6351
6299
6139
6059
5932
6049
5925
5976
5951
6038
5986
5958
6080
5911
5872
5947
5800
5949
5968
5882
5876
6190
6295
6455
6739
7043
7463
8058
8710
9112
9770
10313
10814
10952
11343
11535
11893
11538
11434
11149
10893
10339
10067
9464
8867
8394
7923
7186
6846
6355
6015
5515
5402
5008
4879
4624
4661
4546
4422
4343
4237
4202
4385
4340
4287
4332
4460
4495
4518
4663
4646
4843
4863
4708
5029
4867
5062
5148
5063
5125
5063
4906
5050
5080
4798
4892
4734
4776
4473
4533
4424
4242
4085
3950
3848
3786
3684
3631
3449
3501
3691
3577
3603
3717
3650
3928
3834
3990
4186
4253
4363
4544
4709
4752
4995
5016
5174
5278
5273
5362
5413
5495
5458
5370
5423
5355
5180
5292
5132
4953
4960
4783
4517
4333
4236
3987
3914
3748
3452
3332
3230
3078
2877
2781
2671
2476
2489
2344
2280
2274
2165
2115
2081
2036
2099
2050
2065
1989
1983
1890
1914
1926
2004
1943
1940
1965
1944
1951
1826
1883
1907
1862
1915
1807
1897
1765
1863
1885
1879
1811
1764
1772
1750
1795
1829
1734
1748
1736
1687
1709
1703
1743
1645
1687
1723
1672
1727
1743
1788
1724
1704
1695
1756
1694
1735
1754
1680
1646
1830
1777
1827
1741
1690
1819
1767
1708
1806
1712
1876
1634
1750
1721
1666
1589
1680
1721
1667
1701
1646
1699
1642
1682
1677
1668
1641
1749
1703
1646
1730
1710
1674
1671
1692
1722
1687
1722
1702
1842
1721
1728
1627
1734
1755
1658
1745
1664
1652
1705
1589
1677
1604
1516
1601
1535
1519
1412
1465
1504
1493
1433
1503
1426
1469
1434
1391
1568
1459
1433
1498
1485
1474
1575
1558
1565
1735
1675
1727
1751
1770
1861
1893
1881
2063
2008
2056
2185
2235
2214
2325
2412
2334
2496
2557
2608
2531
2633
2671
2805
2718
2715
2802
2881
2869
2894
2977
2807
2915
2845
2837
2920
2814
2878
2760
2723
2784
2739
2699
2649
2592
2483
2468
2422
2390
2315
2310
2203
2124
2043
2032
1943
1816
1814
1752
1628
1586
1566
1539
1455
1421
1419
1269
1202
1279
1242
1212
1126
1117
1118
1131
1091
1124
1036
1048
1021
989
1016
1021
964
993
957
1021
963
1000
952
1014
975
932
941
996
951
960
931
981
948
952
940
938
933
963
998
1002
1038
959
994
1009
978
957
1032
1017
997
1067
981
1044
1035
1027
1036
1053
1058
1082
1025
1074
1055
1113
1055
1071
1068
1112
1099
1097
1032
1079
1073
1111
1052
1019
1047
1087
1053
1077
1058
1087
1119
1090
1040
1081
1065
1013
1023
1107
1019
1038
1080
1095
1097
1054
1005
1022
1021
1066
1058
1109
1098
1079
1076
1031
1054
1076
1023
1046
1035
1121
1034
1089
992
1027
957
971
967
1000
947
949
978
995
930
955
975
955
916
879
924
905
964
885
899
940
948
833
951
893
842
936
901
861
852
890
952
874
882
929
937
941
928
805
882
922
871
942
885
941
911
861
896
862
903
939
884
918
906
980
927
933
972
992
977
998
991
1050
1000
995
1032
1092
996
1061
1079
1166
1107
1216
1151
1061
1154
1174
1193
1126
1270
1220
1269
1247
1241
1265
1230
1261
1250
1259
1289
1275
1332
1255
1245
1306
1274
1258
1296
1215
1272
1219
1361
1250
1188
1213
1234
1324
1229
1212
1288
1178
1238
1193
1147
1198
1181
1187
1248
1173
1252
1161
1147
1154
1222
1212
1176
1133
1172
1096
1154
1155
1192
1101
1120
1066
1108
1095
1078
1045
1067
1007
1043
1020
1035
992
995
956
935
977
931
929
892
893
929
861
826
824
876
811
797
812
736
737
781
727
732
704
743
690
738
670
722
706
682
660
672
705
664
609
634
691
642
664
601
692
682
638
633
628
634
656
666
660
687
663
702
689
649
662
668
666
721
680
658
668
691
713
658
690
749
687
735
687
703
745
751
807
800
758
772
724
739
841
804
849
786
822
755
821
790
822
765
818
817
818
830
856
865
941
874
890
868
852
916
843
782
871
845
858
891
855
834
872
829
812
815
826
790
798
779
791
741
791
785
755
800
861
701
755
739
738
742
736
709
677
675
685
731
659
729
710
715
666
661
682
653
631
638
630
623
602
657
609
606
646
583
590
640
556
564
593
520
563
583
571
596
572
540
581
555
577
518
512
524
535
510
559
543
528
473
508
529
484
502
518
487
486
510
475
516
487
488
468
479
456
444
448
435
437
452
418
437
403
405
438
416
430
390
407
373
394
418
419
361
350
381
370
375
371
341
357
359
393
343
371
349
361
334
347
319
313
324
283
316
301
348
321
321
323
301
294
295
312
322
291
303
296
308
297
283
271
315
250
283
286
269
287
247
295
284
294
267
301
285
251
287
287
312
260
273
299
323
279
277
292
316
318
330
315
314
340
300
344
331
350
331
362
367
349
382
357
363
354
384
390
422
405
464
458
444
454
457
501
502
544
565
574
572
641
659
650
725
722
801
814
851
867
932
936
1002
1025
1074
1093
1151
1240
1222
1244
1356
1328
1388
1509
1432
1549
1605
1635
1584
1595
1747
1787
1812
1822
1962
1913
2002
1904
1940
1963
2045
1982
2086
2030
2063
2018
2031
2057
2040
2068
1912
1865
2001
1861
1924
1891
1921
1826
1766
1705
1733
1702
1665
1596
1522
1517
1493
1369
1408
1322
1279
1282
1228
1151
1161
1067
1039
976
988
915
901
842
812
767
738
736
685
669
590
633
556
532
535
487
503
476
462
407
413
415
379
346
386
344
297
298
305
328
303
299
280
288
276
278
280
265
258
224
216
221
200
215
251
224
230
234
221
207
229
203
191
227
200
232
210
196
195
212
188
211
198
202
206
195
197
175
210
202
211
184
169
175
182
185
200
175
197
177
212
169
159
188
190
192
173
193
193
173
159
191
165
169
174
164
154
151
164
156
135
157
175
160
167
167
153
138
140
155
143
131
126
143
136
135
153
143
140
148
152
140
136
120
143
139
146
139
148
144
119
142
134
160
140
166
146
143
133
143
150
149
177
155
161
154
171
184
167
178
163
184
159
162
161
195
197
192
190
200
197
223
205
202
193
190
212
219
209
221
187
206
225
212
229
225
238
229
244
223
247
216
226
221
214
248
243
259
225
244
216
198
235
244
220
225
211
223
233
199
211
224
198
206
216
196
197
206
183
196
202
182
180
190
176
170
157
132
179
155
183
153
155
156
154
139
166
152
167
138
123
153
152
116
151
132
148
124
129
125
138
103
116
130
113
123
118
124
133
127
112
103
103
111
97
99
103
104
119
93
98
108
104
112
103
104
97
106
94
107
106
118
80
103
110
102
88
97
86
76
83
92
100
105
105
106
78
107
100
85
83
83
76
103
83
74
82
82
72
84
72
106
77
92
91
97
75
78
91
86
69
80
71
80
93
78
80
93
72
77
67
79
75
86
70
74
79
83
68
69
70
77
78
63
66
65
72
67
76
62
74
102
77
65
75
70
69
84
77
76
71
68
70
83
68
71
76
70
66
65
60
66
61
73
68
70
74
73
67
70
75
60
77
63
71
71
70
66
71
77
79
72
85
68
86
67
69
71
81
76
63
80
75
94
65
80
78
85
73
77
74
97
78
63
73
80
97
82
85
90
90
71
89
89
105
79
91
86
100
88
87
83
107
112
96
97
90
95
95
95
115
105
93
112
103
117
103
113
121
115
89
122
104
111
127
104
122
124
122
113
113
118
116
126
101
104
150
124
112
131
111
114
132
132
106
110
127
111
117
120
107
105
111
94
108
111
114
112
108
120
125
108
115
116
109
100
132
110
103
111
117
105
119
94
130
113
113
100
103
102
109
106
105
113
95
109
113
113
105
100
98
126
110
107
99
111
120
115
102
106
100
113
108
90
95
88
104
73
108
98
115
86
105
91
81
90
89
91
87
85
101
88
90
102
85
85
75
106
78
79
78
87
89
87
77
88
75
80
83
94
75
88
88
67
68
77
85
75
81
85
88
84
72
76
74
85
69
87
88
69
69
81
58
85
73
77
73
73
68
76
67
50
67
86
59
69
64
65
60
61
61
67
62
77
69
60
61
71
64
51
49
65
55
61
63
51
52
64
55
55
63
53
53
55
48
64
55
63
56
42
47
57
41
44
61
65
47
48
55
51
54
54
47
61
68
52
53
54
48
50
54
52
51
39
41
48
41
63
60
38
42
59
41
36
47
44
42
48
50
49
43
51
63
54
45
56
49
41
50
43
54
42
48
46
43
49
42
50
53
44
36
33
53
48
36
40
29
51
45
34
36
36
44
39
39
41
33
32
40
43
34
34
39
41
40
42
44
50
45
32
36
40
44
44
33
51
41
47
54
50
41
43
36
38
46
51
59
51
62
53
53
65
54
60
57
44
47
62
65
70
65
76
72
76
88
81
74
96
99
95
90
84
101
89
97
76
118
100
104
96
124
121
118
129
100
130
124
127
132
135
129
139
149
123
152
133
141
149
164
144
159
147
178
147
152
167
163
159
167
161
162
156
170
164
158
184
150
186
161
158
180
149
140
153
161
135
157
139
143
146
125
129
145
156
119
127
146
140
135
119
124
105
113
118
122
110
119
123
95
129
87
91
100
98
91
81
84
82
84
79
82
74
80
71
65
59
58
73
61
71
63
52
66
54
72
57
66
59
55
47
42
51
54
54
60
48
45
40
48
49
38
49
32
40
35
35
35
41
38
35
51
38
32
31
31
32
29
35
$ROI:
42
143 193
144 194
424 531
429 529
440 544
440 545
440 549
443 544
443 553
490 516
604 1134
679 1395
772 934
800 953
827 855
828 856
840 1946
849 1974
857 2002
872 900
880 1058
887 915
914 1083
1010 1038
1208 1258
1345 1375
1418 1448
2436 2526
3229 3279
3607 3645
6449 6521
6459 6531
6463 6535
6464 6536
6467 6539
6471 6543
6482 6526
6489 6513
6497 6521
12997 13047
12999 13049
13000 13050
