$SPEC_ID:
GAMWIN
$SPEC_REM:


$DETDESC:

$DATE_MEA:
06/03/2025 14:54:42
$MEAS_TIM:
57722.13 58467.75
$MCA_CAL:
3
1.32118272781372E+001 1.29107522964478E+000 0.00000000000000E+000
$DATA:
0 2047
0
0
0
0
0
0
0
0
0
0
0
0
0
0
0
0
0
0
0
0
0
3999
4249
4520
5179
5835
6661
7036
7288
7037
6608
6575
6295
6157
6090
6114
6440
6736
6899
7557
8125
8706
9067
9224
9332
9015
8796
8783
8885
9147
9582
9878
10607
11235
11937
12510
13263
13459
13819
13912
14289
14950
15507
16877
18675
20845
22763
24642
25386
25405
24124
22814
19901
18386
16779
15982
15834
16080
15672
15716
15390
14759
14272
13062
12158
11284
10291
9848
9212
8736
8362
8163
8249
8149
8112
7920
7947
7933
8037
7796
7692
7750
7758
7784
7838
8052
8104
7997
8330
8531
8604
8638
8504
8656
8701
8470
8436
8420
8537
8335
8303
8388
8277
8337
8389
8120
8454
8159
8306
8169
8036
8070
7835
7902
7808
7699
7621
7644
7653
7521
7385
7288
7421
7205
7267
7383
7399
7259
7462
7704
7968
8002
7902
8130
8095
8178
8202
8351
8060
7983
7952
7879
7488
7562
7387
7281
7421
7220
7230
7163
7205
7389
7211
7148
7177
7010
7181
7185
6946
7045
7109
7242
7329
7688
7856
8298
8783
9270
10008
10627
11373
12251
12766
13305
13824
14566
14461
14551
14415
14301
14011
13458
12919
12243
11655
11087
10543
9391
9133
8407
7779
7367
6835
6370
6047
5804
5678
5473
5366
5253
5335
5144
5262
5323
5240
5347
5449
5389
5422
5487
5827
5813
5940
5983
6182
6316
6233
6232
6337
6558
6488
6418
6455
6300
6325
6120
6007
5848
5771
5833
5476
5416
5129
4888
4863
4844
4645
4420
4545
4341
4376
4279
4492
4448
4466
4744
4747
4870
5051
5223
5457
5741
5746
5859
5987
6226
6494
6567
6662
6810
6868
7047
6996
7087
7105
7029
6898
6970
6675
6611
6469
6254
6161
5794
5777
5424
5229
4939
4742
4473
4186
3969
3843
3661
3444
3391
3083
3016
2933
2712
2732
2658
2562
2570
2367
2377
2362
2348
2395
2357
2318
2298
2344
2266
2315
2250
2356
2305
2249
2320
2239
2230
2264
2165
2130
2183
2186
2186
2091
2171
2069
2125
2116
2036
2026
2062
2072
2015
2010
1981
2017
1941
2039
2065
2023
1998
2028
1998
2035
1962
1956
1982
2026
2075
2037
1950
2122
2063
2089
2070
2119
2037
2080
2006
2013
2019
2085
2095
2036
2074
2021
2002
1964
1985
1972
1966
1980
1954
1913
1823
1893
1998
1958
1979
2016
1961
1964
1992
1952
2021
2000
2005
2038
1993
2055
2080
2024
2117
2039
2042
2039
2070
2049
1902
1965
2047
1936
2012
1828
1910
1921
1930
1870
1794
1827
1849
1725
1727
1714
1698
1701
1735
1636
1690
1731
1716
1700
1738
1740
1736
1797
1843
1897
1907
1910
1974
2042
2128
2118
2251
2229
2383
2437
2393
2553
2516
2641
2779
2794
2829
2942
2957
2994
3246
3182
3250
3313
3473
3625
3445
3463
3611
3651
3667
3702
3708
3691
3707
3684
3713
3726
3692
3579
3528
3623
3448
3439
3384
3315
3322
3269
3162
3038
3096
2886
2818
2819
2633
2620
2465
2411
2325
2228
2099
1978
1947
1908
1907
1781
1683
1595
1658
1570
1526
1445
1482
1391
1412
1410
1305
1260
1341
1284
1248
1214
1151
1163
1118
1194
1168
1223
1125
1195
1087
1103
1125
1115
1152
1133
1112
1088
1203
1139
1125
1128
1117
1153
1161
1163
1184
1143
1117
1184
1120
1151
1071
1228
1207
1195
1263
1174
1227
1158
1249
1185
1271
1274
1255
1216
1269
1297
1281
1282
1236
1335
1309
1283
1295
1334
1249
1316
1297
1290
1236
1267
1260
1293
1284
1244
1288
1266
1220
1266
1227
1185
1250
1299
1214
1285
1190
1315
1277
1211
1302
1271
1282
1265
1273
1202
1354
1238
1241
1273
1278
1210
1254
1264
1243
1216
1311
1138
1293
1192
1161
1214
1214
1198
1153
1186
1196
1199
1138
1123
1106
1043
1077
1077
1073
1083
1062
1055
1017
1097
1004
1076
1119
1053
1043
1038
1010
1067
1037
1065
1016
1013
1041
987
1040
1030
1051
995
1085
989
1044
1044
1023
1011
1032
1006
1050
1060
1037
1055
1017
1122
1050
1053
1077
1078
1130
1103
1115
1175
1096
1190
1164
1250
1196
1273
1239
1222
1258
1306
1251
1253
1308
1301
1388
1379
1382
1376
1388
1488
1426
1399
1432
1435
1509
1557
1554
1530
1528
1498
1536
1554
1669
1492
1450
1541
1542
1518
1497
1543
1501
1484
1493
1487
1433
1498
1534
1414
1494
1427
1432
1404
1455
1415
1454
1445
1386
1325
1394
1348
1362
1374
1378
1439
1398
1406
1365
1353
1364
1364
1343
1360
1341
1327
1329
1243
1304
1245
1255
1260
1239
1227
1227
1225
1133
1228
1156
1153
1176
1119
1119
1043
1037
1022
962
950
1005
1008
914
896
924
884
863
807
864
874
854
828
812
765
787
748
811
766
773
765
751
754
757
773
748
698
727
749
766
737
704
754
721
767
798
722
753
776
719
716
714
712
762
789
757
707
741
808
750
768
750
764
782
777
755
804
794
832
869
785
850
821
845
867
817
819
832
940
846
931
915
956
937
955
965
923
950
973
990
948
1015
963
936
1016
986
928
934
964
1004
1026
955
1005
982
995
945
1022
961
976
972
975
972
992
952
963
958
951
945
899
884
931
926
855
848
837
879
861
852
810
822
801
776
832
765
790
804
770
741
690
771
783
737
690
742
709
697
710
675
697
716
644
665
668
665
636
663
665
634
606
606
704
658
632
631
649
680
598
574
585
575
616
625
592
555
631
599
605
554
563
569
573
570
542
543
555
559
581
530
533
557
579
517
533
542
476
509
488
498
545
480
479
491
474
481
496
492
483
502
513
452
446
468
463
451
441
437
441
422
426
363
431
395
389
391
412
387
391
342
370
398
377
369
382
358
338
326
343
344
381
363
344
358
367
371
379
315
330
331
315
362
356
313
311
325
338
343
338
328
369
335
365
323
354
341
305
364
330
343
374
362
373
353
353
367
362
399
390
409
366
357
418
367
405
401
446
421
414
465
451
450
475
498
535
478
500
527
565
567
545
621
619
626
626
686
673
736
738
790
792
830
805
943
918
960
987
1068
1036
1095
1160
1112
1284
1252
1355
1350
1374
1378
1448
1543
1559
1588
1639
1633
1722
1742
1772
1777
1851
1860
1886
1924
1927
2075
2006
1984
2100
2117
2057
2113
2056
2074
2045
2023
2092
2049
2013
1936
2052
1995
1973
1958
1873
1872
1806
1829
1715
1721
1747
1651
1597
1503
1569
1518
1413
1307
1363
1294
1271
1184
1159
1107
1069
973
1040
976
969
891
825
835
799
761
683
714
632
579
599
601
561
560
541
523
499
488
422
418
457
412
381
381
403
412
335
369
351
309
311
344
310
309
328
278
308
285
292
290
313
312
273
308
293
288
244
286
280
261
270
268
275
264
249
268
240
246
235
262
277
283
275
240
251
252
242
243
205
252
239
251
227
215
232
248
243
252
211
234
216
227
233
227
210
225
218
220
220
203
254
197
198
191
201
195
218
200
188
176
200
197
183
207
185
168
170
219
180
197
198
177
161
179
163
174
186
161
144
179
213
149
177
188
181
189
153
181
164
183
152
166
185
168
180
172
176
185
199
192
218
187
187
211
192
221
182
207
190
238
206
187
227
258
232
252
271
268
255
234
259
258
252
295
258
293
258
285
267
294
271
272
276
311
286
301
277
309
276
318
313
312
278
304
315
298
319
322
307
327
307
290
300
302
260
296
294
288
331
294
295
261
302
250
272
239
261
275
237
274
248
241
245
221
218
213
225
206
227
208
213
206
205
173
198
207
193
193
172
172
174
200
181
186
179
190
194
168
161
160
149
131
176
156
133
130
154
175
170
125
136
149
138
166
139
129
137
160
124
127
130
120
130
150
148
137
115
133
118
120
125
115
134
116
116
118
102
100
97
98
116
105
108
98
102
109
102
133
126
114
113
107
110
110
103
110
104
100
90
103
114
110
112
112
104
94
104
111
83
87
91
112
90
117
84
90
102
86
70
85
95
90
84
87
89
96
80
95
83
100
76
90
91
93
90
83
83
107
87
66
80
70
74
91
100
89
61
72
88
85
77
77
73
97
83
88
79
72
90
85
89
87
84
75
91
86
92
84
69
79
85
79
81
87
84
77
86
74
74
69
83
74
86
85
97
86
89
86
77
80
90
78
76
103
95
93
83
90
97
114
86
95
95
99
78
114
101
132
80
103
126
107
87
101
111
93
86
111
116
114
133
127
125
102
116
147
121
132
112
125
142
121
153
142
138
141
142
142
133
156
133
147
140
128
130
147
138
139
129
139
145
154
137
150
152
150
139
165
146
120
142
146
159
155
159
140
142
157
148
132
129
141
126
150
150
165
135
137
146
142
168
147
122
146
135
139
116
137
141
167
147
139
147
129
126
160
155
125
136
149
137
142
139
112
134
142
141
147
162
134
133
150
128
127
129
122
144
141
128
130
125
135
132
150
117
110
107
137
111
113
112
104
147
118
106
132
104
124
98
124
118
128
108
117
124
87
95
115
114
112
95
104
94
104
97
112
90
96
86
94
98
102
89
86
102
110
93
109
100
108
108
90
82
78
96
85
89
89
85
76
101
87
78
86
87
88
96
80
90
70
102
96
78
75
81
88
85
81
64
89
82
72
78
71
80
85
74
63
59
92
64
76
69
76
85
59
52
73
72
69
65
78
80
74
54
79
60
58
73
63
60
62
44
67
64
64
51
55
63
48
77
76
53
66
70
51
60
55
76
49
67
69
61
60
54
56
55
44
68
50
75
48
65
49
75
58
62
66
48
56
49
59
42
43
58
62
49
44
44
54
58
46
57
58
57
53
51
58
51
61
41
44
54
51
50
45
56
50
45
52
42
51
54
46
48
45
51
31
58
67
49
57
55
54
48
53
46
47
40
57
52
50
46
57
42
44
58
59
66
54
58
53
66
60
52
64
62
56
64
55
55
77
75
73
74
86
78
80
71
102
96
92
62
90
118
100
108
119
106
122
125
114
145
130
118
118
148
141
126
152
158
123
175
170
183
179
191
170
159
176
181
174
193
183
177
199
195
192
163
217
165
183
180
205
190
214
208
182
213
203
214
183
213
196
187
218
216
171
206
205
209
206
181
218
165
171
159
195
190
178
174
174
160
177
161
150
154
135
159
167
129
129
131
157
149
132
131
114
143
106
120
115
113
117
114
120
101
89
96
93
86
84
90
82
81
77
81
77
64
78
64
68
58
64
56
64
64
50
60
70
65
64
51
47
41
61
48
49
35
49
51
50
42
44
45
32
37
49
40
39
37
44
29
39
30
31
$ROI:
42
143 193
144 194
424 531
429 529
440 544
440 545
440 549
443 544
443 553
490 516
604 1134
679 1395
772 934
800 953
827 855
828 856
840 1946
849 1974
857 2002
872 900
880 1058
887 915
914 1083
1010 1038
1208 1258
1345 1375
1418 1448
2436 2526
3229 3279
3607 3645
6449 6521
6459 6531
6463 6535
6464 6536
6467 6539
6471 6543
6482 6526
6489 6513
6497 6521
12997 13047
12999 13049
13000 13050
