$SPEC_ID:
GAMWIN
$SPEC_REM:


$DETDESC:

$DATE_MEA:
05/28/2025 06:58:04
$MEAS_TIM:
27007.74 27378.23
$MCA_CAL:
3
1.32118272781372E+001 1.29107522964478E+000 0.00000000000000E+000
$DATA:
0 2047
0
0
0
0
0
0
0
0
0
0
0
0
0
0
0
0
0
0
0
0
0
2138
2297
2562
2814
3294
3521
3799
3835
3740
3590
3462
3403
3289
3226
3302
3389
3650
3875
4185
4616
5013
5073
5245
5131
5094
4884
4984
5063
5141
5347
5572
5942
6386
6549
7015
7339
7645
7803
7810
8075
8252
8886
9389
10554
11420
12771
13844
14469
14656
13652
12779
11473
10495
9581
9107
8909
8824
8822
8652
8704
8146
8054
7294
6677
6191
5710
5423
5103
4844
4713
4621
4647
4421
4469
4379
4437
4429
4352
4203
4201
4405
4273
4279
4368
4363
4398
4486
4592
4700
4759
4841
4742
4773
4813
4701
4777
4641
4645
4551
4578
4656
4606
4682
4670
4440
4530
4573
4499
4541
4615
4536
4449
4428
4353
4229
4271
4199
4171
4058
4118
4054
4023
3940
4036
4051
4014
4211
4068
4169
4285
4297
4447
4382
4562
4580
4615
4481
4518
4413
4467
4296
4186
4163
4064
4095
3990
4007
4015
3995
3963
4038
4007
4016
4040
3913
3957
4012
3911
3846
3910
3999
4018
4045
4219
4503
4844
5084
5374
5665
6311
6716
6864
7432
7646
8022
7977
8081
8138
7948
7766
7541
7276
7090
6485
6115
5823
5240
5025
4685
4356
3975
3858
3598
3408
3189
3120
3000
2890
2904
2920
2834
2874
2867
2799
2879
2889
2860
2991
3037
3116
3138
3243
3374
3273
3388
3484
3509
3420
3557
3560
3530
3509
3493
3529
3454
3368
3297
3173
3174
2981
2975
2823
2764
2781
2644
2537
2550
2461
2444
2403
2400
2373
2436
2423
2523
2565
2678
2699
2942
2896
3020
3103
3180
3476
3488
3535
3638
3618
3761
3836
3796
3866
3912
3998
3872
3965
3801
3660
3638
3571
3496
3377
3425
3220
3019
2788
2694
2623
2524
2386
2117
2123
2002
1940
1800
1665
1635
1513
1478
1503
1361
1398
1347
1350
1327
1231
1281
1307
1326
1192
1238
1238
1199
1219
1256
1264
1148
1232
1210
1239
1135
1219
1185
1193
1148
1154
1170
1161
1087
1065
1136
1133
1080
1084
1068
1090
1036
1073
1050
1145
1033
1041
1027
1079
1133
1050
1044
1058
1039
1062
1052
1026
1122
1042
1049
1074
1159
1111
1066
1076
1055
1090
1138
1152
1075
1059
1063
1084
1047
1142
1056
1087
1056
991
1071
1036
1047
1032
1039
1025
1039
1086
1081
1043
1087
1125
986
1057
1116
1100
1063
1101
1137
1095
1092
1124
1091
1058
1147
1028
1134
1022
1040
1048
1040
1036
982
1099
1046
983
1027
994
982
978
1005
947
897
931
933
937
901
891
949
918
895
865
895
974
984
928
968
973
1065
1024
1105
1079
1091
1108
1235
1193
1223
1197
1309
1348
1381
1419
1541
1547
1593
1589
1672
1690
1682
1706
1892
1862
1844
1948
1940
2008
1985
1997
2114
2016
1942
2002
2119
2065
2017
2060
2060
2013
2024
2022
1896
1929
1980
1896
1887
1856
1775
1698
1733
1596
1603
1485
1467
1401
1386
1420
1338
1260
1217
1103
1100
1091
1013
913
876
873
892
897
811
795
797
772
717
714
717
683
704
684
670
644
682
651
608
707
632
612
619
625
642
618
613
627
590
643
589
608
620
575
585
592
641
593
589
576
579
597
587
629
572
587
634
636
631
583
646
597
650
653
658
636
662
659
670
656
696
649
653
660
682
677
698
701
685
685
686
699
695
684
674
687
672
644
668
667
643
698
652
609
669
664
675
674
718
653
680
645
711
625
653
680
645
659
683
683
696
673
663
671
655
633
684
661
679
658
661
629
702
637
613
665
602
616
567
640
583
581
676
609
621
611
565
561
571
577
589
522
616
551
576
580
517
542
539
550
545
562
514
568
538
565
539
548
563
565
540
570
544
525
574
551
542
537
529
584
543
512
541
571
548
560
574
546
581
581
525
556
560
579
571
589
587
627
600
643
625
666
635
674
659
694
729
695
683
747
719
777
721
765
768
740
789
812
816
804
770
797
785
868
870
835
878
836
879
818
820
836
837
833
771
779
813
741
789
832
832
765
774
802
830
763
798
785
757
725
778
773
758
756
804
797
724
716
715
723
701
732
700
729
737
697
692
696
699
748
696
618
663
642
647
639
624
644
621
620
603
558
570
572
518
540
541
519
552
460
498
455
495
505
474
476
486
478
429
398
416
463
411
452
439
371
395
349
402
385
388
392
392
385
410
392
418
390
345
372
370
378
392
334
363
402
359
351
381
353
373
349
390
397
391
381
387
390
422
391
357
382
386
370
391
410
421
407
433
430
432
455
451
444
467
401
457
443
422
403
458
479
477
507
476
494
494
474
512
507
514
517
507
530
520
542
547
547
512
528
521
505
539
486
537
494
532
533
491
532
485
517
522
437
438
466
502
460
457
466
440
420
465
417
421
435
430
419
428
450
418
409
399
359
345
383
361
382
358
365
345
325
374
356
345
322
337
329
334
312
316
335
331
314
318
350
295
284
304
299
308
299
308
318
352
324
308
305
310
334
313
340
309
304
290
294
290
320
287
311
294
266
275
300
297
269
280
278
287
227
282
300
266
254
264
278
248
258
258
248
250
229
237
233
237
256
253
258
238
225
251
234
234
228
244
241
226
219
219
220
189
222
215
186
189
227
221
183
248
189
202
194
177
192
183
194
180
187
183
175
198
187
198
172
183
177
180
160
195
177
182
216
179
183
187
174
181
145
188
177
206
200
186
164
188
198
182
196
167
192
194
220
207
194
194
222
222
196
194
211
198
239
223
212
246
223
246
222
240
237
262
233
249
259
231
291
293
274
291
273
281
296
344
351
361
339
346
368
408
374
398
402
430
492
486
478
513
477
543
531
592
581
600
624
666
682
664
712
718
752
704
844
752
811
820
856
840
867
911
899
910
875
964
952
939
904
949
943
916
934
971
928
951
918
893
941
921
882
920
796
835
783
781
830
811
783
757
758
754
718
681
730
640
639
606
586
602
586
506
519
487
488
474
485
450
449
413
378
364
378
353
327
301
301
301
289
294
244
280
247
257
244
230
253
202
225
207
205
199
182
165
164
196
191
170
166
157
192
188
139
161
141
165
158
159
156
142
141
155
163
150
157
140
141
138
144
121
135
149
134
162
136
115
154
145
139
146
145
117
139
135
130
131
153
131
136
136
100
142
136
118
144
139
145
130
121
125
121
125
120
128
128
125
114
95
132
98
120
113
103
112
113
120
130
98
113
100
123
97
99
100
116
93
117
116
92
113
94
109
107
103
124
100
98
100
90
90
90
128
105
89
104
95
118
109
106
90
101
84
100
103
101
106
108
89
122
97
129
107
113
117
126
104
131
120
130
124
139
152
139
131
126
145
152
153
150
161
167
157
142
195
167
185
161
186
185
146
175
158
191
169
187
155
187
173
187
180
185
173
185
157
171
163
184
176
173
155
167
166
176
158
166
171
164
139
164
172
156
150
142
139
136
136
130
118
134
121
140
114
110
103
127
135
117
114
112
110
104
116
129
125
96
99
120
106
98
95
97
92
91
91
91
93
82
103
83
86
86
74
77
91
85
81
84
60
78
81
83
72
71
61
64
59
77
70
82
77
69
81
67
71
78
62
79
93
74
62
83
69
71
69
52
72
58
81
65
56
52
60
65
60
64
68
71
65
51
73
50
63
63
53
51
54
62
67
54
64
53
43
48
67
54
53
50
45
49
52
58
45
50
45
53
58
56
50
42
42
42
39
49
46
41
38
45
48
70
47
48
45
51
53
48
44
43
49
36
44
50
51
64
54
43
37
38
55
46
52
39
37
54
54
53
51
47
58
48
50
37
48
46
42
43
43
45
45
50
58
40
51
37
61
44
40
49
48
43
37
52
48
49
56
55
48
39
51
56
41
49
43
44
45
54
45
42
47
65
49
50
52
68
60
54
48
64
70
68
52
57
67
58
73
74
63
64
65
60
82
64
77
72
63
74
82
72
90
83
70
70
80
74
75
80
81
78
86
76
91
78
72
74
95
76
77
76
91
81
61
84
78
76
71
85
86
90
90
85
76
87
81
67
74
76
74
71
80
88
86
79
81
81
85
80
90
80
84
99
74
76
67
78
62
77
81
84
60
93
75
58
68
65
55
78
66
82
80
69
68
74
78
76
71
85
75
81
74
72
59
80
76
70
71
78
68
64
66
79
67
84
63
64
70
54
58
69
57
73
79
80
57
55
64
45
58
82
72
68
73
70
71
56
59
65
65
53
57
73
55
66
56
53
60
70
64
55
60
56
47
42
64
53
48
60
41
55
59
52
55
53
57
51
56
47
57
54
48
40
46
56
40
45
46
44
49
52
51
50
51
47
53
41
49
40
55
35
46
43
51
58
45
41
33
46
46
40
50
35
44
36
32
55
33
41
37
38
41
45
33
28
29
39
34
42
47
43
38
35
39
36
41
38
34
34
33
34
47
38
43
33
34
31
33
37
39
35
26
29
41
39
32
41
24
36
42
25
33
41
24
35
29
33
36
28
27
19
32
32
46
33
34
26
25
31
30
23
30
31
30
33
26
26
28
26
22
29
23
33
21
34
39
25
27
28
30
30
25
28
28
21
23
26
16
23
31
28
28
21
32
26
33
24
31
26
21
23
21
27
22
32
27
32
30
16
20
17
37
26
37
25
35
31
37
35
34
31
35
39
45
41
48
45
52
39
42
44
56
49
47
53
44
62
57
73
47
75
58
84
65
73
66
95
78
67
85
82
82
109
91
94
79
86
106
104
86
91
86
87
111
89
121
82
105
117
96
109
106
104
117
114
122
115
108
110
87
107
127
110
111
109
103
124
119
103
106
113
109
95
113
117
93
106
78
119
104
88
98
106
76
85
85
91
90
102
90
96
80
91
67
75
79
71
67
72
65
65
65
60
75
75
64
61
56
58
51
58
64
58
59
43
43
42
52
57
43
46
50
38
39
42
46
34
34
33
41
22
37
21
40
38
32
22
27
28
32
23
26
29
21
30
27
23
19
19
21
22
17
18
21
18
19
$ROI:
42
143 193
144 194
424 531
429 529
440 544
440 545
440 549
443 544
443 553
490 516
604 1134
679 1395
772 934
800 953
827 855
828 856
840 1946
849 1974
857 2002
872 900
880 1058
887 915
914 1083
1010 1038
1208 1258
1345 1375
1418 1448
2436 2526
3229 3279
3607 3645
6449 6521
6459 6531
6463 6535
6464 6536
6467 6539
6471 6543
6482 6526
6489 6513
6497 6521
12997 13047
12999 13049
13000 13050
