$SPEC_ID:
GAMWIN
$SPEC_REM:


$DETDESC:

$DATE_MEA:
05/23/2025 06:36:17
$MEAS_TIM:
27000.84 27331.69
$MCA_CAL:
3
1.32118272781372E+001 1.29107522964478E+000 0.00000000000000E+000
$DATA:
0 2047
0
0
0
0
0
0
0
0
0
0
0
0
0
0
0
0
0
0
0
0
0
1632
1754
1822
2108
2434
2711
2829
2976
2810
2778
2736
2585
2554
2442
2505
2598
2787
2766
3163
3321
3593
3843
3874
3776
3698
3760
3659
3636
3896
4149
4312
4637
4728
5034
5342
5531
5665
6008
5866
6013
6043
6466
7032
8102
8686
9618
10277
10464
10561
9993
9429
8539
7606
7050
6686
6643
6484
6501
6541
6405
6167
5844
5569
5118
4834
4443
4073
3887
3753
3715
3544
3552
3523
3598
3398
3458
3428
3189
3395
3349
3307
3315
3280
3389
3376
3505
3524
3505
3606
3744
3785
3678
3729
3679
3511
3596
3557
3474
3424
3482
3580
3463
3494
3509
3415
3351
3425
3402
3337
3446
3314
3297
3288
3374
3282
3145
3218
3163
3077
3140
2967
2993
3116
2986
3047
3069
3012
3180
3163
3133
3216
3212
3210
3402
3312
3364
3293
3274
3227
3134
3253
3091
3154
3067
3095
3080
3121
2986
3118
3185
3019
2976
3028
3069
3100
3105
3046
3041
2981
3099
3076
3113
3300
3368
3536
3746
4001
4338
4586
5021
5388
5425
5832
6045
6284
6305
6361
6284
6296
6028
5911
5633
5372
5027
4819
4331
4178
3870
3617
3352
3076
2949
2702
2584
2558
2418
2276
2240
2179
2296
2148
2225
2199
2211
2252
2234
2159
2342
2224
2214
2320
2316
2393
2401
2458
2424
2450
2409
2556
2484
2470
2459
2422
2455
2410
2457
2347
2242
2129
2183
2096
2116
1997
1989
1913
1922
1848
1799
1847
1885
1799
1882
1938
1868
1923
1986
1965
2128
2143
2124
2271
2316
2452
2428
2582
2584
2556
2585
2754
2716
2578
2752
2675
2686
2647
2626
2579
2451
2433
2479
2479
2296
2149
2149
1974
1963
1822
1834
1649
1588
1558
1510
1429
1295
1333
1271
1187
1147
1202
1084
985
1057
1060
1078
1063
1041
1056
1001
983
1006
984
943
989
937
1004
989
1006
974
1005
977
1015
938
961
972
994
928
872
898
947
932
935
952
864
869
926
875
860
893
848
841
864
868
870
849
866
874
863
896
859
882
899
930
906
893
939
933
908
905
915
951
883
959
911
879
906
942
880
867
904
907
870
852
805
868
908
898
850
905
850
897
892
846
855
802
862
868
898
859
827
852
866
846
924
941
877
908
833
900
936
846
844
919
877
854
867
881
841
854
849
852
856
797
828
784
794
773
775
744
767
779
779
717
799
765
809
774
793
735
793
781
842
799
805
863
857
927
887
909
973
1074
1010
1049
1079
1060
1056
1163
1171
1230
1286
1286
1299
1305
1393
1378
1399
1397
1377
1495
1466
1416
1489
1523
1458
1463
1364
1472
1477
1479
1438
1429
1381
1415
1454
1410
1330
1296
1263
1264
1303
1250
1236
1207
1176
1088
1096
1092
1036
921
927
995
942
857
808
775
766
749
776
705
712
707
626
607
647
584
566
587
564
537
599
566
541
528
511
536
548
532
492
561
494
555
503
505
489
514
509
515
506
472
490
457
480
544
493
543
475
490
460
470
507
505
527
482
492
565
506
575
510
522
502
534
521
582
552
519
537
518
548
537
512
553
568
509
543
598
533
553
534
584
600
620
543
566
566
561
565
581
562
590
551
540
547
563
587
541
551
565
521
524
531
538
556
540
524
532
509
549
546
511
539
553
541
554
544
525
526
530
534
522
541
525
533
529
526
498
497
464
508
513
493
478
502
470
459
498
457
442
437
445
514
457
470
472
486
450
459
438
446
472
420
443
448
479
418
446
469
431
438
466
444
456
462
466
464
433
434
451
463
439
460
452
496
514
445
485
482
509
458
503
465
481
525
523
528
481
524
529
500
583
567
566
506
568
578
578
629
590
604
593
617
632
656
681
645
644
671
688
649
709
673
712
634
673
702
733
708
651
679
708
678
703
707
699
633
652
680
688
681
653
683
647
646
683
644
632
627
658
605
727
625
670
606
656
668
643
627
644
621
629
606
638
590
596
683
637
609
586
619
588
626
583
586
535
520
532
559
522
568
543
518
501
516
487
498
484
491
486
468
452
464
438
403
448
410
410
400
383
341
370
372
415
370
389
322
335
379
338
329
319
355
344
350
341
338
334
367
337
340
337
313
328
309
322
316
337
324
337
322
342
321
321
300
352
301
358
333
332
336
320
339
342
323
334
360
338
303
395
373
385
351
340
364
368
404
405
360
383
424
395
408
395
402
383
407
417
409
351
376
382
397
417
423
389
430
415
448
437
476
416
422
389
386
434
440
427
426
392
422
424
412
384
410
412
390
366
384
405
374
404
376
358
411
353
359
376
337
361
363
370
341
360
350
339
344
373
346
351
347
330
353
313
303
305
316
349
317
337
314
281
319
295
285
303
312
291
282
284
292
297
299
264
282
297
280
285
264
255
275
258
233
281
253
242
233
223
257
267
265
246
221
245
247
249
274
243
233
235
236
244
218
242
209
246
215
216
223
228
215
213
206
219
207
215
202
206
183
178
193
170
190
184
196
169
217
169
189
164
163
164
151
158
167
182
159
145
159
143
135
150
149
159
171
155
139
161
152
153
138
163
147
155
138
133
130
129
143
143
145
141
145
132
124
130
137
137
127
135
127
161
146
131
131
139
140
142
127
143
159
158
141
145
146
138
163
149
138
176
155
141
159
165
141
169
171
194
181
209
205
169
183
185
244
219
225
245
244
254
272
274
272
274
295
318
303
314
324
397
337
341
387
409
405
453
447
491
486
512
577
599
569
593
640
672
715
721
761
752
776
820
775
803
802
864
843
860
897
959
916
993
945
941
979
1012
1035
1018
1012
951
1003
978
992
992
1024
934
982
949
979
1027
930
894
840
902
883
862
810
811
825
780
762
731
725
707
660
668
631
591
571
552
551
544
479
538
458
450
445
405
352
389
347
306
350
315
312
274
300
261
256
246
236
244
211
212
208
203
191
172
158
174
170
179
160
144
155
136
165
130
131
135
136
153
137
121
126
116
90
118
103
117
93
110
115
127
106
103
123
108
109
121
129
98
99
121
116
119
117
113
97
96
121
97
90
104
120
103
111
102
100
98
115
94
102
95
101
88
107
95
83
85
88
94
90
79
75
101
92
90
90
96
79
105
67
94
85
78
80
87
80
82
75
73
88
75
91
80
72
64
64
80
66
83
68
68
67
76
81
67
63
77
78
67
69
69
75
79
76
75
63
80
71
85
96
92
76
77
78
76
80
73
93
101
80
94
57
81
87
101
94
103
97
79
79
88
107
77
91
95
96
103
101
107
110
105
108
109
106
106
99
103
101
119
107
108
124
113
111
105
120
116
116
86
119
106
94
89
83
93
123
84
110
104
101
97
88
108
103
109
102
104
86
80
88
96
97
90
85
94
78
96
80
83
81
76
83
86
83
86
79
73
75
77
64
55
72
63
67
73
66
53
56
68
58
58
52
57
64
65
73
50
59
65
60
53
61
63
58
54
50
59
57
45
58
68
62
45
51
40
51
44
41
58
39
50
60
53
50
52
55
46
55
43
44
59
53
44
61
50
62
43
43
49
51
46
43
39
43
50
50
36
35
47
41
35
35
44
32
42
35
46
37
33
52
38
39
45
32
47
46
50
43
46
37
50
44
37
34
39
28
30
34
42
34
34
36
45
47
32
34
32
44
32
45
29
34
38
32
30
37
47
28
37
40
34
42
34
46
25
24
31
40
40
40
34
43
30
39
37
44
33
25
36
34
44
41
42
22
28
42
28
40
32
38
36
39
28
43
28
35
38
40
27
40
43
35
34
35
35
33
40
26
37
53
50
40
42
41
49
45
34
59
41
47
39
43
51
35
49
49
55
50
61
54
45
51
52
47
52
62
64
47
62
54
47
56
54
77
57
63
58
66
55
65
67
68
68
49
62
63
59
66
57
62
70
63
69
66
64
70
71
67
67
48
68
68
60
58
60
47
53
60
67
55
64
56
64
64
50
59
67
57
53
53
69
67
63
52
58
45
46
54
67
44
62
58
53
73
51
66
58
51
58
56
55
59
56
59
61
41
61
60
59
54
65
54
49
54
58
46
55
70
46
63
57
59
57
48
57
53
56
56
55
52
53
47
47
67
58
52
46
50
52
51
69
61
56
48
44
56
59
38
44
39
50
51
36
43
46
42
44
46
44
44
42
44
50
44
46
37
44
57
35
34
35
37
34
38
41
35
31
29
49
48
48
31
35
36
40
33
34
31
51
36
37
34
43
32
46
35
33
29
46
22
38
34
32
37
33
33
25
34
36
42
35
31
30
40
37
27
34
38
45
37
42
30
32
33
28
30
22
37
33
29
40
34
19
31
20
28
26
22
18
31
26
31
20
26
30
33
20
34
27
30
27
35
29
22
25
27
25
18
22
20
25
25
21
20
24
22
32
25
20
22
29
27
19
29
21
21
18
38
27
25
22
19
25
21
22
17
16
16
25
30
19
17
22
23
25
17
18
31
20
24
26
25
21
18
15
19
32
20
29
20
19
27
25
24
16
23
19
24
24
26
15
23
20
20
21
31
22
27
22
19
22
24
22
17
23
33
28
29
32
21
23
41
42
31
18
33
39
38
39
40
32
37
32
44
53
48
45
47
64
40
50
45
53
57
52
73
58
70
57
62
66
75
59
69
59
74
77
67
78
83
77
94
82
89
80
96
98
92
94
81
104
88
85
95
90
90
77
82
78
78
95
109
82
97
103
115
93
86
84
97
78
90
96
97
84
79
81
91
95
88
92
84
81
102
92
67
75
72
82
70
66
71
71
74
59
62
66
64
61
58
57
45
67
55
59
43
49
55
41
51
48
50
38
32
54
35
36
35
37
39
31
39
33
37
28
26
30
22
30
24
28
41
26
22
32
27
25
21
17
22
25
19
24
22
23
26
18
22
21
23
14
27
20
16
15
19
17
18
$ROI:
42
143 193
144 194
424 531
429 529
440 544
440 545
440 549
443 544
443 553
490 516
604 1134
679 1395
772 934
800 953
827 855
828 856
840 1946
849 1974
857 2002
872 900
880 1058
887 915
914 1083
1010 1038
1208 1258
1345 1375
1418 1448
2436 2526
3229 3279
3607 3645
6449 6521
6459 6531
6463 6535
6464 6536
6467 6539
6471 6543
6482 6526
6489 6513
6497 6521
12997 13047
12999 13049
13000 13050
