$SPEC_ID:
GAMWIN
$SPEC_REM:


$DETDESC:

$DATE_MEA:
05/27/2025 14:55:59
$MEAS_TIM:
56940.80 57639.57
$MCA_CAL:
3
1.32118272781372E+001 1.29107522964478E+000 0.00000000000000E+000
$DATA:
0 2047
0
0
0
0
0
0
0
0
0
0
0
0
0
0
0
0
0
0
0
0
0
3143
3293
3701
4104
4511
5126
5400
5434
5138
5084
4964
5041
4794
4865
5004
5011
5378
5558
5848
6416
6957
7117
7253
7131
7007
6916
6858
7092
7182
7459
7821
8459
8950
9387
9796
10133
10235
10595
10705
10844
11049
11686
12916
14035
15354
16938
18072
18576
18387
17462
16136
14901
13340
12212
11961
11509
11642
11586
11466
11325
11002
10453
9648
9079
8253
7737
6959
6792
6408
6332
6261
6056
6021
5938
5968
5864
5869
5768
5911
5642
5586
5733
5612
5725
5652
5790
5950
6077
6273
6104
6136
6329
6262
6357
6169
6162
6312
5873
6044
5950
5907
6048
6150
5903
5989
5868
5838
5859
5767
5778
5741
5577
5514
5620
5538
5661
5357
5422
5366
5337
5224
5354
5172
5131
5227
5235
5239
5284
5387
5484
5577
5464
5865
5643
5717
5719
5734
5643
5679
5607
5528
5371
5397
5306
5340
5192
5244
5305
5242
5132
5364
5195
5198
5307
5193
5156
5141
5229
5172
5270
5266
5318
5622
5798
6056
6416
6919
7369
7840
8463
8989
9489
9837
10288
10622
10515
10755
10830
10579
10487
10009
9624
9071
8671
8102
7594
7219
6542
6218
5625
5324
4986
4751
4539
4348
4330
4012
4041
3852
3920
3983
3811
3863
3812
3824
3855
3956
3919
4027
4066
4093
4032
4026
4260
4283
4368
4232
4317
4308
4392
4443
4331
4218
4294
4230
4034
3974
3821
3816
3785
3793
3624
3605
3451
3332
3273
3196
3112
3232
3212
3205
3138
3238
3331
3309
3386
3577
3578
3656
3738
3964
3985
4164
4274
4265
4343
4416
4541
4634
4577
4520
4644
4640
4707
4611
4474
4436
4375
4261
4157
4114
4021
3783
3807
3520
3363
3253
3155
2923
2846
2615
2593
2494
2444
2283
2184
2132
2093
2080
2040
1884
1924
1882
1842
1834
1863
1834
1773
1755
1820
1761
1736
1776
1799
1769
1755
1646
1705
1763
1686
1750
1662
1672
1778
1691
1725
1630
1682
1658
1694
1613
1584
1595
1605
1659
1715
1588
1609
1581
1594
1601
1526
1529
1546
1581
1598
1535
1553
1569
1553
1592
1549
1607
1579
1557
1575
1634
1605
1611
1608
1643
1646
1578
1569
1621
1619
1675
1588
1530
1543
1542
1538
1660
1554
1617
1484
1588
1590
1561
1515
1576
1528
1564
1563
1501
1514
1502
1566
1571
1526
1568
1596
1607
1603
1671
1646
1647
1614
1529
1616
1616
1602
1592
1611
1652
1600
1525
1554
1511
1468
1513
1462
1419
1486
1419
1356
1394
1389
1300
1301
1355
1285
1340
1355
1256
1372
1436
1368
1443
1463
1361
1387
1459
1475
1527
1554
1579
1581
1646
1761
1707
1818
1783
1951
1890
2036
2089
2106
2148
2179
2162
2341
2370
2473
2395
2351
2470
2434
2549
2484
2452
2585
2566
2474
2510
2536
2509
2547
2442
2525
2501
2474
2470
2371
2327
2244
2278
2349
2156
2195
2076
2028
2035
1950
1884
1865
1761
1727
1614
1626
1619
1534
1450
1468
1447
1284
1342
1290
1182
1210
1176
1068
1089
1134
1087
1062
1031
1026
1019
1016
949
995
957
951
958
908
913
922
921
909
933
914
889
918
894
830
890
876
899
918
928
878
894
933
904
969
900
873
866
843
907
937
954
953
820
916
881
915
955
955
944
954
926
961
934
971
980
1021
992
1021
1002
1007
1016
1019
1048
1022
965
985
986
1006
1020
967
1037
1015
1026
949
1010
992
1044
959
959
981
994
930
955
984
982
966
970
952
1001
988
946
976
990
912
989
967
988
915
924
993
1006
981
967
998
948
923
942
910
939
965
913
899
924
912
883
934
886
896
925
868
896
887
907
892
906
798
880
842
879
846
820
805
833
830
860
824
898
793
835
791
806
822
843
861
781
811
825
854
779
911
838
834
812
825
800
811
844
784
835
826
828
884
840
893
892
874
868
938
905
860
844
939
932
892
890
936
976
918
912
992
1011
984
1021
1043
1072
1072
1075
1066
1128
1175
1115
1107
1138
1137
1197
1158
1161
1263
1221
1246
1217
1282
1200
1214
1175
1215
1247
1220
1226
1212
1248
1183
1220
1145
1129
1183
1195
1164
1171
1170
1166
1188
1155
1118
1157
1145
1145
1143
1146
1106
1138
1118
1127
1114
1138
1108
1115
1121
1073
1083
1084
1081
1080
1064
1075
1066
1068
1005
1075
1084
1051
949
981
963
1001
997
977
963
914
905
903
854
854
834
796
843
797
814
802
778
730
755
723
701
737
749
701
689
658
698
648
679
652
650
679
656
715
649
654
668
635
627
661
640
666
668
651
605
657
597
636
620
605
639
602
619
647
616
625
600
628
574
665
644
644
620
682
641
660
645
638
682
648
666
676
664
724
703
679
699
648
710
661
715
720
722
736
752
697
737
766
684
750
796
786
721
733
730
772
778
752
776
735
730
759
775
729
771
795
759
766
707
745
785
740
727
726
760
756
749
742
751
736
716
775
717
732
725
706
727
721
737
663
697
709
644
687
630
700
625
655
629
690
610
614
581
610
620
561
616
637
607
612
541
543
571
551
551
558
544
576
550
528
531
527
549
536
529
553
491
526
491
516
529
505
516
460
453
438
492
471
464
475
446
466
451
441
455
465
427
441
460
419
431
447
385
417
453
405
386
440
370
403
414
404
365
412
371
370
359
394
347
378
350
373
324
375
335
351
318
334
317
302
335
326
340
312
291
298
326
289
302
261
318
298
301
258
287
300
273
266
267
270
258
247
253
270
250
270
267
262
262
243
274
252
261
274
262
243
247
228
241
248
254
271
252
281
249
268
235
244
238
274
256
255
240
277
273
256
275
291
255
255
269
275
295
284
288
313
319
318
333
333
318
344
340
365
395
417
372
387
443
406
429
459
469
513
546
547
548
577
618
615
673
675
745
806
813
824
862
900
958
1007
1033
1034
1117
1165
1186
1284
1249
1335
1353
1460
1464
1464
1518
1618
1634
1643
1711
1734
1705
1789
1807
1790
1859
1955
1861
1957
1995
1943
1958
2096
1965
1942
1960
1923
1977
1983
2007
1875
1951
1852
1897
1871
1818
1829
1721
1702
1655
1582
1545
1599
1626
1495
1458
1411
1341
1351
1251
1193
1196
1125
1089
1062
991
962
946
944
819
811
764
827
765
667
698
645
568
580
569
532
538
461
466
496
418
408
419
396
371
377
349
323
317
282
303
308
275
273
280
238
234
245
232
250
200
229
234
230
215
217
215
192
193
221
205
213
179
192
188
191
216
207
212
209
183
161
154
184
187
182
191
188
161
182
189
197
171
181
178
146
172
180
210
186
177
162
152
172
167
151
165
156
168
181
163
172
183
157
156
150
152
134
143
139
161
148
130
128
142
160
132
132
138
136
136
142
161
146
124
117
128
123
149
111
126
129
123
123
131
128
140
115
130
112
135
137
121
127
120
125
120
103
113
121
126
139
135
121
123
160
149
131
156
136
138
133
120
134
145
142
151
141
150
177
137
144
172
148
154
163
143
186
178
190
165
177
176
153
185
180
207
194
198
208
179
179
196
156
177
183
183
186
187
164
193
182
181
164
195
200
198
184
178
174
168
190
181
167
175
172
168
174
171
170
166
132
196
146
129
149
144
153
151
127
131
148
133
136
143
103
140
136
115
101
118
116
123
107
113
103
115
112
124
128
114
108
106
103
110
123
108
82
100
81
106
91
110
103
87
107
109
81
100
90
101
95
94
88
75
93
100
99
93
103
71
96
86
91
89
87
76
72
109
74
92
73
82
92
74
67
88
101
58
84
85
75
79
70
58
73
92
60
71
55
85
71
58
67
66
67
78
62
83
86
73
77
67
62
67
65
73
67
55
68
48
50
66
66
77
64
66
57
74
67
55
61
59
67
46
57
42
58
67
75
65
60
56
64
68
68
63
59
48
61
54
73
58
61
84
73
61
66
56
56
59
56
74
53
59
65
72
55
61
80
71
75
61
76
67
59
59
50
73
72
61
58
74
54
60
73
59
70
74
52
74
68
58
60
73
57
79
63
63
82
68
68
68
84
80
77
63
74
65
78
74
85
73
99
84
77
90
80
101
87
93
94
91
90
96
98
88
89
79
112
82
96
113
116
91
102
94
106
89
95
103
118
93
113
98
123
95
117
104
115
115
112
112
117
126
111
115
131
101
106
126
117
102
104
120
93
96
99
107
105
91
88
104
112
98
102
106
102
97
106
106
104
96
105
107
86
112
85
94
99
109
109
98
107
95
97
96
96
90
99
102
88
104
86
81
89
97
96
85
88
101
115
95
97
94
99
96
85
108
106
92
101
77
92
95
93
96
85
93
92
93
94
98
89
79
95
111
94
93
84
87
86
103
85
85
101
84
82
74
86
81
95
88
89
81
83
64
69
66
84
73
79
60
78
98
72
69
84
77
58
74
72
73
74
86
83
69
67
71
83
70
75
83
68
69
76
47
67
53
67
61
75
75
58
50
60
62
56
60
66
52
49
60
81
66
73
68
59
64
68
60
72
55
43
55
62
55
58
61
58
55
67
54
68
54
57
61
55
49
67
54
45
55
49
48
61
38
43
50
60
46
46
40
51
46
48
57
53
50
49
40
38
46
44
35
42
42
57
44
44
46
41
34
43
50
46
59
49
50
47
46
36
40
42
51
47
39
44
35
35
47
45
45
47
36
32
41
37
45
51
47
44
32
50
33
34
47
36
47
36
41
43
39
29
33
40
26
37
41
33
39
33
42
41
31
27
47
33
28
38
36
41
42
37
32
30
36
37
38
50
51
36
43
48
36
32
53
51
52
56
56
44
40
56
61
50
48
45
74
64
62
69
69
66
74
64
68
85
70
71
81
77
116
85
71
87
99
97
94
100
114
96
108
114
129
127
131
120
123
112
139
138
147
135
133
165
128
141
135
146
154
172
141
144
143
162
145
169
132
152
148
171
161
176
150
142
142
159
156
167
173
150
170
129
157
135
162
152
130
155
131
131
131
127
141
147
145
126
136
138
119
125
122
123
109
131
91
104
119
116
115
101
94
97
103
102
87
75
95
93
88
82
84
70
68
81
62
78
60
77
73
70
65
63
70
59
61
38
57
48
53
46
61
49
42
39
39
42
37
39
31
43
36
39
47
41
50
37
36
32
30
37
31
32
31
32
34
34
25
30
$ROI:
42
143 193
144 194
424 531
429 529
440 544
440 545
440 549
443 544
443 553
490 516
604 1134
679 1395
772 934
800 953
827 855
828 856
840 1946
849 1974
857 2002
872 900
880 1058
887 915
914 1083
1010 1038
1208 1258
1345 1375
1418 1448
2436 2526
3229 3279
3607 3645
6449 6521
6459 6531
6463 6535
6464 6536
6467 6539
6471 6543
6482 6526
6489 6513
6497 6521
12997 13047
12999 13049
13000 13050
