$SPEC_ID:
GAMWIN
$SPEC_REM:


$DETDESC:

$DATE_MEA:
06/09/2025 14:08:00
$MEAS_TIM:
61462.04 62130.76
$MCA_CAL:
3
1.32118272781372E+001 1.29107522964478E+000 0.00000000000000E+000
$DATA:
0 2047
0
0
0
0
0
0
0
0
0
0
0
0
0
0
0
0
0
0
0
0
0
2441
2538
2745
3108
3486
3882
4063
4036
3883
3850
3931
3857
3770
3698
3828
3851
4057
4300
4546
4777
5250
5352
5538
5449
5323
5275
5240
5292
5615
5819
6096
6593
6714
7195
7621
8129
8131
8111
8169
8186
8479
8739
9315
9997
11054
11738
12366
12919
12789
12103
11171
10184
9395
8814
8350
8078
8232
8142
7812
7867
7642
7331
6979
6387
5868
5448
5120
4858
4659
4446
4468
4330
4395
4374
4149
4190
4236
4291
4132
4085
4016
4016
3983
4114
4082
4105
4317
4338
4339
4368
4447
4482
4510
4303
4320
4374
4207
4253
4378
4336
4339
4286
4192
4294
4411
4327
4208
4270
4202
4149
4151
4194
4123
4000
3950
3994
3908
3876
3914
3897
3751
3765
3759
3818
3804
3940
3914
3946
3879
4082
4145
4150
4269
4326
4373
4384
4202
4233
4173
4223
3999
3977
3969
3816
3891
3774
3760
3612
3755
3660
3655
3743
3598
3621
3596
3679
3632
3677
3599
3612
3648
3570
3713
3967
3987
4304
4594
4890
5187
5481
5718
6164
6357
6526
6571
6843
6814
6734
6623
6431
6315
6030
5765
5547
5249
4988
4715
4505
4170
3746
3583
3431
3290
3173
3006
3004
2848
2901
2813
2895
2756
2673
2808
2803
2680
2764
2781
2898
2918
3018
2948
3011
3072
3282
3164
3333
3329
3323
3258
3262
3316
3167
3208
3079
3219
3040
3127
2965
2905
2804
2904
2603
2666
2529
2489
2415
2375
2205
2302
2241
2259
2368
2300
2323
2401
2394
2496
2622
2580
2639
2810
2887
2999
3057
3182
3225
3216
3394
3466
3468
3537
3540
3521
3536
3610
3495
3444
3353
3266
3208
3142
3161
2938
2930
2816
2766
2565
2338
2367
2183
2097
2078
1938
1856
1706
1663
1610
1586
1522
1458
1381
1346
1385
1260
1280
1292
1316
1317
1276
1332
1322
1314
1242
1266
1257
1312
1275
1197
1259
1262
1218
1314
1234
1230
1233
1185
1213
1173
1265
1186
1248
1165
1176
1088
1151
1165
1133
1220
1103
1116
1191
1185
1146
1117
1147
1115
1167
1145
1153
1096
1173
1136
1138
1146
1129
1141
1199
1161
1081
1156
1159
1155
1127
1116
1089
1140
1087
1137
1099
1097
1082
1072
1159
1085
1110
1061
1108
1098
1186
1124
1044
1077
1044
1179
1084
1106
1090
1074
1084
1139
1110
1132
1137
1147
1085
1110
1099
1150
1119
1123
1094
1097
1183
1123
1123
1108
1111
1106
1027
1060
996
1047
1059
1022
1008
995
974
1006
991
944
914
904
960
908
960
914
967
1001
915
1075
977
962
1023
1054
1076
1047
1015
1142
1119
1167
1265
1177
1232
1244
1296
1327
1337
1497
1475
1452
1455
1545
1610
1568
1658
1631
1686
1722
1704
1770
1780
1831
1825
1808
1827
1868
1761
1860
1833
1837
1891
1744
1812
1841
1780
1758
1768
1741
1675
1682
1628
1543
1562
1555
1472
1401
1328
1354
1294
1285
1228
1144
1160
1089
1070
1067
1019
1058
991
912
894
875
847
835
793
784
780
733
701
672
740
734
713
721
726
665
672
755
622
690
678
607
673
676
721
631
634
714
681
595
663
667
645
708
657
639
679
663
666
638
658
659
616
624
689
647
708
681
648
652
711
695
690
647
651
713
666
663
698
678
675
644
665
644
678
696
699
702
702
666
703
627
685
718
703
743
662
653
685
700
686
694
738
686
679
654
706
687
695
730
730
680
640
666
666
677
711
744
668
689
686
700
666
693
686
664
721
674
653
649
715
706
646
687
644
683
661
603
620
661
618
607
663
610
636
614
605
646
585
665
550
576
571
601
641
604
567
589
569
637
563
574
627
582
528
578
579
588
557
610
581
640
568
597
581
631
571
572
577
585
585
587
568
583
601
600
613
596
552
642
587
632
586
626
624
655
647
601
671
654
646
618
666
688
695
724
710
734
773
727
772
707
740
751
763
751
769
716
792
809
789
831
818
816
818
796
815
824
724
761
765
817
785
787
760
755
768
791
760
754
745
743
692
780
721
760
742
769
705
736
757
676
738
672
768
736
714
721
747
769
708
677
718
717
685
700
687
746
683
693
675
672
647
666
624
621
655
650
601
607
653
612
588
594
548
581
595
548
554
527
511
519
544
527
520
481
505
486
450
487
481
455
465
482
461
475
456
474
425
476
436
457
440
451
467
494
434
472
431
437
445
438
424
406
456
447
455
442
469
438
457
373
447
442
415
456
463
484
474
505
442
461
465
515
450
470
505
482
489
511
449
486
458
501
536
474
555
514
494
587
521
537
533
587
540
595
574
565
510
569
519
508
572
558
505
564
546
598
565
529
563
571
566
575
586
563
557
565
531
504
531
541
546
517
545
540
557
540
524
514
505
504
552
484
501
451
487
464
477
439
481
456
486
444
452
460
437
453
406
436
401
376
435
405
406
422
359
410
427
417
402
360
398
420
408
367
347
354
384
377
327
402
373
346
359
384
343
345
352
353
348
341
351
358
319
339
340
334
283
339
327
372
318
279
318
336
325
305
306
320
309
304
325
300
249
281
295
253
273
287
299
316
307
269
281
273
273
272
236
250
279
252
234
223
235
223
208
233
217
225
243
243
204
235
248
213
201
205
219
203
220
241
188
194
200
206
185
186
211
204
190
213
209
179
190
206
188
213
191
215
189
180
214
184
185
223
185
190
189
187
213
195
180
176
181
189
215
191
206
218
214
196
229
232
232
235
229
212
236
259
219
221
213
233
225
246
274
263
253
260
255
292
304
300
353
300
346
354
361
394
419
415
425
446
471
471
466
539
525
585
569
617
621
631
650
688
710
720
826
815
843
947
906
964
957
986
1001
1004
1108
1021
1087
1102
1151
1179
1184
1239
1209
1229
1230
1160
1222
1278
1288
1326
1221
1248
1258
1198
1245
1284
1322
1280
1207
1192
1183
1171
1118
1099
1156
1120
1043
1010
1059
1032
954
964
983
906
896
885
818
815
762
755
733
699
685
679
624
585
569
571
559
511
516
512
482
425
405
393
385
329
341
312
327
297
297
285
273
272
266
270
249
203
211
227
188
198
190
169
189
185
187
177
150
171
176
163
155
165
175
134
159
149
140
142
124
129
142
123
134
150
124
152
134
153
161
123
140
127
108
147
142
145
154
126
146
141
128
126
99
120
123
118
105
115
116
133
139
115
118
132
114
118
112
118
106
100
120
107
105
99
109
127
95
108
107
103
92
104
102
98
97
104
110
94
103
105
88
105
86
95
101
85
95
90
88
104
82
83
88
95
101
106
83
99
86
89
87
98
112
83
97
86
92
105
94
99
102
107
112
113
118
105
106
108
103
109
127
133
96
108
124
126
128
115
125
151
126
122
125
149
126
150
153
154
126
151
162
161
141
145
137
150
146
153
161
158
154
147
164
164
153
150
154
170
170
153
166
135
149
180
168
143
154
137
143
134
127
158
147
135
139
139
128
143
124
133
110
109
148
116
128
111
123
135
119
100
100
122
114
104
107
124
114
94
95
92
108
107
108
94
103
105
99
89
99
105
91
94
81
88
78
90
71
78
86
78
86
77
75
76
76
69
74
98
88
85
79
80
64
55
74
61
83
64
66
66
59
49
62
79
82
72
49
62
61
60
81
63
60
55
69
55
54
55
51
52
58
71
68
63
49
64
61
63
54
65
49
44
64
64
69
62
52
56
48
49
44
49
53
57
47
48
60
62
56
48
51
50
58
43
49
51
46
45
58
55
43
58
56
54
53
43
54
57
46
49
43
45
32
48
55
37
57
44
54
53
56
52
55
46
38
38
49
37
44
40
42
45
41
46
48
46
47
58
42
44
51
38
59
36
56
39
48
51
51
44
39
42
38
38
42
46
54
47
34
38
39
51
43
52
57
45
47
61
55
55
65
48
55
60
46
43
48
54
61
41
58
54
62
50
67
53
59
54
56
57
58
58
61
73
57
67
62
54
63
59
65
67
61
66
71
57
76
63
65
71
67
78
59
64
65
59
73
73
74
67
67
85
73
76
89
72
83
79
95
92
68
73
58
88
71
71
86
72
58
79
66
76
76
73
73
63
64
65
81
74
69
69
70
87
78
74
78
65
63
64
65
67
64
71
45
68
78
76
75
64
65
66
66
54
60
65
67
56
79
69
66
62
71
62
75
63
68
79
73
74
58
70
66
61
84
73
48
67
69
51
67
54
66
54
60
55
62
58
43
57
58
50
61
76
57
56
58
63
57
67
52
55
62
64
60
54
62
50
60
58
51
48
56
49
53
45
50
40
61
45
44
64
45
38
58
38
45
52
56
36
52
43
44
50
62
38
46
40
48
52
35
47
42
44
41
38
38
56
42
35
48
52
38
49
40
37
26
33
31
52
40
37
44
49
56
34
33
50
43
48
38
40
40
30
35
35
34
32
37
31
29
36
43
45
32
33
27
49
28
40
36
30
37
29
31
33
26
41
37
33
27
32
24
26
41
34
23
43
37
28
28
33
42
27
43
44
34
38
36
30
35
32
37
29
27
38
23
28
36
28
26
27
31
32
29
26
26
34
29
35
25
30
25
31
26
36
32
41
37
30
29
24
25
28
28
34
35
26
29
23
27
32
23
24
31
28
27
28
32
25
26
29
21
23
28
36
25
30
30
23
37
26
35
38
43
34
26
45
32
33
47
36
50
37
32
40
54
43
42
38
44
46
39
46
56
61
46
50
56
52
53
60
61
49
55
52
60
70
50
71
62
73
78
77
87
81
61
82
83
78
84
83
81
70
94
85
83
90
77
77
92
75
100
96
91
82
99
99
111
89
91
84
105
112
75
98
93
104
96
91
82
95
78
89
77
83
88
91
82
79
95
82
82
88
100
86
81
63
84
79
66
66
75
67
58
61
61
41
67
71
52
59
61
53
61
40
61
57
66
57
57
46
54
42
51
29
53
44
38
46
30
45
33
33
35
36
35
41
32
27
30
36
28
32
35
34
34
30
35
29
22
27
28
27
23
29
32
26
28
33
33
28
27
27
23
26
20
19
20
$ROI:
42
143 193
144 194
424 531
429 529
440 544
440 545
440 549
443 544
443 553
490 516
604 1134
679 1395
772 934
800 953
827 855
828 856
840 1946
849 1974
857 2002
872 900
880 1058
887 915
914 1083
1010 1038
1208 1258
1345 1375
1418 1448
2436 2526
3229 3279
3607 3645
6449 6521
6459 6531
6463 6535
6464 6536
6467 6539
6471 6543
6482 6526
6489 6513
6497 6521
12997 13047
12999 13049
13000 13050
