$SPEC_ID:
GAMWIN
$SPEC_REM:


$DETDESC:

$DATE_MEA:
05/14/2025 06:36:37
$MEAS_TIM:
27513.49 27811.33
$MCA_CAL:
3
1.32118272781372E+001 1.29107522964478E+000 0.00000000000000E+000
$DATA:
0 2047
0
0
0
0
0
0
0
0
0
0
0
0
0
0
0
0
0
0
0
0
0
1277
1370
1523
1643
1989
2123
2339
2434
2329
2317
2234
2131
2047
1941
2044
2128
2205
2272
2386
2627
2821
2932
2922
3088
3034
3001
2944
3234
3295
3501
3619
3947
4087
4212
4214
4321
4484
4406
4464
4410
4542
4799
4991
5402
6051
6279
6445
6592
6483
6001
5709
5289
4882
4706
4505
4436
4585
4331
4364
4301
4180
4000
3782
3578
3238
3136
3092
2962
2787
2779
2732
2708
2752
2702
2660
2605
2662
2635
2607
2571
2603
2580
2654
2669
2652
2691
2771
2646
2769
2797
2696
2717
2691
2781
2666
2749
2679
2621
2697
2637
2605
2565
2599
2609
2652
2590
2632
2494
2518
2600
2548
2510
2436
2507
2367
2446
2381
2383
2296
2313
2235
2297
2338
2281
2320
2239
2264
2324
2332
2376
2440
2445
2498
2487
2393
2470
2376
2304
2368
2323
2385
2248
2313
2262
2161
2297
2214
2276
2216
2266
2214
2225
2194
2173
2115
2162
2150
2138
2205
2162
2297
2388
2400
2449
2599
2818
2831
2975
3192
3287
3461
3617
3673
3857
3912
3796
3771
3684
3678
3596
3421
3302
3227
2946
2847
2609
2451
2403
2281
2097
1990
1927
1880
1748
1730
1726
1662
1662
1585
1654
1534
1673
1642
1623
1599
1605
1570
1679
1652
1641
1661
1722
1659
1692
1676
1774
1693
1670
1671
1637
1616
1675
1603
1558
1681
1580
1535
1511
1440
1436
1434
1406
1368
1400
1359
1301
1263
1327
1333
1339
1198
1313
1348
1290
1412
1386
1442
1448
1492
1505
1537
1541
1593
1616
1627
1661
1690
1682
1760
1676
1671
1727
1665
1612
1608
1645
1612
1563
1524
1536
1495
1433
1434
1352
1223
1297
1159
1140
1085
1027
950
984
945
928
938
879
876
859
883
843
790
810
816
779
765
779
789
758
757
809
806
759
703
761
783
749
744
761
744
817
764
776
769
792
766
753
663
748
763
784
788
689
739
748
724
720
735
685
744
716
697
720
688
719
684
700
694
646
702
656
695
697
666
680
706
693
698
720
728
718
735
731
674
719
666
631
640
715
710
692
663
676
680
653
621
725
646
628
694
665
658
671
614
709
637
610
678
661
693
659
695
674
643
651
647
677
644
694
651
621
660
651
643
649
598
680
626
642
610
614
620
622
591
622
554
554
525
545
571
552
581
550
563
590
544
617
558
573
554
595
538
600
612
584
659
667
671
674
651
760
700
787
754
759
729
794
806
790
831
839
847
839
850
861
925
898
910
895
829
971
892
962
911
890
936
896
924
886
906
845
855
892
914
823
830
857
804
800
762
733
752
673
740
671
668
671
595
590
601
592
589
555
523
540
498
473
476
488
464
489
503
459
426
447
420
425
452
429
421
402
400
397
418
386
393
367
379
401
393
393
395
386
394
390
412
384
369
373
400
396
380
417
362
377
378
355
429
383
398
385
383
423
400
413
436
398
384
377
386
350
419
356
389
404
399
409
400
410
453
383
426
433
430
449
422
410
420
446
396
419
393
423
435
409
390
388
378
394
390
453
416
392
434
397
401
422
389
381
400
420
398
396
421
393
382
385
416
373
384
383
416
364
407
431
433
384
402
363
365
382
399
378
377
378
405
409
351
401
358
356
384
368
376
388
354
358
364
347
374
349
351
335
330
336
381
369
338
369
334
346
365
341
345
334
368
324
323
315
341
353
365
387
341
359
336
345
355
354
343
365
338
321
316
367
393
366
389
353
348
384
380
372
379
383
363
368
406
405
394
418
399
434
434
413
438
454
463
452
454
417
451
478
477
416
466
505
467
516
491
501
451
460
476
492
475
481
474
477
491
467
502
424
422
438
409
458
430
432
437
445
464
420
450
423
432
429
440
423
468
433
429
435
465
486
474
421
463
432
435
432
464
412
421
424
447
422
416
418
416
401
402
421
410
388
419
348
372
389
382
384
392
386
352
316
322
356
337
321
342
334
314
332
302
327
295
313
316
286
291
279
270
306
304
279
280
290
290
319
291
281
308
300
261
289
261
290
309
302
278
285
270
288
291
286
303
285
291
271
303
270
302
300
306
328
279
335
285
289
290
276
289
307
327
295
293
307
289
304
299
329
297
299
308
357
330
319
346
366
324
314
348
313
348
341
345
338
331
358
336
315
321
345
348
350
353
343
322
331
309
302
340
316
347
342
334
344
302
338
341
338
345
328
323
332
331
316
308
350
309
291
288
305
291
309
278
327
309
276
260
303
305
265
284
298
272
293
290
299
250
303
253
282
273
273
293
274
257
243
292
261
229
242
241
245
233
213
250
242
237
235
195
207
217
222
205
196
219
195
218
236
196
207
203
211
190
187
192
207
188
225
175
197
190
181
171
168
161
163
186
146
137
167
168
150
177
165
155
147
173
129
192
168
169
147
147
141
159
131
132
153
146
125
143
153
140
138
123
139
119
119
126
124
122
117
145
117
120
127
141
110
110
103
138
115
125
105
118
106
133
119
125
121
129
99
97
103
122
110
117
97
102
103
105
131
115
80
93
116
90
107
108
106
105
113
92
116
120
112
127
126
111
121
115
110
141
138
130
133
131
153
161
159
150
165
155
180
201
180
195
195
220
233
242
229
297
249
248
283
315
313
334
357
347
414
391
460
411
444
445
527
524
555
583
627
598
588
657
702
717
740
774
753
783
821
852
851
884
911
923
991
966
1016
950
974
1047
983
1030
972
1075
1012
1017
1017
969
1042
1103
1057
1001
1030
931
986
913
881
905
855
879
887
793
801
756
772
713
745
726
715
693
636
584
598
593
556
528
499
489
481
467
368
404
390
386
356
345
289
321
293
260
284
236
245
244
223
226
171
187
183
177
159
139
139
135
140
141
128
128
118
126
125
103
109
88
102
80
93
67
90
80
85
86
102
62
86
69
88
60
72
80
68
54
75
79
70
74
60
63
66
65
65
70
73
62
56
55
60
80
62
61
59
62
52
61
70
51
50
60
57
69
56
55
50
65
64
37
60
58
54
51
56
59
61
63
51
57
59
40
56
42
47
52
48
53
53
53
48
61
51
45
62
46
45
56
61
34
43
47
40
49
49
44
44
57
61
48
49
47
50
47
51
54
47
46
35
49
55
42
36
44
50
62
49
58
64
53
33
52
52
55
51
48
48
57
58
41
55
62
59
45
50
58
50
57
64
56
54
72
62
61
73
61
77
67
72
50
58
62
74
71
73
62
65
57
72
60
57
54
74
68
57
69
74
58
55
58
67
55
50
83
62
56
60
49
68
53
63
41
57
35
50
48
51
54
45
57
46
46
46
51
36
42
51
45
50
46
45
43
33
35
38
40
35
43
35
42
34
45
43
45
26
35
37
39
35
40
32
50
38
43
28
25
45
28
39
33
29
30
31
35
28
28
32
37
20
34
36
29
30
31
30
32
26
27
28
30
26
37
28
25
29
28
33
29
31
20
28
20
28
14
36
27
29
27
23
16
29
28
34
24
30
31
32
28
27
30
25
29
22
27
21
33
31
19
22
29
35
23
17
23
33
17
22
36
25
19
27
28
29
25
22
29
32
25
27
21
28
20
19
21
24
21
29
16
25
31
30
20
24
25
27
23
18
28
21
17
23
30
22
19
27
17
21
21
36
17
17
19
30
16
23
23
25
20
30
22
21
26
21
18
24
17
22
31
17
25
21
20
20
27
30
23
24
21
33
26
30
21
17
26
34
25
23
23
27
28
28
29
35
31
35
24
30
21
31
40
40
29
35
26
38
30
30
34
29
21
25
47
35
37
24
28
35
48
32
34
42
35
39
34
45
35
38
37
41
36
41
38
39
38
36
37
32
45
34
34
41
30
38
33
39
48
30
43
33
32
33
26
44
41
50
38
31
40
44
31
34
38
26
38
42
27
33
32
30
44
20
25
46
40
36
33
42
32
43
29
36
33
26
38
26
22
37
34
33
31
32
38
21
36
40
32
38
27
23
35
41
32
38
30
34
29
40
23
32
28
15
32
32
33
29
27
38
29
26
32
39
31
29
30
26
17
21
20
41
27
34
30
29
31
33
34
20
30
30
35
33
22
29
24
23
26
20
24
21
25
20
25
26
20
17
28
28
24
32
26
23
30
29
16
32
28
30
22
18
36
24
16
28
22
19
24
19
25
28
20
24
29
23
19
21
23
25
15
19
16
20
22
25
31
21
17
24
17
19
21
29
21
19
18
16
22
16
13
23
10
17
17
24
22
18
25
16
24
20
24
15
20
19
19
19
18
18
15
16
19
17
14
23
16
16
18
20
16
21
19
13
16
16
10
17
11
11
10
20
14
9
11
13
8
15
15
22
17
16
10
14
16
17
16
14
16
18
15
27
14
13
12
12
9
9
20
14
7
15
11
16
13
13
17
12
11
23
10
12
20
7
11
18
11
10
10
10
18
15
21
13
17
14
10
22
13
12
16
15
20
16
16
17
16
13
19
24
14
23
15
18
12
29
12
18
26
24
21
25
20
25
24
26
29
27
27
36
19
31
31
35
34
35
36
29
40
29
38
44
32
35
40
50
41
36
44
45
47
38
59
38
49
45
47
51
52
43
50
39
50
55
46
63
43
58
56
47
52
42
48
49
61
47
57
58
55
46
44
54
58
47
49
47
48
51
38
42
41
47
54
39
43
41
44
40
38
42
26
53
34
52
39
36
31
35
30
48
30
26
31
26
38
31
26
35
23
26
28
29
23
27
22
24
25
23
15
27
23
23
9
19
26
22
18
20
19
17
22
17
20
17
13
17
17
17
18
18
11
14
12
22
16
10
12
14
18
11
14
15
13
13
10
11
10
8
13
16
9
19
17
8
7
6
9
12
11
$ROI:
42
143 193
144 194
424 531
429 529
440 544
440 545
440 549
443 544
443 553
490 516
604 1134
679 1395
772 934
800 953
827 855
828 856
840 1946
849 1974
857 2002
872 900
880 1058
887 915
914 1083
1010 1038
1208 1258
1345 1375
1418 1448
2436 2526
3229 3279
3607 3645
6449 6521
6459 6531
6463 6535
6464 6536
6467 6539
6471 6543
6482 6526
6489 6513
6497 6521
12997 13047
12999 13049
13000 13050
