$SPEC_ID:
GAMWIN
$SPEC_REM:


$DETDESC:

$DATE_MEA:
05/14/2025 14:21:32
$MEAS_TIM:
59928.33 60562.12
$MCA_CAL:
3
1.32118272781372E+001 1.29107522964478E+000 0.00000000000000E+000
$DATA:
0 2047
0
0
0
0
0
0
0
0
0
0
0
0
0
0
0
0
0
0
0
0
0
2293
2356
2649
2984
3345
3643
3779
3817
3701
3587
3466
3469
3576
3469
3520
3584
3838
4028
4202
4592
4936
4932
5038
5213
5099
5142
5146
5468
5633
5966
6331
6730
7080
7331
7474
7676
7790
7735
7717
7640
7919
8205
8963
9542
10236
11077
11715
11654
11388
10994
10299
9428
8631
8317
8087
7955
7857
7802
7763
7703
7410
6874
6459
6151
5846
5406
5195
4773
4772
4644
4511
4466
4450
4522
4454
4452
4382
4352
4325
4389
4332
4312
4240
4363
4537
4548
4436
4503
4661
4520
4666
4540
4740
4594
4632
4561
4619
4469
4430
4582
4543
4609
4511
4478
4519
4404
4350
4475
4373
4205
4300
4295
4260
4224
4016
4160
4162
4228
3957
4003
3892
3968
3796
3911
3870
4121
4026
4211
4291
4345
4409
4527
4358
4523
4473
4335
4355
4291
4336
4238
4116
3971
3976
3884
3912
3767
3825
3812
3774
3802
3781
3773
3660
3632
3661
3707
3596
3752
3655
3848
3800
3980
4000
3952
4298
4498
4695
4984
5444
5571
5933
6194
6287
6505
6496
6490
6465
6509
6226
5983
5798
5602
5356
5059
4842
4459
4222
3915
3616
3540
3344
3176
3134
3005
3010
2843
2833
2760
2764
2807
2809
2770
2680
2720
2754
2822
2777
2890
2912
2889
3018
3011
3024
3052
3100
3208
3149
3070
3237
3173
3177
3036
3030
3017
2932
2852
2692
2800
2794
2603
2498
2478
2443
2371
2353
2231
2235
2213
2161
2253
2150
2196
2214
2305
2332
2466
2426
2603
2572
2731
2759
2922
2834
3004
3031
3043
3169
3146
3166
3215
3268
3286
3218
3221
3287
3186
3110
3080
2936
2957
2818
2786
2580
2469
2436
2336
2270
2110
2031
1942
1858
1734
1729
1657
1542
1490
1515
1429
1480
1354
1420
1291
1297
1343
1259
1277
1276
1219
1299
1223
1319
1227
1214
1214
1208
1228
1239
1249
1237
1186
1125
1166
1231
1197
1250
1199
1110
1115
1170
1089
1181
1152
1121
1142
1125
1113
1163
1152
1135
1116
1165
1129
1156
1101
1098
1050
1105
1183
1080
1075
1114
1116
1129
1101
1120
1151
1155
1096
1079
1136
1139
1129
1132
1091
1122
1076
1149
1072
1090
1088
1134
1100
1097
1086
1053
1050
1032
1150
1074
1060
1113
1078
1089
1082
1077
1131
1049
1036
1139
1084
1086
1092
1080
1080
1023
1095
1065
1135
1137
1103
1032
1071
1103
1050
1082
1021
1081
997
1066
982
981
1016
954
990
946
971
929
902
914
873
937
899
904
955
935
986
890
985
918
950
956
1009
1062
1059
1066
1029
1044
1109
1116
1151
1099
1191
1196
1282
1354
1283
1421
1439
1402
1447
1446
1547
1563
1629
1591
1637
1598
1634
1624
1684
1649
1664
1628
1599
1658
1706
1657
1658
1662
1663
1577
1607
1598
1566
1600
1558
1527
1443
1431
1440
1384
1362
1322
1234
1248
1220
1146
1125
1072
1029
1017
994
1020
971
936
888
800
763
797
746
744
719
740
730
750
787
689
641
687
639
643
682
677
625
661
591
642
676
647
655
586
656
619
654
637
594
615
606
620
642
572
603
615
574
578
606
613
622
623
651
586
641
643
639
662
641
707
679
639
635
625
632
663
623
622
673
661
667
651
642
698
662
649
651
628
682
633
668
639
674
654
636
645
652
654
720
668
658
625
659
624
697
697
640
577
678
663
680
663
622
627
674
631
705
643
653
667
632
653
637
647
620
659
665
626
649
677
632
665
632
591
661
603
625
654
646
605
553
583
597
594
614
580
585
632
576
601
597
584
619
560
562
548
567
590
503
574
570
574
581
542
556
542
565
531
532
584
551
560
619
553
566
561
539
553
547
576
592
569
605
567
606
574
585
594
554
581
577
551
629
605
607
610
607
590
615
659
626
617
661
674
653
684
683
683
710
737
712
725
753
734
741
724
698
745
753
716
747
754
752
740
729
708
777
782
739
725
760
737
707
772
691
713
693
728
721
736
757
734
690
732
724
661
720
741
710
671
665
717
688
703
674
690
695
667
699
688
679
689
698
691
703
714
669
597
675
598
617
612
612
605
554
574
587
604
619
622
552
514
554
551
524
546
534
526
512
530
531
462
467
494
464
485
521
507
462
509
402
442
455
441
427
409
441
425
443
422
415
423
440
440
384
410
419
413
402
411
417
419
439
425
433
437
420
409
413
444
403
413
418
426
459
454
444
417
436
439
485
484
400
489
467
450
442
467
495
473
444
464
481
497
448
498
485
500
495
477
530
514
507
486
514
477
499
534
511
541
519
488
526
544
498
526
529
522
481
543
501
520
539
533
552
494
520
552
535
494
494
545
500
488
487
496
504
497
467
468
426
467
445
461
420
506
455
468
425
397
405
455
417
447
443
399
394
415
402
412
428
387
365
379
380
342
389
386
397
398
347
347
349
399
355
342
321
356
343
365
340
338
342
337
317
311
369
327
394
342
355
337
331
301
279
339
333
336
294
325
319
295
287
330
270
285
277
289
308
275
269
286
255
301
275
283
252
263
276
241
244
254
251
280
258
245
241
249
238
214
250
234
237
225
245
245
224
214
207
205
217
215
209
211
203
202
204
191
228
219
225
203
199
225
197
214
192
207
199
169
182
213
192
192
191
207
169
162
171
202
174
200
181
199
161
193
213
175
189
217
184
189
178
209
189
173
215
208
188
188
219
188
227
220
216
228
209
199
236
231
255
251
227
252
259
259
272
274
265
288
301
310
293
325
312
371
327
383
400
405
419
402
414
465
445
497
525
539
570
604
611
574
652
713
703
702
744
780
818
834
862
854
899
924
960
1018
983
1015
1048
1046
1056
1138
1111
1105
1114
1216
1237
1194
1193
1178
1219
1180
1187
1158
1174
1169
1234
1211
1159
1178
1134
1158
1144
1126
1065
1069
1066
1061
983
983
979
920
920
927
863
849
803
821
779
735
694
695
717
644
598
584
540
541
555
485
467
426
407
436
393
402
373
359
308
358
280
314
298
263
268
247
212
242
232
213
238
200
182
223
203
174
185
182
171
151
161
173
148
177
151
140
159
153
155
134
147
116
151
121
148
137
132
117
126
151
137
133
123
134
124
124
142
107
117
135
121
122
109
93
115
99
125
112
107
141
139
115
109
100
130
97
113
105
120
120
114
108
109
104
108
115
95
84
102
99
106
105
102
104
101
94
92
89
95
112
106
102
102
97
78
83
82
89
103
103
83
102
116
70
84
93
89
86
75
86
87
91
80
89
89
104
80
87
84
75
82
89
77
113
91
97
87
94
113
123
101
93
108
103
94
109
96
124
114
114
134
108
127
114
112
140
120
95
125
134
125
147
134
137
120
137
128
145
147
129
146
148
141
142
158
134
115
130
161
153
161
157
147
147
149
129
154
122
146
136
126
155
130
127
115
121
143
112
120
109
107
131
113
124
127
100
110
126
107
128
119
88
105
111
113
102
102
109
105
117
102
78
88
95
75
93
71
97
90
79
83
73
86
65
84
85
79
86
90
86
85
52
77
85
68
70
71
73
75
73
64
69
66
67
59
64
70
81
73
70
54
68
75
74
71
69
57
68
62
64
47
63
58
62
66
53
57
67
53
67
64
52
47
65
57
65
42
62
51
58
62
54
50
67
53
45
38
45
53
57
49
50
69
62
56
40
39
45
52
65
59
58
69
51
53
59
64
49
57
50
33
43
47
48
49
42
52
46
34
48
49
42
29
41
45
39
37
49
45
40
49
41
49
34
45
40
40
34
34
45
54
48
58
46
48
41
47
37
41
45
51
47
52
36
36
46
52
58
36
42
44
50
44
44
51
50
51
49
51
40
53
42
54
42
35
38
43
49
50
46
49
62
46
56
33
54
54
47
62
59
50
50
45
61
49
54
63
50
50
48
54
61
56
53
49
62
73
64
80
71
71
68
62
66
60
63
52
69
70
70
60
56
64
60
79
71
66
68
69
82
69
54
64
54
55
60
61
61
67
63
64
77
69
70
66
64
68
63
81
76
74
57
81
61
70
74
68
68
85
57
61
58
59
59
70
61
60
56
62
75
59
57
67
66
70
73
68
61
62
62
59
60
71
55
58
60
62
73
68
63
62
60
73
54
63
64
58
70
72
68
58
57
63
68
62
61
57
50
59
53
72
76
63
42
61
60
59
71
49
44
67
54
46
59
49
48
47
51
45
48
60
60
42
57
57
52
39
57
45
53
61
69
49
41
50
45
50
56
44
51
44
55
51
55
47
44
32
58
42
36
48
41
55
28
42
59
39
36
56
50
45
42
48
44
41
32
40
44
49
49
34
37
48
45
38
32
38
38
46
45
39
43
45
39
46
40
35
37
39
43
36
45
39
40
30
33
44
43
41
33
28
34
36
39
40
33
41
28
38
29
30
37
43
38
31
34
26
34
40
35
34
36
30
34
37
26
26
30
34
30
32
30
35
36
34
26
38
37
23
33
36
29
32
32
36
22
35
33
30
34
30
31
28
32
25
21
22
30
28
31
23
24
27
26
32
28
22
25
33
23
29
35
29
22
29
30
35
27
28
23
33
33
28
27
23
36
36
37
25
29
33
27
24
29
38
21
29
27
34
31
24
40
32
27
30
35
27
35
27
34
29
46
38
32
40
38
23
47
43
43
41
45
43
34
43
40
46
57
48
48
49
44
42
55
55
52
61
61
57
58
62
77
52
65
65
63
62
54
77
67
77
70
79
72
72
82
82
81
79
89
82
81
90
94
83
97
81
82
80
85
83
84
97
94
88
102
94
106
80
121
94
95
98
70
77
81
94
72
73
86
76
78
76
81
66
71
73
80
57
79
83
74
69
62
59
65
53
73
59
59
54
63
60
53
57
65
51
51
49
51
48
53
58
40
35
40
30
42
31
33
49
34
31
39
23
53
42
40
33
28
33
27
29
30
31
22
42
44
22
18
30
29
26
23
21
19
28
16
21
21
24
26
14
29
32
21
25
30
22
29
19
25
20
27
17
19
22
21
20
25
$ROI:
42
143 193
144 194
424 531
429 529
440 544
440 545
440 549
443 544
443 553
490 516
604 1134
679 1395
772 934
800 953
827 855
828 856
840 1946
849 1974
857 2002
872 900
880 1058
887 915
914 1083
1010 1038
1208 1258
1345 1375
1418 1448
2436 2526
3229 3279
3607 3645
6449 6521
6459 6531
6463 6535
6464 6536
6467 6539
6471 6543
6482 6526
6489 6513
6497 6521
12997 13047
12999 13049
13000 13050
