$SPEC_ID:
GAMWIN
$SPEC_REM:


$DETDESC:

$DATE_MEA:
05/28/2025 14:35:46
$MEAS_TIM:
56583.19 57268.92
$MCA_CAL:
3
1.32118272781372E+001 1.29107522964478E+000 0.00000000000000E+000
$DATA:
0 2047
0
0
0
0
0
0
0
0
0
0
0
0
0
0
0
0
0
0
0
0
0
2940
3197
3416
3827
4290
4715
4928
4991
4894
4725
4791
4604
4569
4677
4783
4643
5208
5294
5568
6121
6587
6701
6955
6830
6650
6476
6560
6730
6907
7179
7592
7983
8303
8814
9410
9652
9894
10065
10076
10527
10329
11001
11857
13186
14521
15927
16864
17274
17109
16221
15213
13730
12514
11481
10973
10642
10596
10406
10337
10126
10015
9437
8795
8307
7546
6999
6620
6264
6000
5875
5697
5722
5600
5516
5513
5462
5438
5433
5303
5380
5366
5360
5349
5445
5513
5667
5719
5763
5977
5780
5912
5966
6071
5877
5789
5891
5802
5743
5687
5759
5629
5634
5681
5628
5692
5632
5666
5594
5675
5434
5607
5350
5404
5394
5236
5232
5218
5004
5006
5167
4976
4990
4868
4944
5070
5005
4941
5067
5053
5158
5537
5392
5561
5608
5593
5535
5432
5384
5367
5372
5223
5124
5114
5100
4951
4796
4838
4916
4994
4953
4954
4980
4890
4955
4851
4948
4926
4869
4810
4851
5057
5143
5132
5343
5748
5898
6264
6647
7267
7727
8193
8524
8824
9351
9352
9540
9707
9578
9531
9229
8847
8488
8044
7770
7468
6711
6520
6003
5711
5233
4954
4603
4403
4203
3981
3900
3781
3669
3629
3585
3634
3599
3575
3687
3683
3708
3800
3702
3754
3904
3908
3992
4126
4190
4154
4247
4277
4347
4338
4345
4338
4253
4213
4167
4102
4035
4035
3895
3913
3819
3638
3487
3376
3194
3221
3105
3139
3116
3022
2991
2986
2900
2992
3052
3192
3178
3282
3328
3578
3707
3834
3840
3998
4199
4233
4272
4448
4496
4640
4580
4578
4702
4726
4741
4630
4664
4616
4537
4529
4397
4246
4133
3938
3900
3627
3525
3442
3232
2969
2846
2692
2562
2399
2424
2296
2122
2037
2057
1886
1854
1889
1789
1854
1832
1717
1699
1697
1609
1758
1647
1686
1624
1587
1721
1696
1649
1661
1662
1675
1629
1618
1522
1634
1582
1574
1510
1502
1599
1585
1432
1490
1512
1484
1464
1434
1445
1449
1453
1421
1444
1488
1491
1452
1436
1467
1434
1423
1395
1419
1468
1452
1433
1473
1429
1464
1518
1441
1424
1529
1420
1367
1436
1481
1556
1432
1412
1415
1450
1467
1381
1519
1375
1350
1394
1454
1353
1350
1421
1454
1392
1418
1392
1391
1403
1444
1364
1372
1430
1402
1446
1465
1451
1444
1424
1518
1466
1501
1463
1468
1512
1401
1474
1427
1443
1498
1448
1438
1414
1414
1342
1393
1281
1311
1272
1294
1256
1257
1272
1233
1255
1226
1231
1237
1212
1274
1262
1170
1233
1251
1283
1278
1281
1360
1306
1388
1441
1404
1470
1465
1562
1519
1647
1633
1782
1780
1863
1806
1883
2034
2003
2057
2066
2126
2152
2154
2169
2235
2290
2399
2355
2399
2378
2430
2386
2420
2457
2475
2510
2471
2496
2507
2379
2465
2399
2298
2358
2286
2231
2201
2179
2110
2051
2084
1911
1909
1921
1766
1825
1611
1699
1574
1574
1567
1428
1356
1348
1360
1277
1224
1183
1155
1136
1019
1085
1043
984
990
944
925
889
897
887
862
855
872
840
842
873
875
837
830
838
864
799
837
836
891
809
816
834
747
841
813
760
815
823
815
879
788
839
761
885
874
843
801
820
811
875
871
900
840
877
852
866
888
918
885
870
871
885
967
950
895
850
920
864
986
893
930
916
872
879
948
893
920
931
886
887
925
847
909
884
906
883
880
883
874
885
878
886
947
869
882
944
866
947
884
926
898
901
849
900
860
865
933
881
873
851
889
855
797
902
835
840
822
841
839
852
858
895
840
807
815
815
806
792
791
811
763
786
748
752
810
793
761
709
762
769
803
691
706
754
734
696
710
752
760
745
727
741
737
759
751
749
747
778
843
792
737
773
761
774
770
778
810
794
762
764
799
752
834
834
813
835
785
845
863
832
837
857
877
877
866
898
924
881
1003
985
945
1003
960
963
996
1015
1005
958
1006
1039
1064
1050
1011
1046
1102
1031
1067
1047
1018
1058
1073
1106
1132
1053
1095
1090
1085
1046
983
1012
1079
1024
1021
1013
1028
965
987
1042
1028
1038
925
960
1036
950
1042
953
917
967
948
957
932
950
961
920
969
940
933
969
933
943
929
896
868
908
864
837
876
837
847
831
811
792
821
780
765
713
752
727
723
751
671
653
739
656
656
655
655
628
636
627
626
605
588
634
596
590
595
574
604
562
574
620
585
554
581
576
581
518
584
558
536
523
555
602
583
556
529
559
545
566
555
576
562
589
569
542
533
512
563
558
564
585
550
607
560
595
588
599
651
582
620
615
632
603
628
679
655
658
662
626
659
619
707
671
643
680
740
677
735
731
720
715
728
712
721
776
726
744
739
694
705
676
691
733
660
670
671
719
683
726
692
664
718
702
733
680
685
644
651
642
632
628
647
661
655
610
616
624
624
512
592
647
594
568
555
583
558
589
547
585
554
550
587
546
534
560
492
554
513
513
515
504
524
514
478
490
517
467
459
469
477
466
473
479
458
485
461
439
449
437
429
458
455
405
432
413
408
401
444
416
395
399
417
449
415
438
410
401
420
385
358
388
421
363
387
416
369
380
343
335
351
361
358
330
336
361
335
314
337
350
370
321
324
320
316
302
322
291
314
277
312
279
280
275
304
281
282
256
292
273
275
256
257
258
262
245
251
277
243
234
257
241
254
245
265
242
233
242
267
227
232
279
247
248
266
236
241
236
243
228
228
225
239
250
253
222
241
255
266
246
273
221
258
270
293
292
257
299
312
301
273
293
268
278
300
292
352
323
351
323
319
350
355
368
367
359
425
385
446
451
471
487
495
502
509
527
593
604
594
653
646
667
701
762
760
816
782
866
860
919
949
991
1091
1090
1080
1109
1113
1210
1213
1256
1292
1344
1371
1351
1441
1530
1502
1466
1498
1603
1555
1553
1588
1564
1593
1557
1622
1628
1537
1626
1591
1584
1547
1556
1520
1592
1500
1558
1456
1500
1393
1456
1398
1355
1298
1218
1282
1270
1185
1165
1227
1107
1091
1052
937
940
959
924
872
832
772
805
740
731
700
632
652
639
510
637
518
481
442
453
429
443
385
338
393
355
363
350
340
318
314
303
288
295
285
260
249
223
239
239
244
208
215
207
234
201
203
217
201
182
187
202
182
175
169
182
179
197
172
175
194
143
210
196
165
179
181
168
159
175
158
164
161
162
180
195
169
176
179
166
182
193
175
155
169
152
168
160
144
154
173
177
156
155
151
138
146
160
142
165
150
152
132
127
143
166
117
111
124
120
135
140
158
139
146
132
135
137
124
144
115
131
127
129
138
128
115
125
108
128
127
127
119
133
117
117
130
134
131
122
137
117
131
136
131
124
159
120
132
130
133
140
138
150
145
138
139
168
153
160
145
163
161
158
186
163
172
177
181
167
168
204
183
193
186
179
195
189
181
185
197
199
212
158
188
208
221
176
204
204
192
231
224
232
216
194
208
177
204
193
193
213
185
193
228
212
184
201
181
171
180
180
156
195
191
177
170
184
183
156
157
169
168
154
142
153
134
150
137
150
156
149
136
142
141
123
133
138
131
136
114
131
123
119
107
112
105
113
125
104
110
125
109
99
116
100
95
92
91
115
94
97
106
99
87
109
85
97
95
102
86
82
82
112
107
88
84
108
105
88
90
81
82
76
74
86
82
100
81
87
83
84
95
76
73
84
86
74
81
70
81
79
69
78
86
81
62
69
64
70
64
77
70
66
76
52
67
68
77
91
73
73
76
63
64
66
69
61
62
71
64
71
69
70
67
55
64
65
70
58
61
58
64
49
64
59
61
69
68
66
67
70
78
55
57
54
54
58
66
63
68
69
56
59
72
48
54
61
48
43
62
68
58
41
54
70
64
59
60
55
58
42
51
84
45
55
54
54
52
60
61
62
62
65
70
68
71
70
70
72
72
58
53
69
68
61
75
72
81
81
64
73
63
74
59
69
77
77
75
70
66
80
77
68
69
67
81
72
68
83
79
89
79
87
87
71
99
105
84
87
94
98
103
112
81
91
78
110
113
87
88
99
107
94
102
104
133
127
97
97
104
93
91
93
112
106
113
99
81
94
93
90
106
90
110
82
101
100
121
76
97
102
92
83
102
79
90
103
82
90
88
90
84
93
98
100
82
101
83
94
84
86
111
75
98
84
80
74
94
99
79
88
91
70
87
85
77
89
75
100
83
74
97
74
66
104
88
87
83
78
88
76
66
81
93
83
71
88
71
91
84
92
84
61
73
62
80
69
65
76
72
65
81
87
80
73
78
85
80
67
81
73
69
71
72
73
67
65
70
57
83
72
70
68
62
78
78
84
61
66
65
75
71
61
68
62
62
58
78
60
63
57
75
74
67
57
63
57
64
69
56
65
57
58
45
67
47
61
57
50
45
53
50
38
55
51
53
50
52
57
57
64
38
47
41
53
40
48
63
53
54
42
62
57
53
53
50
44
48
55
55
42
41
50
39
51
57
51
45
46
38
38
38
35
41
33
39
49
39
56
48
36
45
45
46
36
42
34
43
40
53
51
35
40
42
39
48
30
41
39
34
33
44
37
50
30
43
40
48
38
34
40
39
26
44
36
49
34
40
47
31
33
34
31
42
35
46
41
33
33
56
43
39
41
30
36
34
28
36
30
30
40
25
34
46
43
27
41
41
43
36
39
44
32
42
28
38
41
26
29
53
37
55
41
42
40
44
50
51
47
49
52
49
54
52
44
53
66
58
56
73
68
76
80
82
63
82
81
65
79
91
85
76
88
102
86
83
100
117
82
105
118
103
111
134
113
115
135
104
124
124
101
130
127
125
148
106
130
127
116
109
135
147
125
115
156
140
150
146
138
129
132
121
144
138
134
130
123
126
124
128
154
125
117
127
121
101
120
117
119
109
118
125
128
109
115
103
97
86
131
100
78
98
77
107
84
94
95
71
72
62
83
73
66
73
75
75
78
59
75
64
77
61
54
64
54
44
52
55
62
53
55
51
45
51
43
43
36
40
41
35
46
37
41
31
28
35
24
43
34
31
28
33
25
20
34
24
31
33
31
35
33
32
26
22
$ROI:
42
143 193
144 194
424 531
429 529
440 544
440 545
440 549
443 544
443 553
490 516
604 1134
679 1395
772 934
800 953
827 855
828 856
840 1946
849 1974
857 2002
872 900
880 1058
887 915
914 1083
1010 1038
1208 1258
1345 1375
1418 1448
2436 2526
3229 3279
3607 3645
6449 6521
6459 6531
6463 6535
6464 6536
6467 6539
6471 6543
6482 6526
6489 6513
6497 6521
12997 13047
12999 13049
13000 13050
