$SPEC_ID:
GAMWIN
$SPEC_REM:


$DETDESC:

$DATE_MEA:
05/29/2025 06:30:35
$MEAS_TIM:
27645.72 28011.88
$MCA_CAL:
3
1.32118272781372E+001 1.29107522964478E+000 0.00000000000000E+000
$DATA:
0 2047
0
0
0
0
0
0
0
0
0
0
0
0
0
0
0
0
0
0
0
0
0
1890
2037
2256
2622
2944
3364
3548
3882
3939
3806
3573
3331
3171
3019
3082
3071
3172
3492
3588
3920
4218
4464
4486
4478
4324
4334
4152
4303
4259
4612
4858
5165
5396
5957
6077
6463
6706
6632
6776
6906
6872
7521
8008
9130
9928
10833
11863
12273
12189
11572
10610
9757
8823
8075
7799
7719
7733
7700
7646
7430
7047
6860
6589
5948
5580
5260
4800
4536
4334
4307
4125
4162
4127
3952
4070
3981
3901
3867
4010
3975
3939
3998
4029
4062
3993
4035
4151
4283
4174
4352
4231
4229
4406
4413
4237
4303
4209
4175
4145
4129
4377
4239
4207
4114
4095
4194
4225
4111
4110
4080
4072
3978
4135
4019
3841
3844
3891
3854
3815
3666
3778
3651
3722
3676
3690
3749
3731
3795
3891
3931
3888
3904
3985
4117
4097
4058
4000
4026
3981
3876
3804
3751
3803
3744
3691
3633
3632
3636
3536
3621
3615
3629
3583
3559
3617
3547
3643
3558
3486
3486
3615
3612
3764
3942
4106
4337
4635
4764
5353
5570
5832
6101
6622
6781
6717
6956
7089
7005
6966
6713
6564
6316
6014
5668
5394
4911
4699
4392
4229
3835
3693
3388
3132
3133
2942
2789
2768
2687
2645
2663
2551
2500
2636
2546
2636
2710
2673
2770
2870
2869
2809
2861
2964
2855
3110
3028
3116
3129
3134
3209
3212
3191
3116
3100
3061
2938
2896
2813
2851
2636
2597
2523
2468
2399
2381
2326
2184
2208
2279
2189
2124
2203
2216
2276
2252
2302
2397
2408
2469
2527
2686
2830
2900
2842
3043
3071
3183
3334
3209
3188
3388
3336
3293
3443
3408
3303
3411
3268
3274
3108
3096
2989
2791
2763
2679
2536
2376
2294
2188
2063
2023
1823
1808
1637
1500
1501
1466
1408
1315
1340
1281
1247
1301
1197
1196
1197
1203
1131
1130
1135
1158
1144
1111
1106
1084
1128
1142
1141
1111
1095
1104
1153
1071
1095
1090
1137
1120
989
1025
1070
1062
1045
1010
1007
1000
1040
970
994
1045
986
1015
1003
989
966
965
1021
979
1023
983
987
1022
992
984
1057
1000
1002
967
1025
1081
1023
1010
1034
989
1003
988
1001
997
1029
970
998
955
997
936
960
995
922
1005
996
1007
956
875
909
977
901
950
978
1007
977
1028
952
1015
1024
1055
977
982
935
989
992
967
1030
976
1034
977
1010
948
954
986
974
938
937
915
907
913
881
867
896
821
862
842
804
778
796
884
896
818
895
806
858
856
865
911
904
916
962
973
950
1003
1023
1064
1074
1052
1117
1135
1194
1249
1299
1290
1371
1286
1414
1432
1511
1531
1529
1590
1538
1586
1644
1702
1730
1722
1736
1795
1712
1784
1780
1827
1761
1781
1802
1799
1810
1675
1727
1767
1706
1717
1687
1598
1579
1457
1492
1521
1411
1409
1325
1301
1186
1249
1205
1159
1079
1016
1064
963
964
892
907
908
858
761
795
746
755
708
638
619
685
632
569
595
586
614
633
597
607
601
623
525
564
561
556
580
559
597
549
536
563
581
533
578
560
547
529
559
524
545
567
560
506
557
576
570
534
570
582
552
585
585
591
577
573
592
611
603
577
601
583
601
622
624
628
666
604
670
623
634
649
659
676
630
647
616
588
618
632
611
604
635
616
618
631
637
640
606
664
602
588
607
623
615
657
633
576
628
598
587
636
573
565
651
605
629
636
582
630
593
578
593
592
619
593
584
611
590
640
550
574
521
574
557
562
550
523
531
560
527
518
557
519
498
533
556
502
543
489
492
493
530
471
533
475
567
523
508
486
494
474
523
500
522
524
509
490
519
483
505
533
515
492
524
509
523
532
530
549
524
491
547
531
519
536
539
524
588
593
626
587
596
603
596
663
645
561
628
654
727
657
667
643
636
712
695
713
671
723
712
717
731
729
772
744
769
791
709
724
765
786
712
713
761
747
758
754
669
739
743
694
679
707
745
641
725
708
710
722
695
689
685
673
650
695
684
676
700
651
648
652
680
626
674
671
688
637
672
671
607
631
622
612
607
623
591
576
637
591
582
562
554
561
541
493
513
520
495
489
551
460
489
443
462
444
438
444
414
418
437
442
434
393
411
410
412
367
418
410
365
392
344
372
329
337
371
412
387
354
376
375
330
347
384
366
364
391
384
373
356
361
359
368
341
383
389
369
347
354
382
348
400
406
394
380
360
398
359
377
389
380
409
442
416
394
426
430
418
447
427
453
437
445
466
436
487
433
490
458
463
457
500
479
475
501
508
476
476
506
496
482
482
499
451
480
467
457
444
506
439
472
465
497
534
464
438
458
431
460
453
444
410
421
404
398
436
409
393
409
405
369
367
370
373
352
393
407
355
366
361
376
365
324
356
340
334
323
271
368
325
373
367
332
326
321
313
335
311
306
307
309
310
315
297
288
301
315
282
280
305
266
285
298
298
264
300
320
267
272
304
279
275
284
297
270
298
302
267
256
268
283
251
239
250
244
231
261
275
233
250
260
232
254
216
240
255
211
269
224
219
235
203
215
210
221
231
215
221
228
212
192
187
185
193
189
188
197
192
194
188
167
181
172
184
189
185
164
158
176
187
172
183
180
194
152
179
147
142
157
147
165
162
184
172
154
159
167
165
176
195
166
188
171
161
191
176
172
187
178
165
155
145
183
175
185
197
182
175
162
199
176
187
200
206
179
190
202
214
217
200
224
232
254
234
268
269
245
279
288
298
304
317
295
280
317
334
328
354
372
397
392
434
441
465
467
450
514
515
516
598
603
617
625
628
617
733
699
768
755
804
799
778
869
819
912
906
898
939
947
969
965
970
966
988
1025
1021
1014
1039
1042
991
1032
1022
979
974
1032
951
958
947
918
932
941
908
915
898
887
861
813
788
814
744
770
706
662
714
675
627
652
590
589
548
529
508
487
476
443
443
438
391
378
371
366
350
335
323
302
304
324
280
284
245
232
215
219
239
200
205
184
190
205
181
190
162
169
180
168
184
154
136
158
149
141
153
137
146
136
137
135
124
124
132
150
134
155
124
131
128
111
125
125
104
130
139
115
111
138
121
124
103
129
129
108
114
100
112
131
119
115
111
121
119
105
118
102
109
107
118
109
88
126
103
109
109
104
90
95
104
93
107
110
96
107
93
112
99
97
102
88
91
98
88
87
90
93
85
88
82
77
81
91
91
77
82
88
81
77
84
92
79
89
83
84
97
90
87
84
79
90
80
67
87
81
77
93
82
94
100
81
106
109
110
104
113
124
95
90
105
101
109
106
129
132
105
118
138
125
124
136
149
121
133
135
146
118
143
124
139
144
128
162
152
131
139
154
160
145
140
171
148
162
151
144
167
166
133
143
148
175
128
171
156
126
134
153
123
128
133
133
133
140
119
127
130
125
127
104
129
117
105
109
110
117
116
94
94
98
100
99
96
104
106
93
92
96
92
87
82
87
83
91
83
85
75
82
90
77
82
73
85
76
78
60
79
82
76
83
68
68
63
63
75
65
81
71
67
63
44
66
55
56
62
57
69
55
69
54
70
57
61
61
57
55
52
53
67
51
61
68
67
49
61
51
46
49
55
57
61
53
46
50
48
58
56
47
54
55
49
49
39
53
58
51
56
54
49
39
40
28
44
46
43
51
44
52
44
50
48
49
45
37
36
49
37
42
40
41
39
48
50
47
36
40
40
49
46
56
43
62
38
39
35
40
42
39
41
34
40
45
43
46
42
39
49
44
38
33
37
36
48
35
48
39
41
40
40
36
35
35
53
34
43
38
44
41
46
45
39
39
39
43
44
35
36
45
42
30
43
47
47
44
41
34
48
49
70
46
54
45
52
44
43
60
47
54
49
47
49
57
53
50
55
60
57
50
62
44
57
79
62
56
43
66
50
66
59
49
78
60
58
66
77
52
65
63
63
75
70
63
72
75
75
72
76
90
71
69
75
72
75
69
79
75
76
67
75
73
80
93
65
77
71
70
53
53
70
59
66
69
77
79
53
69
69
74
74
88
69
68
69
61
69
78
67
67
66
66
68
75
65
72
78
62
81
66
62
72
89
76
65
79
69
74
57
67
72
68
66
62
67
57
56
58
70
61
81
71
66
75
55
55
49
61
48
67
48
59
76
63
61
70
57
62
57
66
57
49
48
48
56
44
49
46
47
45
65
45
57
43
33
53
45
51
54
45
50
48
42
51
55
48
61
40
43
46
46
60
54
46
51
35
42
57
52
57
38
32
47
44
50
46
29
38
46
34
47
34
48
38
31
38
37
32
44
38
42
43
45
32
34
43
38
42
41
26
48
36
49
33
41
32
39
36
38
31
37
29
32
31
34
40
42
31
40
34
29
32
33
31
37
34
36
31
29
30
29
32
28
36
26
30
28
27
24
33
31
18
31
20
22
20
27
30
34
29
24
36
29
33
31
22
32
31
28
27
26
27
26
30
29
27
22
24
15
30
18
25
26
22
26
29
22
27
18
20
32
24
23
24
19
19
13
22
22
24
27
31
26
28
29
21
21
26
22
16
22
21
22
20
23
27
20
20
30
25
26
19
22
28
20
28
23
26
23
18
25
19
29
31
24
21
17
26
29
34
45
30
38
40
31
39
30
24
40
46
40
46
45
55
42
65
46
56
48
50
56
53
65
57
52
69
62
60
76
62
75
83
87
77
69
64
78
94
93
78
93
70
84
96
79
101
114
92
81
112
101
98
92
94
94
93
101
87
105
95
99
103
75
116
80
100
78
94
109
79
107
86
91
91
108
98
98
85
82
98
106
70
83
82
77
72
79
86
66
70
81
60
81
72
59
56
82
76
58
62
71
71
41
59
50
51
54
43
54
45
50
41
50
47
49
48
46
43
45
34
31
37
29
46
38
37
28
29
23
39
26
30
32
22
32
39
16
21
24
24
15
27
35
21
20
25
19
23
20
24
16
16
26
24
25
21
16
$ROI:
42
143 193
144 194
424 531
429 529
440 544
440 545
440 549
443 544
443 553
490 516
604 1134
679 1395
772 934
800 953
827 855
828 856
840 1946
849 1974
857 2002
872 900
880 1058
887 915
914 1083
1010 1038
1208 1258
1345 1375
1418 1448
2436 2526
3229 3279
3607 3645
6449 6521
6459 6531
6463 6535
6464 6536
6467 6539
6471 6543
6482 6526
6489 6513
6497 6521
12997 13047
12999 13049
13000 13050
