$SPEC_ID:
GAMWIN
$SPEC_REM:


$DETDESC:

$DATE_MEA:
05/30/2025 14:59:31
$MEAS_TIM:
227402.02 230237.50
$MCA_CAL:
3
1.32118272781372E+001 1.29107522964478E+000 0.00000000000000E+000
$DATA:
0 2047
0
0
0
0
0
0
0
0
0
0
0
0
0
0
0
0
0
0
0
0
0
14717
15391
16242
18366
20717
22493
23467
23521
22776
22548
21878
21642
21447
21622
21461
22295
23528
24506
26390
28588
30598
31907
32432
31984
31241
30774
30352
30759
31968
33119
34851
36747
39082
41543
43136
44968
45766
46973
47707
48274
49928
52231
56832
63057
69691
76629
82669
85133
83940
80246
73567
66387
60660
55932
52993
52235
51580
51191
50886
49533
47897
45226
42508
39437
36254
33320
31596
29931
28391
27792
27432
26905
26712
26516
26452
26078
25907
25784
25467
25550
25103
25393
25746
25857
26337
26454
26838
27327
27673
28026
28255
28463
28467
28171
27748
27728
27609
27504
27298
27474
27284
27158
27015
27032
27173
26622
27101
26887
26804
26406
26488
26321
26016
25737
25444
25183
24636
24723
24643
24072
24110
23780
23911
23694
23731
24246
24111
24702
24598
25203
25780
25927
26403
26515
26252
26812
26188
26334
25501
25641
25123
25202
24469
24378
23908
24169
24085
23942
23923
23878
23970
23718
23772
23667
23605
23652
23408
23431
23674
23352
23588
24267
24627
25874
27036
28732
30554
32897
35185
37219
39709
42140
43995
44981
46997
47422
47419
47569
46990
45220
44438
42409
40341
37958
36162
33879
31531
29622
27272
25496
23775
22568
20957
20229
19236
18746
18417
18030
17606
17566
17208
17394
17384
17359
17518
17661
17919
17920
18438
18695
19015
19467
19726
20015
20192
20343
20679
20846
21094
20871
21004
20669
21019
20829
20068
19703
19290
18975
18485
18031
17570
16937
16469
15985
15662
15093
14955
14790
14301
14418
14549
14532
14644
14866
15044
15774
15876
16316
17017
17500
18078
18779
19393
19900
20150
20758
21468
21795
22165
22431
22599
22804
22691
22899
22521
22468
22707
21825
21373
21061
20433
19865
19248
18386
17513
16794
16150
15228
14486
13709
13101
12376
11946
11320
10545
10194
9791
9525
9247
8997
8747
8485
8297
8248
8086
7893
7925
7701
7936
7797
7824
7748
7738
7823
7586
7552
7658
7410
7354
7496
7412
7435
7274
7251
7283
7210
7119
7208
7104
7128
6986
6852
6955
7131
6855
6872
6712
6864
6928
6695
6841
6759
6752
6762
6851
6653
6750
6557
6642
6815
6708
6848
6794
6767
6906
6767
6891
6748
6944
6949
6927
7065
6924
6874
6945
6825
7020
6890
6885
6665
6754
6816
6689
6701
6692
6623
6506
6723
6589
6836
6621
6620
6663
6567
6642
6656
6560
6685
6667
6685
6755
6755
6842
6786
6850
6776
6839
6949
6747
7074
6879
6910
6639
6915
6912
6681
6606
6620
6560
6314
6454
6307
6172
6130
6060
5947
6003
5952
5854
5853
5787
5645
5810
5731
5730
5818
5836
5813
6027
5921
6143
6277
6451
6431
6596
6694
6909
7100
7323
7577
7626
7928
8084
8080
8543
8842
9096
9281
9389
9562
10049
10168
10444
10797
10703
10825
11124
11232
11537
11305
11721
11818
11785
11866
12168
12101
11928
12038
12006
11928
11850
11841
11681
11535
11445
11208
11148
10990
10774
10600
10354
10023
9963
9683
9204
8876
8565
8528
8094
7917
7678
7408
7156
6853
6568
6231
6202
5891
5610
5426
5408
5175
5032
5042
4878
4649
4541
4536
4441
4335
4134
4285
4206
4124
4090
4049
4033
4056
3979
3787
3924
3982
3933
3952
3886
3821
3919
3982
3796
3778
3891
3839
3817
3890
3909
3925
3896
3959
3776
3844
3915
3894
3984
3908
3919
3947
4064
4030
4115
3964
3975
4108
4119
4106
4135
4065
4172
4179
4297
4271
4256
4177
4254
4357
4308
4468
4265
4251
4309
4300
4215
4349
4300
4229
4143
4207
4185
4217
4266
4254
4143
4248
4164
4178
4181
4261
4201
4296
4102
4277
4224
4246
4280
4217
4180
4204
4273
4257
4239
4101
4156
4247
4107
4185
4128
4124
4162
4211
4236
3922
4071
4010
4083
4043
3920
3891
3922
3964
3878
3840
3910
3761
3735
3725
3679
3747
3702
3668
3609
3569
3548
3570
3638
3565
3539
3585
3531
3675
3467
3502
3501
3525
3479
3554
3522
3504
3486
3548
3571
3442
3508
3592
3451
3520
3360
3517
3476
3445
3639
3486
3465
3493
3659
3610
3663
3616
3740
3670
3673
3610
3662
3928
3741
3910
3881
4019
3941
3985
4048
4132
4165
4244
4351
4261
4481
4477
4476
4497
4603
4564
4501
4790
4946
4813
4976
4913
4929
4991
4991
5107
4954
5101
5025
5138
5097
5182
5233
5001
5091
5093
5119
5182
5189
5089
5064
4988
4959
4964
5009
4916
4987
4811
4815
4925
4747
4808
4856
4719
4677
4810
4758
4880
4679
4747
4702
4551
4626
4645
4635
4676
4412
4630
4578
4497
4577
4582
4582
4441
4188
4371
4342
4342
4197
4051
4108
4091
4046
3964
3951
3814
3807
3615
3550
3665
3587
3410
3406
3491
3242
3246
3299
3228
3055
2975
3019
2975
2879
2829
2829
2819
2862
2742
2758
2766
2678
2668
2726
2648
2633
2699
2734
2567
2585
2424
2568
2522
2508
2502
2480
2538
2578
2504
2469
2516
2495
2496
2605
2440
2502
2587
2519
2569
2531
2651
2491
2530
2690
2639
2652
2639
2664
2640
2720
2671
2801
2791
2681
2828
2874
2816
2923
2907
2874
2992
2958
3034
3046
3075
3048
3075
3151
3114
3251
3145
3132
3169
3226
3350
3249
3280
3293
3290
3322
3271
3453
3398
3372
3352
3417
3321
3247
3216
3363
3257
3377
3357
3340
3253
3282
3174
3206
3127
3179
3125
3033
3052
2982
3136
3019
3001
2922
2974
2981
2823
2970
2892
2842
2835
2803
2728
2682
2691
2562
2610
2601
2657
2509
2563
2562
2513
2534
2475
2403
2386
2442
2432
2389
2292
2360
2267
2317
2306
2303
2257
2163
2205
2202
2284
2190
2180
2114
2144
2167
2093
2115
2044
2037
2090
2128
2014
2012
2015
2016
2021
1881
2043
1910
1949
1952
1985
1912
1899
1906
1810
1826
1859
1906
1833
1825
1748
1778
1721
1652
1750
1643
1657
1704
1753
1685
1637
1674
1590
1581
1551
1547
1584
1449
1543
1489
1485
1522
1428
1516
1442
1447
1409
1418
1364
1326
1312
1293
1346
1231
1340
1315
1308
1323
1262
1238
1194
1268
1206
1236
1250
1222
1177
1164
1185
1160
1191
1172
1072
1144
1170
1122
1119
1111
1154
1077
1141
1097
1160
1123
1151
1095
1100
1108
1152
1178
1155
1105
1202
1142
1151
1151
1199
1234
1184
1189
1161
1223
1175
1226
1272
1234
1386
1319
1336
1328
1384
1391
1430
1389
1387
1532
1488
1526
1526
1581
1566
1662
1777
1762
1892
1869
1921
1959
1997
2092
2220
2184
2315
2421
2580
2579
2644
2769
2863
3029
3111
3190
3378
3488
3604
3766
3780
4121
4249
4323
4555
4686
4776
4902
5104
5329
5436
5468
5646
5836
6066
6141
6227
6338
6451
6490
6676
6838
7010
6943
6980
7134
7289
7184
7143
7196
7095
7184
7212
7183
6995
7122
7111
7115
6941
6944
6858
6693
6589
6480
6345
6213
5931
5852
5967
5669
5459
5428
5413
5174
4964
4789
4692
4632
4455
4337
4023
3886
3788
3523
3434
3372
3134
3144
3037
2788
2742
2644
2519
2369
2389
2343
2191
2098
1944
1852
1823
1739
1630
1609
1542
1517
1534
1485
1376
1315
1298
1206
1223
1256
1178
1074
1084
1102
1068
1084
1023
1032
1079
1008
1074
943
868
942
924
922
885
944
878
915
849
891
922
893
789
846
890
841
850
853
842
837
835
814
847
832
840
837
794
785
844
804
860
813
798
795
748
823
811
772
785
803
780
762
695
747
725
720
714
745
701
715
683
707
670
710
685
678
661
706
639
654
659
630
628
619
604
626
603
617
617
660
581
587
591
599
541
621
597
574
554
548
553
597
551
571
576
565
599
576
616
585
628
586
577
608
601
642
675
633
635
620
648
666
687
649
655
699
703
727
747
745
701
743
758
749
799
805
782
825
847
788
810
857
855
881
860
890
924
865
868
954
916
972
946
960
994
1005
998
967
1025
969
1013
1038
947
981
1047
972
1000
976
953
1024
958
954
975
897
968
983
976
946
878
916
899
904
870
806
905
851
851
812
826
744
781
825
781
772
753
751
693
725
730
658
687
687
658
634
664
700
631
642
633
636
624
591
533
564
574
565
527
573
519
544
544
529
491
506
528
516
476
531
527
488
488
441
413
494
471
465
431
460
430
451
448
445
403
456
458
422
413
464
434
433
381
428
424
429
419
383
377
396
365
378
415
382
399
391
387
380
342
399
388
366
364
349
340
346
340
364
357
373
349
343
350
346
349
364
320
344
334
346
341
351
334
305
298
328
328
320
292
341
305
304
303
274
281
301
305
300
296
323
292
324
304
306
304
266
306
273
285
270
319
316
281
282
297
298
308
287
268
266
251
308
290
293
288
310
276
286
285
263
247
293
273
280
263
245
246
246
295
293
289
256
266
282
244
278
272
276
322
267
280
308
292
274
300
271
280
305
292
294
293
309
309
295
289
290
297
340
313
312
321
317
314
330
328
322
321
353
328
362
347
317
390
356
388
363
348
389
382
385
409
387
408
434
420
439
411
421
414
411
482
400
424
422
487
430
483
449
465
442
446
457
440
469
458
451
480
483
486
474
492
461
517
519
475
504
514
510
498
495
471
487
507
506
461
482
501
490
482
498
488
445
470
499
448
481
454
436
462
494
453
439
517
440
446
447
442
462
477
473
450
457
466
406
448
447
455
474
464
481
459
458
411
449
434
455
416
445
454
409
413
413
461
448
466
450
444
475
428
448
416
454
424
394
406
374
420
415
423
422
420
420
389
391
405
375
392
336
401
366
347
375
380
412
381
338
344
367
363
327
344
330
340
347
339
348
330
373
338
314
361
309
320
299
302
330
353
310
380
320
321
332
332
286
286
331
342
322
307
314
294
321
325
268
296
264
281
263
287
291
274
319
304
293
291
270
250
295
257
242
284
283
278
267
252
283
261
269
241
256
297
267
260
247
265
252
258
249
246
235
235
217
227
220
232
236
225
209
231
254
240
232
214
225
213
175
228
199
219
242
245
205
216
187
211
212
196
183
203
214
212
190
194
207
203
203
215
180
181
194
229
192
214
192
180
199
198
222
186
201
193
205
195
225
192
187
186
201
178
177
182
189
178
173
195
165
171
196
172
167
181
152
176
191
175
175
158
184
181
199
178
160
168
162
162
173
177
189
151
167
159
162
157
166
165
154
168
161
156
170
150
184
170
160
185
183
175
174
154
200
191
180
191
221
172
214
180
238
215
217
209
240
239
242
241
260
260
232
294
306
311
314
291
338
288
339
357
352
361
377
363
372
378
395
445
399
407
421
441
489
479
475
514
539
554
537
569
562
570
561
522
557
600
607
658
610
657
633
586
653
672
658
680
671
637
667
687
675
685
651
666
637
642
705
677
667
693
665
675
660
665
639
610
626
665
650
623
594
602
593
593
566
572
583
544
573
573
517
502
513
543
514
481
474
453
483
473
416
414
405
415
421
398
396
406
351
359
341
321
349
286
362
287
288
305
299
287
284
294
264
286
290
246
205
232
253
227
221
209
221
196
207
216
205
198
211
201
170
175
190
181
142
172
137
166
146
148
151
143
168
157
145
141
133
140
138
132
129
$ROI:
42
143 193
144 194
424 531
429 529
440 544
440 545
440 549
443 544
443 553
490 516
604 1134
679 1395
772 934
800 953
827 855
828 856
840 1946
849 1974
857 2002
872 900
880 1058
887 915
914 1083
1010 1038
1208 1258
1345 1375
1418 1448
2436 2526
3229 3279
3607 3645
6449 6521
6459 6531
6463 6535
6464 6536
6467 6539
6471 6543
6482 6526
6489 6513
6497 6521
12997 13047
12999 13049
13000 13050
