$SPEC_ID:
GAMWIN
$SPEC_REM:


$DETDESC:

$DATE_MEA:
05/26/2025 07:17:54
$MEAS_TIM:
27523.95 27906.20
$MCA_CAL:
3
1.32118272781372E+001 1.29107522964478E+000 0.00000000000000E+000
$DATA:
0 2047
0
0
0
0
0
0
0
0
0
0
0
0
0
0
0
0
0
0
0
0
0
2255
2309
2574
2880
3171
3653
3892
3957
3886
3749
3570
3548
3340
3352
3417
3408
3595
3720
4040
4499
4817
5064
5174
5240
5071
5031
4968
5092
5273
5428
5894
6229
6485
6884
7220
7528
7713
7890
8311
8150
8394
9103
9708
10712
11954
13456
14172
14701
14756
13847
12801
11927
10574
9947
9393
9176
9124
9307
9163
9098
8795
8252
7739
7236
6708
6223
5799
5591
5271
5235
5121
5119
5146
4858
4939
4925
4897
4804
4734
4879
4868
4923
4780
4857
4846
4927
5173
5176
5143
5313
5280
5320
5263
5291
5329
5205
5257
5198
5187
5089
5095
4914
5057
4994
4874
4848
4959
5029
4926
4932
4921
4812
4853
4695
4630
4637
4704
4551
4520
4513
4459
4471
4394
4332
4428
4350
4452
4449
4571
4481
4670
4538
4672
4772
4583
4766
4783
4726
4562
4559
4581
4549
4391
4379
4413
4390
4419
4444
4469
4382
4369
4450
4396
4461
4409
4284
4396
4377
4386
4417
4336
4448
4646
4774
5008
5407
5737
6014
6559
6896
7394
7747
8146
8343
8632
8918
8904
8919
8618
8473
8266
7844
7504
7226
6751
6224
5766
5412
5005
4663
4446
4068
3970
3586
3458
3307
3341
3121
3151
3195
3091
3153
3119
3171
3113
3090
3120
3302
3075
3254
3212
3398
3313
3512
3483
3440
3437
3488
3538
3464
3513
3441
3478
3457
3300
3193
3237
3242
3227
3040
2956
2858
2787
2735
2697
2596
2662
2522
2526
2522
2698
2580
2585
2598
2701
2725
2737
2840
2911
3008
3047
3347
3245
3365
3422
3507
3528
3626
3647
3686
3850
3687
3852
3788
3717
3668
3552
3552
3412
3306
3214
3230
3129
2972
2893
2844
2684
2480
2262
2341
2186
2092
1939
1873
1839
1721
1684
1608
1563
1502
1507
1435
1441
1485
1372
1411
1377
1431
1343
1348
1411
1300
1315
1341
1413
1275
1318
1323
1288
1292
1314
1340
1289
1286
1250
1293
1268
1292
1271
1243
1224
1243
1287
1168
1195
1139
1199
1204
1263
1150
1123
1215
1203
1238
1167
1188
1199
1192
1173
1241
1243
1205
1215
1234
1229
1179
1201
1247
1257
1213
1252
1225
1140
1194
1238
1228
1159
1189
1197
1157
1156
1181
1122
1232
1145
1157
1180
1085
1170
1127
1180
1177
1151
1166
1172
1169
1124
1204
1172
1192
1240
1158
1222
1217
1247
1200
1237
1236
1266
1210
1262
1253
1164
1219
1162
1132
1163
1113
1183
1146
1057
1136
1070
1092
1087
1072
1011
965
1004
1059
976
992
982
1061
1057
1037
1079
1082
1062
1056
1092
1085
1145
1114
1175
1202
1171
1274
1308
1322
1339
1414
1416
1464
1512
1511
1639
1648
1714
1701
1697
1734
1890
1855
1875
1920
1918
1954
1912
2016
2022
2095
2004
2016
2042
2163
2087
2000
2017
1996
1954
1977
1910
1970
1914
1825
1816
1691
1746
1672
1669
1679
1615
1595
1493
1474
1385
1316
1298
1297
1218
1185
1153
1096
1096
1043
936
975
918
860
900
894
847
796
775
782
741
737
714
757
708
737
698
726
657
684
649
660
657
671
643
675
665
673
668
626
711
685
687
658
674
646
668
621
657
662
648
676
631
664
654
668
702
714
711
670
684
680
697
719
717
685
724
712
753
705
676
712
727
798
734
689
726
710
709
767
734
741
730
756
748
756
710
703
752
723
756
729
723
730
748
746
700
770
764
724
669
738
722
727
701
710
673
700
728
710
761
672
735
683
755
716
697
717
674
676
689
701
708
699
685
680
641
627
696
680
642
680
689
652
643
620
629
662
587
615
681
583
630
602
593
593
598
599
598
616
625
578
602
563
598
570
605
596
606
558
599
610
610
600
611
595
587
566
654
609
601
599
601
647
647
588
603
632
620
654
608
624
653
605
640
659
657
653
678
697
720
738
710
702
744
783
744
729
778
804
784
840
838
816
864
864
853
875
910
833
912
920
941
905
900
902
932
941
878
956
933
930
942
971
933
948
945
896
977
893
886
921
883
884
860
874
887
860
899
840
916
855
857
840
839
840
818
830
840
882
791
865
839
811
830
888
758
746
801
818
821
797
810
763
775
753
687
779
689
722
693
659
664
652
673
678
672
626
620
609
633
577
615
535
583
498
534
504
519
477
513
500
453
490
465
451
486
485
478
425
433
447
461
454
419
457
441
438
418
460
425
416
417
440
420
411
400
424
424
388
434
410
436
428
441
424
386
438
436
405
434
445
435
464
392
478
442
469
477
449
487
471
457
473
447
482
471
457
469
518
468
519
506
519
546
492
492
508
512
544
504
529
552
554
524
589
543
520
541
592
530
550
535
539
550
576
511
570
532
557
520
505
544
528
497
536
484
514
466
500
478
505
501
545
474
455
489
458
444
450
411
428
423
459
423
441
454
459
443
419
427
394
415
376
411
402
398
381
390
364
395
337
393
395
387
359
350
359
375
363
357
318
385
409
350
362
330
339
370
329
332
350
310
334
335
335
323
325
316
345
263
296
306
323
300
329
317
309
268
299
333
308
330
288
287
272
282
293
276
281
270
259
284
257
265
266
250
274
276
253
222
251
252
249
260
241
271
232
245
244
230
238
211
220
210
182
217
230
221
219
205
208
193
208
207
209
195
185
197
206
185
190
214
206
184
197
179
180
201
199
194
185
194
160
185
171
195
185
187
193
179
177
192
187
190
209
203
192
183
181
190
184
193
183
168
194
198
190
190
226
212
236
220
226
210
236
242
248
221
257
238
260
249
261
281
270
292
267
285
299
321
313
330
326
358
386
398
403
381
434
453
444
460
482
496
579
552
597
613
622
670
722
664
746
791
767
820
769
822
888
924
903
951
937
992
1076
1052
1078
1067
1115
1197
1097
1077
1117
1134
1189
1210
1223
1193
1184
1216
1193
1224
1195
1228
1192
1224
1200
1153
1125
1142
1151
1086
1066
1111
1015
988
971
971
983
855
940
844
890
865
790
747
781
696
690
677
635
600
600
595
552
495
555
483
484
464
438
431
411
379
398
350
343
315
310
290
295
283
285
243
238
232
213
221
198
202
202
218
196
183
205
189
184
207
185
177
176
180
176
137
155
165
159
178
151
145
160
149
172
126
147
145
132
141
152
160
151
176
177
156
151
140
161
158
161
153
156
151
157
147
132
148
140
157
144
126
128
142
138
125
131
134
118
112
124
114
144
149
123
123
145
124
133
137
113
116
115
119
111
109
127
104
101
112
111
111
115
120
103
107
119
89
91
100
113
95
90
98
106
107
94
88
104
110
91
96
92
86
98
124
96
96
99
122
95
96
107
106
101
103
102
109
98
110
108
128
112
125
130
117
123
122
120
135
102
113
129
137
119
127
111
159
154
116
129
144
135
134
149
126
157
150
152
134
163
149
163
151
149
129
180
145
149
181
165
151
157
142
141
147
144
142
141
144
130
143
115
147
158
130
138
138
123
128
118
143
140
139
120
130
111
105
108
108
122
121
100
115
101
99
121
112
104
102
105
117
119
119
103
70
92
112
79
111
88
89
95
82
83
97
84
93
79
77
95
98
89
91
86
75
67
81
77
78
62
81
71
75
70
64
67
74
69
78
72
80
73
86
64
88
59
59
75
76
61
68
69
72
58
76
61
64
55
56
60
77
63
60
57
73
63
67
51
51
78
54
60
61
59
60
65
70
54
55
71
56
68
57
49
54
56
56
51
58
54
51
48
49
52
73
62
50
52
52
35
57
56
50
49
60
45
54
59
52
46
48
51
47
51
60
45
52
36
48
56
44
46
46
49
61
46
35
48
54
51
56
45
40
46
63
40
40
45
48
49
32
57
37
48
48
54
53
41
51
49
56
43
49
50
44
32
55
48
46
64
57
54
45
50
46
57
58
47
55
45
60
68
45
52
48
63
57
58
57
60
73
53
62
63
62
82
63
50
52
53
66
65
71
62
61
84
58
87
63
78
75
74
85
77
80
84
87
76
81
79
72
73
87
71
91
82
89
70
73
73
93
85
83
84
86
95
84
83
71
91
75
84
87
89
87
99
87
87
80
70
90
92
68
76
91
70
82
83
77
74
75
91
64
82
102
92
83
83
74
64
88
90
74
69
80
88
77
79
87
72
73
69
70
68
64
84
71
83
64
78
76
73
88
80
74
86
90
64
69
82
81
86
52
82
59
71
70
72
65
74
73
48
64
72
62
67
51
66
72
55
60
75
88
67
62
73
60
76
56
64
43
71
63
64
76
62
59
79
55
56
51
61
55
73
61
56
74
39
53
51
51
65
67
53
48
67
54
49
44
57
55
51
57
56
49
45
65
36
51
73
56
46
53
48
56
48
49
51
58
52
44
46
58
37
40
50
43
54
39
47
52
45
47
38
44
46
41
39
41
54
55
60
42
42
50
45
40
42
49
35
40
44
43
35
48
45
44
37
40
43
29
39
43
39
42
41
41
25
40
30
47
42
40
38
31
43
42
40
31
39
31
29
26
38
29
38
35
35
30
35
31
24
32
37
34
33
26
30
27
36
32
36
33
35
36
35
38
32
37
29
34
28
38
27
32
19
26
29
20
31
23
26
35
26
30
36
40
19
31
25
28
26
31
29
23
39
32
24
29
24
21
26
28
26
23
29
32
35
34
24
30
28
28
40
28
33
35
34
33
36
34
44
36
31
36
44
53
49
53
46
49
45
45
47
46
48
53
49
57
54
61
64
73
65
74
60
87
89
74
87
82
85
73
76
98
92
98
96
73
99
97
105
114
122
107
116
121
104
120
100
112
108
108
126
131
143
127
130
131
131
128
136
150
134
147
129
142
128
115
129
132
118
121
114
125
127
120
113
126
119
116
137
125
116
119
129
97
114
107
117
106
102
112
99
97
96
89
86
99
88
96
85
75
83
85
83
92
72
72
66
57
54
58
80
63
55
71
57
59
46
47
43
62
60
55
53
49
58
48
44
41
60
30
56
41
43
35
38
42
14
41
28
38
26
28
39
36
44
30
34
34
24
29
34
26
22
23
22
25
19
21
$ROI:
42
143 193
144 194
424 531
429 529
440 544
440 545
440 549
443 544
443 553
490 516
604 1134
679 1395
772 934
800 953
827 855
828 856
840 1946
849 1974
857 2002
872 900
880 1058
887 915
914 1083
1010 1038
1208 1258
1345 1375
1418 1448
2436 2526
3229 3279
3607 3645
6449 6521
6459 6531
6463 6535
6464 6536
6467 6539
6471 6543
6482 6526
6489 6513
6497 6521
12997 13047
12999 13049
13000 13050
