$SPEC_ID:
GAMWIN
$SPEC_REM:


$DETDESC:

$DATE_MEA:
05/16/2025 07:53:03
$MEAS_TIM:
20919.45 21159.88
$MCA_CAL:
3
1.32118272781372E+001 1.29107522964478E+000 0.00000000000000E+000
$DATA:
0 2047
0
0
0
0
0
0
0
0
0
0
0
0
0
0
0
0
0
0
0
0
0
1141
1139
1251
1438
1563
1867
1970
2017
1884
1778
1799
1738
1742
1669
1761
1729
1933
2059
2049
2327
2516
2584
2676
2593
2481
2496
2443
2629
2583
2734
2817
3019
3217
3422
3510
3602
3748
3784
3818
3894
3887
4147
4537
5098
5545
6272
6421
6561
6483
6025
5731
5206
4675
4227
4174
4075
3986
4059
3924
3790
3656
3496
3185
2955
2823
2675
2473
2372
2205
2117
2074
2106
2095
2056
2093
2028
2107
2092
1950
2098
2027
1994
2023
2010
1970
2154
2066
2186
2220
2180
2226
2223
2215
2200
2040
2159
2170
2095
2126
2162
2081
2078
2135
2163
2113
2009
2115
2086
2153
2099
2036
2006
2002
1967
2025
1999
1888
1924
1943
1836
1880
1897
1945
1874
1879
1841
1903
1993
1979
2028
2026
2079
2040
2022
2126
2083
2150
2051
2043
1973
1967
2010
1871
1832
1813
1887
1964
1877
1879
1894
1949
1886
1860
1889
1900
1764
1794
1823
1890
1795
1921
1956
1966
2077
2100
2362
2382
2645
2764
3029
3104
3427
3549
3603
3704
3737
3746
3688
3582
3536
3360
3197
3177
2918
2697
2509
2393
2213
2049
1946
1847
1705
1627
1547
1517
1470
1438
1422
1417
1420
1366
1335
1346
1347
1355
1388
1432
1435
1389
1554
1482
1552
1648
1564
1602
1641
1588
1636
1622
1661
1648
1713
1630
1689
1548
1554
1566
1490
1506
1352
1412
1319
1252
1251
1223
1176
1265
1168
1175
1044
1131
1188
1210
1221
1162
1256
1307
1324
1346
1412
1387
1501
1549
1707
1578
1672
1666
1671
1801
1739
1793
1818
1841
1801
1764
1853
1701
1661
1774
1617
1575
1507
1470
1370
1399
1343
1241
1140
1132
1049
990
955
861
904
862
842
766
795
744
720
689
736
660
660
653
630
657
625
616
617
606
634
648
658
646
673
588
583
606
605
557
619
620
584
610
588
602
595
583
574
562
581
578
593
577
568
528
545
579
560
572
545
579
550
529
562
541
543
561
555
534
538
585
559
580
563
551
517
554
550
518
545
568
547
534
551
534
579
567
549
527
547
562
602
563
566
497
519
596
546
531
532
503
559
513
584
533
564
569
550
546
564
530
557
545
575
556
557
594
531
529
536
584
547
539
542
558
513
517
516
509
525
493
524
471
458
499
491
455
458
465
461
459
474
502
482
521
497
492
490
512
507
522
519
544
557
562
574
586
608
617
666
644
674
677
751
729
744
811
766
801
832
852
864
863
890
877
872
941
924
945
975
982
947
984
960
984
990
949
936
949
912
881
912
942
903
860
827
812
791
820
737
807
752
701
672
644
651
606
654
589
545
551
496
519
498
517
440
414
481
395
389
389
405
361
361
371
367
350
359
332
366
318
359
364
331
326
305
323
321
334
333
316
305
351
325
306
307
297
326
330
316
311
318
339
327
321
327
328
308
302
344
318
320
322
313
313
339
339
361
324
308
376
362
331
333
370
351
333
367
368
332
344
344
367
370
383
339
365
312
361
380
324
305
359
338
351
380
345
334
371
350
376
344
360
335
344
355
322
291
311
365
352
362
326
339
345
346
294
361
317
326
338
340
356
342
347
356
348
319
338
305
304
312
323
289
307
320
328
273
303
328
304
331
316
292
300
301
299
297
323
289
261
302
320
307
279
293
297
276
303
287
255
278
274
302
280
246
298
325
270
293
318
298
298
295
315
271
283
292
315
314
313
304
290
286
300
280
290
310
305
315
300
316
339
342
372
339
310
347
356
350
355
361
400
346
402
348
386
400
420
363
396
374
381
406
424
422
427
389
394
431
432
457
425
380
364
420
420
441
418
393
445
404
418
396
394
371
389
385
350
358
417
371
408
399
379
413
353
404
358
374
387
409
373
346
339
419
373
370
365
386
357
402
382
325
364
341
348
324
328
314
368
304
352
331
321
304
321
279
288
326
299
273
302
261
275
282
253
280
270
267
254
239
243
239
240
248
207
248
210
211
223
258
230
236
207
208
218
221
213
191
221
207
207
221
200
250
202
214
209
208
201
207
212
232
234
202
214
226
194
240
195
204
232
250
214
241
232
215
247
245
234
239
237
230
236
245
231
255
261
256
274
248
266
265
251
272
264
271
251
266
280
284
293
279
276
272
278
259
298
296
272
239
293
276
300
283
287
297
302
268
297
321
253
290
264
265
288
283
263
281
231
278
250
261
225
255
264
255
245
232
233
253
249
250
238
234
221
258
227
214
217
220
238
205
224
222
199
202
199
195
194
197
218
208
200
199
191
188
200
210
191
211
194
176
165
213
184
172
183
176
191
174
165
161
165
183
174
166
188
170
173
170
165
198
188
161
162
160
144
189
147
156
135
165
164
140
144
141
149
146
131
154
143
143
121
141
123
141
142
141
121
148
115
121
137
138
144
124
120
133
118
111
106
123
107
108
103
112
123
89
110
114
116
98
108
116
102
108
102
126
106
97
92
90
110
113
103
103
86
95
99
96
91
100
92
99
92
94
99
104
84
73
94
107
81
101
86
93
106
96
91
89
102
90
98
99
100
119
107
100
119
113
117
107
118
108
136
129
112
132
131
115
147
143
128
133
148
153
171
193
178
177
170
168
199
207
180
231
231
217
269
213
278
276
279
299
297
308
332
365
365
385
376
409
391
397
409
410
487
503
492
553
554
539
524
534
546
594
618
582
543
642
586
636
674
614
689
626
648
644
625
689
629
663
687
646
598
581
637
583
606
594
565
525
584
579
572
527
536
541
486
458
466
449
446
453
403
431
379
351
359
369
351
326
305
290
236
285
230
226
252
224
240
164
203
183
211
173
180
153
159
156
136
129
152
135
125
103
131
113
104
107
109
96
79
100
94
94
87
98
90
81
82
80
72
71
78
61
66
84
82
79
83
66
72
66
70
75
68
67
74
72
67
51
73
80
92
65
71
82
58
65
67
74
59
74
70
68
73
64
47
64
62
43
57
61
69
51
66
60
61
69
49
51
66
60
54
52
43
64
51
49
42
46
55
40
42
47
48
62
52
50
46
50
46
52
36
46
52
47
42
43
48
46
50
54
56
44
44
48
45
49
50
57
39
50
38
63
54
49
40
55
42
51
70
59
58
56
47
47
58
48
55
53
69
70
58
53
57
62
67
59
57
48
69
66
64
67
55
73
62
80
78
62
86
64
85
81
84
73
61
71
69
100
74
75
78
92
71
83
78
70
73
70
90
78
80
67
100
74
70
76
77
74
81
78
82
56
58
77
70
75
62
68
59
63
63
53
61
57
36
61
46
42
51
45
61
64
54
40
45
43
53
45
59
42
43
47
35
40
41
43
40
47
39
40
39
40
40
29
37
43
31
29
35
26
34
33
33
39
40
47
25
31
40
37
37
41
33
38
23
33
33
29
33
26
30
34
32
33
34
34
37
30
31
30
24
26
23
32
29
42
33
27
28
23
24
22
30
23
28
34
35
36
26
31
27
26
34
36
29
35
26
27
23
26
21
19
36
22
20
32
22
26
23
21
32
41
27
27
20
26
30
23
23
23
28
19
21
27
24
25
25
22
28
18
19
21
30
36
23
18
26
25
21
15
27
27
22
25
30
21
24
20
19
23
21
13
19
15
29
28
23
25
25
19
23
18
17
18
25
22
20
24
23
19
25
22
31
28
29
24
24
25
30
22
24
23
30
24
29
37
14
15
27
17
22
25
30
23
29
20
25
31
29
24
32
27
35
19
30
25
43
26
37
37
19
29
33
40
28
34
38
38
34
35
32
25
40
33
42
42
35
33
42
38
31
30
39
32
38
37
42
32
39
46
42
36
39
40
29
52
48
44
41
20
39
30
41
41
44
47
53
29
32
34
37
39
40
28
36
33
49
36
43
38
51
32
29
36
38
40
25
41
28
37
37
40
32
32
42
36
37
32
43
31
46
35
33
40
34
30
42
38
37
35
41
24
26
34
28
40
27
25
33
45
31
43
26
30
33
35
28
32
38
30
32
32
30
31
30
32
42
31
24
24
39
30
37
28
37
22
28
27
24
28
36
25
32
34
28
19
27
34
33
21
15
30
27
21
29
31
19
35
30
17
32
35
24
27
17
25
12
23
29
27
19
30
30
31
20
18
24
33
19
20
18
23
16
23
21
17
26
18
26
33
14
18
27
23
23
21
21
18
19
17
19
21
14
24
22
23
16
26
23
21
20
26
17
20
19
22
10
18
23
25
14
17
14
19
13
13
17
13
17
14
19
15
23
13
17
15
15
17
17
21
19
14
16
22
17
16
25
18
14
14
13
9
13
24
17
17
15
13
19
12
18
8
15
15
15
15
14
18
21
11
18
19
13
17
15
19
13
11
24
19
15
13
19
15
12
14
11
17
22
8
15
10
13
12
12
22
15
12
12
14
12
6
14
16
20
8
11
11
14
11
16
21
9
9
15
8
13
13
17
20
12
13
19
18
19
19
21
17
16
15
17
24
22
25
22
22
24
24
22
24
25
29
27
24
14
33
28
27
25
52
26
26
42
28
29
40
32
38
38
33
35
39
36
31
46
42
41
51
47
60
38
44
48
45
60
41
64
56
54
43
50
51
57
57
48
48
53
62
47
56
53
45
60
43
51
54
41
47
52
54
38
46
38
53
53
46
54
40
48
46
40
42
35
32
43
42
36
33
34
28
38
42
36
44
35
38
33
31
38
42
21
33
35
24
22
28
23
18
22
26
31
18
31
21
31
28
21
18
19
19
25
17
20
23
15
20
18
19
12
15
13
17
14
16
16
7
11
15
11
12
15
17
10
8
13
9
9
9
10
13
3
12
13
13
8
8
13
9
13
$ROI:
42
143 193
144 194
424 531
429 529
440 544
440 545
440 549
443 544
443 553
490 516
604 1134
679 1395
772 934
800 953
827 855
828 856
840 1946
849 1974
857 2002
872 900
880 1058
887 915
914 1083
1010 1038
1208 1258
1345 1375
1418 1448
2436 2526
3229 3279
3607 3645
6449 6521
6459 6531
6463 6535
6464 6536
6467 6539
6471 6543
6482 6526
6489 6513
6497 6521
12997 13047
12999 13049
13000 13050
