$SPEC_ID:
GAMWIN
$SPEC_REM:


$DETDESC:

$DATE_MEA:
05/19/2025 07:41:23
$MEAS_TIM:
27020.99 27331.40
$MCA_CAL:
3
1.32118272781372E+001 1.29107522964478E+000 0.00000000000000E+000
$DATA:
0 2047
0
0
0
0
0
0
0
0
0
0
0
0
0
0
0
0
0
0
0
0
0
1437
1516
1646
1961
2042
2431
2484
2552
2517
2420
2255
2290
2290
2204
2173
2267
2393
2751
2835
3109
3455
3513
3536
3417
3453
3315
3324
3312
3565
3592
3990
4153
4437
4625
4868
5049
5082
5202
5390
5320
5435
5828
6111
6853
7627
8330
8784
9075
9154
8363
7798
7149
6439
5933
5606
5508
5466
5510
5578
5372
5205
4869
4490
4173
3764
3529
3258
3066
2961
2963
2798
2718
2708
2736
2712
2725
2636
2665
2630
2595
2606
2541
2640
2683
2633
2730
2827
2854
2799
2906
2963
2890
3025
2916
2870
2881
2949
2771
2747
2880
2750
2787
2831
2712
2826
2741
2805
2744
2746
2705
2751
2634
2708
2517
2576
2584
2561
2497
2536
2508
2550
2425
2438
2445
2521
2463
2517
2562
2602
2621
2707
2697
2723
2808
2744
2762
2818
2751
2670
2564
2607
2541
2421
2611
2438
2400
2592
2460
2405
2428
2383
2420
2386
2400
2317
2466
2411
2384
2295
2381
2423
2424
2532
2706
2874
3002
3223
3479
3747
3927
4119
4416
4589
4741
4838
5032
4994
4953
4864
4821
4476
4496
4089
3884
3741
3419
3190
3038
2746
2588
2409
2166
2143
1975
1967
1921
1818
1852
1784
1782
1753
1845
1747
1802
1818
1829
1799
1893
1846
1919
1917
2010
2003
2028
2061
2081
2170
2174
2148
2086
2124
2083
2097
2145
1975
2040
2074
1880
1905
1855
1775
1653
1763
1558
1610
1595
1485
1491
1519
1478
1430
1539
1463
1513
1614
1652
1735
1737
1790
1799
1983
1983
1995
2074
2114
2134
2291
2231
2346
2353
2333
2375
2312
2288
2424
2347
2267
2394
2222
2118
2131
2071
1960
1854
1764
1745
1625
1623
1453
1383
1303
1210
1192
1134
1019
1028
959
998
864
908
874
864
849
798
796
770
775
789
825
772
777
809
763
810
757
730
757
745
714
742
724
744
714
724
743
736
701
719
735
683
698
690
687
699
702
663
658
757
688
665
658
670
664
665
694
664
645
677
709
690
638
723
763
669
700
705
649
689
687
694
650
661
679
686
691
665
684
629
702
647
713
652
681
698
686
662
692
701
651
707
698
692
665
676
676
667
675
698
676
678
684
658
714
688
755
678
713
700
720
705
716
712
693
676
691
701
633
647
667
675
643
628
624
634
594
592
576
581
582
585
578
571
599
580
622
563
603
573
606
666
607
654
638
676
665
663
742
759
749
811
811
769
864
884
897
954
882
945
994
1062
1078
1134
1058
1121
1173
1181
1200
1204
1097
1217
1243
1225
1224
1209
1253
1236
1204
1245
1270
1229
1226
1216
1224
1180
1205
1140
1126
1136
1046
1084
1043
1012
991
943
935
945
863
879
815
775
794
709
723
670
657
633
587
573
604
576
546
488
510
490
496
458
465
435
427
392
427
373
383
431
422
392
383
404
422
373
384
382
409
413
396
384
367
378
392
391
401
432
401
386
380
365
371
384
395
406
385
403
361
379
412
408
418
393
411
424
405
416
393
407
430
438
427
433
418
437
401
405
412
430
431
438
445
417
453
419
454
412
390
446
421
445
418
418
423
394
455
448
419
400
428
441
406
420
426
437
417
431
414
423
435
405
409
432
450
453
435
447
396
422
435
395
413
427
422
406
421
401
384
387
396
418
374
375
382
369
411
356
366
361
372
376
389
347
350
369
381
372
391
338
328
350
325
357
349
322
362
365
317
352
358
313
360
333
334
371
326
339
347
361
342
385
358
387
346
344
340
354
347
344
370
344
396
408
365
368
353
395
388
360
382
408
394
407
418
435
429
439
462
450
450
454
457
471
499
436
488
491
458
502
497
526
441
502
525
554
469
496
493
563
542
520
515
504
475
517
483
508
536
483
537
497
482
512
537
432
487
494
491
456
524
458
493
506
450
499
460
468
461
452
446
502
475
484
447
436
476
446
450
443
438
452
410
457
439
418
450
380
448
404
372
357
355
339
377
370
349
358
347
358
385
338
335
301
316
302
313
315
270
265
295
262
277
258
273
240
269
268
258
257
234
289
243
246
238
262
240
240
242
249
228
216
222
214
246
199
205
221
256
255
270
243
233
251
243
261
222
250
269
258
286
241
263
263
226
267
255
261
253
256
281
251
269
249
287
246
267
286
272
260
302
321
268
246
319
282
278
312
306
313
308
311
276
298
309
318
302
327
332
304
324
321
325
310
287
270
314
319
273
278
332
332
296
330
287
318
291
290
308
264
291
278
298
285
268
255
280
260
276
271
253
241
235
225
235
241
260
233
250
244
208
186
236
257
238
234
208
203
232
240
216
195
207
196
203
180
208
221
209
177
183
209
213
195
192
203
195
199
188
212
175
201
197
200
164
185
167
176
185
187
196
174
179
209
164
179
166
181
146
186
147
170
193
189
179
167
172
161
163
141
160
174
154
156
147
146
178
165
159
137
144
147
174
134
145
139
136
147
133
150
119
150
137
137
135
132
134
152
138
125
130
115
128
120
112
121
124
128
127
121
97
121
110
116
115
100
105
123
110
119
119
98
119
104
104
99
120
118
112
105
120
120
102
120
116
113
98
114
119
108
125
123
127
135
135
132
109
117
110
122
134
120
142
138
140
158
148
133
140
133
138
144
169
170
135
155
155
180
166
163
176
183
190
162
192
206
198
207
214
247
265
186
234
240
275
252
282
276
305
329
319
336
294
369
373
375
350
366
419
426
413
437
468
487
483
484
505
487
496
528
499
523
571
525
570
570
545
576
544
549
563
566
572
531
537
570
537
564
560
544
528
484
497
501
555
436
454
440
452
443
416
445
405
396
355
376
388
348
331
328
302
288
268
305
306
259
261
258
222
217
215
235
249
184
212
174
172
171
142
157
150
149
160
143
142
131
155
136
128
114
120
115
114
114
98
129
101
122
118
108
94
106
96
104
95
107
114
101
116
110
110
96
85
88
102
84
75
92
101
82
92
99
85
92
106
78
99
87
112
94
77
86
85
91
100
84
96
97
74
97
69
91
80
100
64
89
81
83
90
75
77
82
78
81
60
73
72
73
69
73
84
72
78
90
73
66
72
49
86
59
59
64
62
53
62
68
56
63
66
57
69
51
65
74
58
74
63
51
57
53
55
55
53
57
62
75
66
51
64
52
75
73
79
76
55
77
73
81
77
66
68
65
83
77
87
94
73
84
77
93
88
76
70
100
94
91
92
80
95
97
104
112
99
84
86
116
117
105
110
106
87
119
93
112
111
109
90
85
107
111
93
115
115
102
122
103
110
101
113
109
110
110
80
93
85
97
117
99
100
92
83
87
103
99
83
78
78
84
87
94
74
62
71
85
66
52
74
59
70
78
64
75
71
66
64
73
61
71
74
64
59
71
58
62
53
40
52
57
65
48
59
59
51
63
65
52
57
43
46
54
55
48
53
48
44
49
56
36
37
48
39
48
42
51
51
54
51
42
35
38
47
36
50
40
33
40
42
45
49
37
44
28
48
38
44
38
48
38
32
36
39
38
38
36
40
41
32
40
28
32
36
28
33
32
46
33
35
42
38
38
33
41
33
26
36
30
30
25
37
30
29
44
36
26
27
30
38
36
28
35
37
22
30
20
42
28
37
32
31
29
34
36
33
35
38
34
34
32
28
29
26
32
32
20
31
30
36
37
27
31
33
30
31
35
28
21
32
38
25
26
27
32
23
30
37
34
41
23
34
31
25
33
40
32
35
37
33
42
27
33
37
52
34
29
36
35
35
54
44
31
34
23
39
46
38
44
45
39
49
44
41
40
48
53
39
47
41
35
50
35
57
42
46
57
53
59
43
53
42
51
52
61
50
48
46
53
50
54
52
62
53
50
64
51
56
47
53
55
57
50
53
43
43
61
46
45
42
52
47
44
45
53
60
36
40
44
57
50
49
37
50
57
47
46
72
49
39
43
40
60
49
50
59
52
46
54
46
44
45
67
60
42
47
54
60
43
42
40
62
39
42
46
44
37
34
42
54
41
45
46
45
52
51
41
53
61
50
44
50
49
34
39
52
56
37
36
42
46
37
40
40
40
32
49
26
28
37
39
48
43
26
39
34
34
33
30
40
48
41
55
35
35
42
40
38
32
27
34
38
34
40
47
33
36
29
40
22
36
28
37
40
37
31
34
35
39
33
33
23
34
32
27
14
30
34
38
26
25
21
21
28
35
23
26
30
27
34
22
32
28
29
39
20
25
15
31
40
32
33
28
26
27
24
19
36
20
26
24
44
22
25
27
35
33
21
33
18
19
23
17
20
29
29
25
25
23
25
16
18
20
23
15
23
24
25
20
23
25
14
24
18
19
31
22
20
27
29
20
23
22
13
21
22
23
22
21
25
19
23
25
24
15
21
28
22
26
26
26
13
21
25
26
20
14
23
19
17
20
22
23
20
14
23
17
17
15
24
20
17
24
23
17
16
25
17
21
17
13
23
18
22
15
10
22
23
23
20
16
11
16
15
17
20
19
18
12
28
16
24
21
22
25
30
24
35
24
28
34
30
29
29
31
30
22
26
30
45
38
32
27
47
35
44
50
31
53
44
43
46
47
42
45
51
50
53
53
56
64
56
55
53
68
56
62
60
65
57
68
75
74
62
74
54
68
62
73
79
67
76
63
73
92
72
80
74
72
59
83
75
77
83
78
61
71
67
81
61
74
68
40
74
82
62
51
70
58
71
62
66
70
52
52
60
54
43
57
63
56
50
57
58
49
37
43
50
37
33
40
46
29
44
36
38
44
43
25
35
50
27
31
21
31
28
30
18
16
27
26
18
23
19
32
19
32
24
22
24
18
26
27
22
19
20
25
25
16
15
15
17
24
20
16
15
14
15
16
25
11
14
17
23
16
13
$ROI:
42
143 193
144 194
424 531
429 529
440 544
440 545
440 549
443 544
443 553
490 516
604 1134
679 1395
772 934
800 953
827 855
828 856
840 1946
849 1974
857 2002
872 900
880 1058
887 915
914 1083
1010 1038
1208 1258
1345 1375
1418 1448
2436 2526
3229 3279
3607 3645
6449 6521
6459 6531
6463 6535
6464 6536
6467 6539
6471 6543
6482 6526
6489 6513
6497 6521
12997 13047
12999 13049
13000 13050
