$SPEC_ID:
GAMWIN
$SPEC_REM:


$DETDESC:

$DATE_MEA:
05/26/2025 15:04:06
$MEAS_TIM:
57640.57 58275.98
$MCA_CAL:
3
1.32118272781372E+001 1.29107522964478E+000 0.00000000000000E+000
$DATA:
0 2047
0
0
0
0
0
0
0
0
0
0
0
0
0
0
0
0
0
0
0
0
0
2449
2570
2820
3287
3778
3990
4285
4111
4125
4113
3857
3865
3918
3865
3900
4028
4328
4495
4819
5196
5706
5757
5986
5900
5673
5537
5605
5757
5861
6259
6604
6965
7358
7693
8091
8443
8593
8709
8745
8822
8902
9514
10100
11112
12296
13701
14504
14874
14890
14049
12852
11580
10391
9649
9027
8653
9018
8839
8723
8607
8181
7635
7305
6732
6069
5569
5274
4865
4750
4607
4450
4345
4302
4304
4311
4180
4239
4149
4141
4211
4126
4250
4152
4200
4385
4277
4272
4494
4523
4593
4588
4680
4728
4632
4653
4574
4799
4513
4465
4371
4473
4361
4411
4518
4500
4456
4504
4331
4468
4393
4289
4315
4267
4224
4043
4098
4085
4074
4011
4001
4014
3925
3865
3956
4052
4015
4000
3998
4117
4056
4251
4362
4451
4421
4470
4369
4408
4427
4345
4300
4170
4096
4195
4080
4099
4005
3941
3918
4031
3875
3882
4008
4020
3935
3886
3916
3919
3884
3862
3914
3899
3989
4166
4236
4540
4772
5194
5493
5896
6268
6615
6976
7252
7690
7905
7861
7911
7842
7846
7572
7289
7134
6681
6260
6066
5705
5285
4802
4606
4193
4067
3705
3456
3266
3211
3109
3080
2947
2938
2924
2981
2890
2839
3008
2998
3009
2936
3115
3132
3140
3212
3306
3249
3326
3291
3426
3470
3485
3539
3575
3475
3567
3486
3425
3377
3255
3207
3175
3059
3030
3004
2788
2761
2745
2591
2526
2484
2526
2391
2447
2468
2426
2379
2599
2611
2652
2642
2823
2841
2968
3089
3263
3293
3340
3536
3490
3619
3794
3731
3820
3910
3853
3955
3954
3819
3796
3771
3717
3555
3528
3473
3413
3197
3015
2956
2936
2732
2552
2388
2336
2181
2120
2037
1899
1783
1685
1646
1584
1528
1493
1480
1419
1424
1312
1371
1314
1387
1426
1336
1325
1299
1380
1295
1279
1298
1307
1262
1239
1234
1236
1214
1278
1233
1216
1238
1256
1229
1228
1194
1261
1153
1217
1173
1202
1185
1162
1080
1084
1136
1153
1112
1160
1137
1156
1146
1195
1115
1162
1188
1141
1210
1137
1128
1142
1190
1159
1122
1149
1150
1210
1179
1137
1209
1144
1177
1193
1163
1146
1283
1186
1165
1120
1167
1150
1105
1176
1175
1169
1165
1107
1095
1082
1177
1190
1188
1144
1118
1087
1091
1154
1166
1123
1182
1165
1245
1186
1235
1177
1234
1230
1143
1206
1126
1193
1186
1118
1141
1106
1134
1101
1170
1094
1060
1053
1020
994
1017
1082
985
1028
987
952
958
949
984
992
968
987
1009
1000
1065
1099
1047
1135
1100
1118
1144
1248
1224
1253
1296
1368
1313
1418
1431
1474
1524
1622
1589
1627
1688
1702
1731
1788
1815
1827
1875
1952
1926
1877
1965
1981
1989
1993
1939
2018
2026
1971
2081
1991
2039
2065
2023
1920
1951
1929
1891
1961
1897
1782
1767
1711
1624
1601
1608
1492
1469
1431
1454
1256
1278
1282
1154
1183
1052
1086
1049
991
937
987
878
896
862
830
808
831
785
754
739
754
723
702
713
760
665
705
709
633
681
691
613
693
661
643
661
639
668
672
700
651
647
615
667
650
629
628
659
667
645
651
639
646
637
693
665
691
657
682
714
672
690
731
667
709
739
763
699
637
725
713
714
715
726
761
746
701
698
742
743
688
737
741
740
767
722
710
717
783
743
687
712
713
757
732
706
706
725
719
701
680
739
669
726
685
711
725
707
710
740
670
705
714
695
792
692
719
749
667
643
678
677
697
654
710
705
631
721
644
637
595
630
668
707
639
655
651
616
632
615
638
618
599
594
620
590
644
591
557
635
519
601
639
572
578
573
632
608
571
601
580
564
602
593
581
560
580
544
577
619
649
580
622
624
628
630
619
619
638
613
673
627
639
665
644
663
659
692
662
655
708
709
702
728
731
796
763
749
764
773
821
752
780
775
775
823
807
874
817
860
868
857
847
906
900
851
850
835
864
885
899
853
833
837
882
808
884
834
845
800
799
801
809
817
802
764
791
823
782
806
746
798
807
800
760
738
774
784
781
765
783
759
744
790
745
706
748
759
683
678
738
724
729
712
670
640
658
671
593
690
623
621
579
599
593
566
539
567
559
562
510
490
501
469
527
522
505
479
472
501
437
448
422
436
423
454
436
405
403
409
370
413
431
422
458
397
379
404
425
412
405
399
414
401
422
448
401
439
431
407
410
390
406
384
434
436
416
418
406
372
411
424
426
440
404
432
412
444
394
497
505
459
495
486
459
474
526
489
462
435
437
521
499
526
506
509
538
512
521
534
552
553
530
516
532
564
498
547
525
506
549
540
492
551
579
561
469
534
546
527
496
565
554
520
528
487
502
507
473
478
495
439
473
484
453
472
477
434
466
418
379
416
475
436
415
415
393
385
405
403
388
365
397
373
380
401
376
375
340
368
341
337
373
344
356
385
341
347
360
347
346
342
329
329
342
294
346
306
304
308
294
297
344
309
300
304
327
291
302
290
325
298
295
323
284
301
298
293
327
286
296
284
247
268
282
292
303
281
286
272
289
286
279
268
266
275
261
242
270
257
259
274
251
248
252
244
194
253
220
230
260
250
238
217
207
221
204
212
203
217
225
210
197
213
176
207
200
189
174
193
183
191
186
190
195
187
183
201
202
205
225
182
211
192
197
209
189
194
203
184
183
197
214
189
203
220
191
172
197
211
208
182
206
221
201
217
218
214
252
232
228
220
233
248
261
265
264
244
249
275
283
257
259
281
268
251
322
353
310
295
332
380
368
356
425
403
418
424
406
457
466
519
530
500
498
586
515
595
585
633
643
633
692
699
735
786
752
801
783
786
786
875
861
903
941
949
907
885
953
891
966
950
999
969
1049
1008
980
947
1029
928
986
961
963
1013
926
912
950
869
914
939
840
869
758
789
802
803
781
705
747
697
665
709
626
616
573
588
562
542
555
487
526
490
445
435
408
374
398
353
354
350
342
324
342
355
286
272
286
276
275
243
233
254
233
233
211
191
194
214
193
190
197
199
176
179
192
189
181
144
174
140
180
142
157
175
168
180
149
162
149
175
177
160
128
150
173
150
146
160
132
155
148
142
163
140
163
148
148
134
168
141
142
136
120
148
151
151
134
145
125
115
143
117
156
132
142
145
133
148
99
139
118
132
138
122
111
125
128
120
122
131
124
122
125
130
117
113
104
112
103
103
111
102
112
109
106
94
108
95
102
123
91
99
97
104
105
113
120
112
103
99
118
107
110
121
110
112
96
131
98
110
125
121
129
99
133
119
119
113
121
132
108
123
133
130
119
136
146
116
141
145
148
150
137
125
157
131
159
153
163
161
167
152
157
180
168
191
163
152
168
177
206
178
201
169
193
178
181
172
159
182
164
188
161
186
201
184
180
155
182
168
171
150
165
163
159
142
117
157
156
128
129
151
139
144
153
129
140
103
124
121
139
106
125
99
119
91
113
120
103
115
115
97
96
99
116
119
114
92
90
98
90
73
102
108
106
101
77
88
91
102
92
101
92
103
76
93
95
87
85
76
77
64
82
83
85
96
98
90
84
93
76
87
73
62
88
78
70
71
68
65
85
62
69
68
68
76
81
72
80
63
73
55
69
74
76
67
73
78
65
70
51
71
61
67
69
47
80
87
51
69
58
61
55
46
74
61
60
77
52
63
63
59
54
54
60
55
64
55
58
57
51
63
64
70
58
58
64
57
62
54
66
67
44
58
63
35
52
48
57
53
53
48
60
50
59
39
56
56
39
65
64
46
51
60
50
66
49
60
38
54
63
52
52
49
52
48
42
49
49
60
45
51
55
59
49
56
45
46
58
44
69
56
56
53
55
55
56
54
63
54
57
59
66
66
56
51
64
67
60
67
61
63
61
81
68
52
73
67
78
76
70
79
76
70
68
69
69
73
94
75
80
81
82
82
83
91
85
83
89
81
96
83
79
81
84
72
72
95
91
94
83
88
119
104
99
92
90
77
76
77
95
76
65
96
83
92
100
78
84
82
82
97
81
99
70
100
82
95
84
87
113
77
83
91
75
81
80
79
89
86
92
68
64
85
75
79
78
95
82
92
78
70
90
89
82
79
69
86
68
86
98
75
79
95
79
75
74
69
63
83
82
69
75
82
71
65
79
66
79
84
76
82
68
71
69
72
73
85
53
96
67
70
61
52
66
64
65
65
66
62
61
62
63
59
66
62
61
59
59
65
59
56
74
67
58
62
47
57
54
47
50
87
70
56
58
62
64
60
53
61
49
62
50
68
47
47
50
58
49
77
48
47
45
59
57
64
42
58
39
59
52
59
52
42
51
50
45
47
55
58
49
47
51
55
35
62
43
44
53
39
48
42
34
50
51
42
44
36
42
39
46
36
40
42
34
44
42
42
30
44
42
36
43
38
40
35
34
38
29
40
36
45
41
38
33
38
34
46
42
43
35
30
33
34
45
36
38
33
38
37
37
35
29
35
38
35
38
35
36
20
29
39
38
39
28
37
36
32
34
28
27
28
24
33
25
44
40
38
40
41
26
26
40
41
32
29
37
30
44
32
25
35
38
35
34
30
37
40
43
25
39
36
32
26
36
36
34
39
32
40
29
33
34
50
33
24
36
33
33
43
48
40
40
51
39
41
53
45
48
49
74
48
61
46
40
44
58
53
70
59
61
64
69
81
80
75
76
87
90
98
70
88
91
100
75
101
99
94
86
95
84
99
95
99
110
90
98
118
110
102
113
106
132
103
108
112
113
104
119
116
119
107
99
114
123
127
118
131
105
104
118
106
108
96
123
94
106
111
106
103
103
98
113
107
107
109
109
93
88
87
103
89
98
88
88
88
68
70
91
66
69
71
58
68
65
90
76
57
53
54
64
65
57
49
54
60
54
45
40
57
50
47
42
51
44
41
43
41
38
29
38
33
42
32
33
36
35
49
44
36
38
32
33
29
35
31
24
31
31
38
28
24
31
28
38
29
24
20
$ROI:
42
143 193
144 194
424 531
429 529
440 544
440 545
440 549
443 544
443 553
490 516
604 1134
679 1395
772 934
800 953
827 855
828 856
840 1946
849 1974
857 2002
872 900
880 1058
887 915
914 1083
1010 1038
1208 1258
1345 1375
1418 1448
2436 2526
3229 3279
3607 3645
6449 6521
6459 6531
6463 6535
6464 6536
6467 6539
6471 6543
6482 6526
6489 6513
6497 6521
12997 13047
12999 13049
13000 13050
