$SPEC_ID:
GAMWIN
$SPEC_REM:


$DETDESC:

$DATE_MEA:
05/20/2025 14:33:46
$MEAS_TIM:
58375.01 59092.09
$MCA_CAL:
3
1.32118272781372E+001 1.29107522964478E+000 0.00000000000000E+000
$DATA:
0 2047
0
0
0
0
0
0
0
0
0
0
0
0
0
0
0
0
0
0
0
0
0
3211
3415
3825
4315
4964
5467
5833
5854
5681
5514
5212
5249
5205
5248
5208
5437
5773
6018
6361
6660
7176
7410
7827
7471
7409
7521
7313
7479
7552
7998
8354
8918
9529
9845
10336
10771
10915
11189
11348
11302
11654
12259
13430
14848
16223
17558
18728
19679
19338
18595
17039
15485
13784
13079
12246
12240
12148
12081
12066
11593
11244
10512
9838
9245
8596
7980
7455
7197
6863
6692
6460
6454
6473
6401
6254
6219
6223
6224
6183
6180
6066
6113
6212
6306
6258
6323
6520
6537
6627
6833
6919
6742
6765
6815
6676
6686
6754
6542
6489
6406
6297
6475
6442
6361
6323
6441
6364
6339
6278
6389
6233
6215
6064
6124
5920
6069
5953
5969
5782
5757
5641
5744
5630
5734
5770
5803
5656
5830
5890
5989
6083
6246
6155
6182
6295
6316
6246
6054
6072
6018
5894
5956
5765
5834
5777
5717
5714
5796
5576
5727
5751
5469
5609
5699
5689
5565
5538
5640
5728
5616
5587
5712
5910
6032
6578
6690
7253
7713
8278
8794
9412
9940
10406
10724
10824
10996
11181
10860
10818
10641
10183
9899
9364
8862
8452
7965
7300
6905
6356
5985
5730
5311
4952
4895
4702
4471
4274
4339
4222
4117
4178
4044
4187
4221
4256
4358
4278
4318
4377
4479
4528
4604
4755
4754
4896
4784
4897
4973
4955
5047
4954
4959
4991
4877
4713
4643
4621
4503
4301
4248
4200
3978
3795
3716
3722
3714
3524
3528
3418
3436
3419
3435
3476
3503
3535
3689
3810
3911
3944
4140
4286
4410
4557
4583
4794
4872
4982
5115
5201
5286
5315
5405
5306
5250
5231
5138
5231
5130
5074
4867
4713
4651
4453
4196
4131
3949
3774
3561
3369
3188
3206
3004
2764
2566
2593
2440
2320
2303
2201
2095
2054
2044
1986
1977
1951
1898
1890
1990
1882
1877
1842
1895
1955
1886
1976
1904
1793
1840
1905
1900
1825
1805
1754
1766
1842
1709
1755
1702
1854
1744
1716
1737
1736
1660
1703
1683
1680
1702
1681
1698
1634
1706
1604
1732
1713
1720
1687
1730
1691
1692
1739
1599
1632
1654
1660
1709
1685
1667
1727
1634
1682
1724
1668
1708
1712
1721
1682
1644
1755
1663
1634
1629
1580
1608
1574
1672
1632
1674
1599
1661
1537
1610
1605
1601
1624
1635
1635
1691
1662
1636
1636
1642
1781
1739
1683
1723
1650
1662
1695
1744
1657
1627
1621
1660
1667
1623
1679
1608
1525
1634
1574
1559
1466
1469
1472
1432
1439
1461
1354
1381
1431
1395
1368
1389
1375
1381
1448
1404
1423
1523
1471
1545
1492
1568
1575
1601
1632
1638
1814
1757
1815
1947
1914
1963
1963
2107
2119
2278
2241
2302
2355
2403
2471
2575
2590
2609
2655
2650
2638
2698
2719
2813
2870
2789
2788
2822
2844
2871
2920
2806
2814
2794
2748
2793
2694
2644
2619
2475
2432
2380
2459
2376
2266
2227
2139
2062
2021
1959
1877
1864
1811
1697
1690
1618
1471
1528
1435
1428
1358
1341
1242
1207
1228
1187
1200
1113
1071
1124
1028
1071
1004
1054
984
1026
975
1029
985
990
1002
1040
966
928
922
919
935
944
963
978
909
981
965
953
928
1013
944
961
958
1013
1010
976
950
1034
1020
951
972
979
962
970
941
1020
1006
987
978
1033
988
1024
999
1083
1029
1047
1035
1011
1045
983
1027
1044
1067
1061
1090
1010
999
1039
1048
1058
1069
1041
1059
1085
1025
1073
1028
1085
1052
1016
953
1047
1025
1041
1073
1040
987
970
1022
1016
1058
1037
1060
1020
1049
1054
1032
1068
1015
979
1038
966
957
1013
994
1066
980
980
935
970
960
971
897
927
938
930
933
953
941
922
920
914
875
900
918
888
881
902
860
879
867
845
864
828
888
893
812
925
905
841
843
833
832
887
870
847
877
857
835
885
904
869
848
869
849
875
926
889
883
882
919
884
933
897
955
897
965
943
919
948
978
991
1020
961
954
990
1037
985
1088
1086
1113
1120
1150
1095
1091
1110
1094
1186
1177
1223
1167
1253
1224
1241
1199
1219
1234
1279
1233
1245
1243
1253
1250
1217
1209
1255
1229
1220
1282
1235
1285
1292
1191
1241
1140
1208
1133
1115
1162
1182
1155
1176
1179
1194
1151
1109
1138
1204
1139
1100
1098
1109
1121
1167
1109
1123
1137
1103
1027
1197
1109
1081
1065
1033
1093
1086
995
1048
1029
1006
1010
1003
962
952
956
944
938
978
920
911
896
812
903
809
785
826
802
851
752
753
812
713
745
715
748
705
732
676
673
654
693
627
653
700
629
606
712
647
645
648
648
652
602
647
659
657
669
645
662
609
628
669
609
636
676
641
668
668
667
658
669
661
675
661
696
646
650
696
618
682
637
672
702
732
744
702
784
752
711
753
762
802
780
741
817
773
808
798
782
807
777
839
779
855
779
820
788
815
849
830
860
738
887
858
864
833
781
858
843
894
805
778
847
847
823
777
792
814
827
779
825
759
735
755
729
751
781
755
707
758
687
742
726
703
712
750
687
708
671
667
676
636
642
651
642
618
667
660
580
617
595
613
612
628
579
557
560
559
594
579
581
573
568
571
507
546
528
553
496
564
527
526
521
490
541
497
524
497
471
502
522
516
520
472
492
440
469
503
489
476
492
460
472
449
461
447
436
445
386
443
398
412
421
434
417
441
376
402
383
365
377
374
364
393
401
362
368
375
349
329
358
329
356
339
353
345
328
291
321
323
303
339
335
320
316
317
323
297
318
299
305
316
264
286
317
291
290
305
268
284
291
307
282
273
267
294
284
294
289
273
280
271
237
269
297
286
288
292
274
286
287
295
286
283
315
294
314
272
325
338
318
341
314
357
350
342
355
321
364
357
357
368
383
383
400
438
414
437
456
491
463
515
499
564
564
542
566
591
646
690
697
746
742
776
801
878
906
897
918
955
1026
1014
1156
1162
1200
1236
1223
1391
1402
1470
1473
1468
1498
1534
1558
1623
1739
1741
1803
1736
1751
1799
1905
1911
1884
1928
1974
1987
2037
1923
1956
2004
2012
2038
1904
1974
1913
1862
2002
1887
1849
1800
1837
1808
1687
1741
1695
1578
1599
1556
1580
1541
1478
1448
1382
1297
1254
1232
1184
1179
1065
1136
1004
1004
1003
933
878
831
821
767
757
664
696
643
678
625
609
595
503
518
483
513
432
407
386
415
393
366
351
323
324
324
301
290
305
292
270
258
267
257
250
269
230
237
212
235
221
224
247
246
215
210
210
211
203
233
218
220
199
212
204
215
204
204
207
201
184
171
170
200
169
184
188
178
166
187
205
190
189
203
183
190
195
186
162
172
181
168
199
164
189
187
154
167
180
146
178
172
168
167
191
182
166
133
145
154
146
161
162
155
163
126
149
145
119
137
129
146
155
138
145
122
133
131
143
128
139
127
140
128
152
134
122
139
133
150
157
150
164
140
142
128
152
105
142
143
155
135
147
159
128
157
171
161
159
156
171
152
195
182
173
193
189
179
194
185
192
203
184
208
223
190
244
209
214
207
233
238
222
229
232
228
222
223
209
227
229
237
253
255
218
221
229
194
224
270
208
214
239
201
216
227
242
221
225
206
188
215
211
205
204
185
180
170
213
189
183
178
183
164
173
156
181
184
164
182
166
158
156
150
139
153
150
133
128
134
150
112
150
136
143
124
124
107
131
120
106
120
120
129
130
113
113
135
102
106
104
117
95
109
125
116
106
124
112
122
96
85
93
116
113
89
103
115
99
88
88
100
114
83
96
95
96
108
98
89
101
86
77
97
81
102
70
86
99
94
87
101
89
73
69
69
71
88
85
92
81
73
98
100
66
80
86
81
60
93
75
70
69
74
79
79
78
68
66
79
82
79
94
63
69
77
63
63
73
65
74
72
64
72
63
66
54
81
67
66
87
65
76
67
73
63
56
71
67
63
56
68
61
61
72
61
73
56
80
55
77
59
70
55
69
68
76
76
53
64
81
68
66
65
66
67
77
77
71
73
59
55
70
65
65
74
57
77
72
58
81
77
75
78
68
82
76
54
88
62
66
77
80
69
89
86
108
83
78
76
72
93
94
100
73
99
93
98
99
89
86
88
82
112
92
94
84
86
90
98
94
92
107
94
112
96
102
112
127
92
109
116
105
98
106
103
120
112
94
103
136
111
102
109
115
115
110
111
129
111
116
102
107
102
103
115
113
110
121
107
108
98
104
120
111
112
113
94
107
91
104
123
95
114
102
120
110
113
90
100
106
101
106
108
106
102
102
102
110
106
90
104
96
102
112
98
96
92
91
97
107
93
109
100
117
88
100
101
101
107
105
85
90
101
96
105
88
85
94
95
83
93
84
87
80
95
88
86
93
97
78
83
91
104
100
83
75
67
103
91
74
75
96
78
78
97
83
80
66
83
84
87
72
79
90
73
64
87
78
81
68
72
84
79
72
88
69
70
61
76
71
81
65
68
81
65
69
66
65
61
58
66
75
63
78
67
61
64
59
64
70
60
63
66
55
63
68
60
59
71
63
68
73
56
57
48
61
51
64
58
59
61
62
41
50
65
70
50
45
57
44
61
50
54
48
52
49
54
54
45
43
51
52
52
60
43
47
50
50
49
55
49
51
42
36
49
58
43
52
41
47
68
55
38
45
42
52
58
46
46
29
33
43
43
43
49
52
41
39
39
40
51
47
39
44
44
38
61
41
51
45
42
32
40
33
38
31
35
34
32
53
37
38
43
42
43
43
44
43
33
34
28
44
42
30
50
41
36
44
37
40
32
39
25
40
51
42
40
45
44
45
44
44
42
45
36
54
41
46
53
52
55
51
56
70
52
47
62
62
66
65
66
73
69
69
83
91
81
86
97
88
93
87
90
98
85
108
111
106
118
109
122
125
116
138
131
130
122
126
121
155
134
145
127
158
163
138
131
145
164
152
166
147
165
170
154
148
131
162
141
157
180
156
136
149
158
151
153
151
144
144
132
153
145
139
140
153
135
157
129
115
122
109
127
138
142
119
108
122
101
115
134
112
119
105
114
102
98
82
98
105
102
93
84
68
84
82
86
62
87
68
74
66
76
77
72
72
68
69
60
54
67
72
56
60
52
55
49
44
54
40
48
42
35
41
39
45
40
45
43
40
46
37
36
40
28
33
38
46
25
36
34
42
29
31
36
24
$ROI:
42
143 193
144 194
424 531
429 529
440 544
440 545
440 549
443 544
443 553
490 516
604 1134
679 1395
772 934
800 953
827 855
828 856
840 1946
849 1974
857 2002
872 900
880 1058
887 915
914 1083
1010 1038
1208 1258
1345 1375
1418 1448
2436 2526
3229 3279
3607 3645
6449 6521
6459 6531
6463 6535
6464 6536
6467 6539
6471 6543
6482 6526
6489 6513
6497 6521
12997 13047
12999 13049
13000 13050
