$SPEC_ID:
GAMWIN
$SPEC_REM:


$DETDESC:

$DATE_MEA:
05/15/2025 14:51:51
$MEAS_TIM:
60436.05 61138.33
$MCA_CAL:
3
1.32118272781372E+001 1.29107522964478E+000 0.00000000000000E+000
$DATA:
0 2047
0
0
0
0
0
0
0
0
0
0
0
0
0
0
0
0
0
0
0
0
0
2985
3336
3648
4182
4730
5162
5536
5393
5235
5121
4952
4822
4781
4825
5026
4996
5382
5800
6112
6523
7035
7186
7238
7309
7238
7105
7170
7234
7407
7720
8193
8788
9236
9624
9926
10524
10501
10521
10625
10774
11234
11773
12780
14266
15391
16605
17834
18488
17896
17259
15524
13973
12724
11992
11342
11245
10908
11045
10881
10490
10043
9548
9039
8418
7500
7150
6723
6363
6273
5919
5834
5673
5949
5838
5534
5771
5617
5546
5429
5624
5540
5583
5379
5502
5515
5786
5882
5905
6078
6310
5995
6013
6078
6084
6043
5829
5966
5919
5914
5830
5866
5870
5804
5821
5792
5860
5800
5786
5968
5650
5486
5311
5557
5629
5479
5318
5376
5362
5177
5218
5113
5242
5234
5155
5161
5103
5273
5427
5523
5409
5594
5600
5762
5705
5822
5635
5611
5595
5502
5490
5348
5406
5238
5234
5237
5195
5072
5028
5329
5168
5219
5123
5126
5170
5031
4994
5159
5086
5117
5286
5293
5366
5572
5634
5998
6456
6943
7368
7826
8421
8832
9218
9697
9912
10153
10403
10150
10090
9927
9601
9193
8793
8434
7965
7449
6893
6420
5878
5756
5234
4999
4577
4397
4239
4106
4045
3903
3893
3867
3630
3841
3812
3777
3669
3696
3864
3958
4044
4037
4215
4138
4159
4133
4257
4434
4409
4526
4419
4425
4449
4543
4393
4457
4306
4228
4268
4000
3926
3875
3768
3547
3531
3537
3449
3198
3208
3130
3048
3215
3118
3089
3238
3206
3305
3364
3413
3515
3782
3772
3958
3976
4177
4309
4261
4556
4616
4798
4717
4777
4903
4753
5001
4794
4739
4726
4682
4647
4589
4560
4400
4260
4117
4004
3731
3568
3392
3175
3127
2960
2801
2656
2490
2335
2353
2188
2192
2019
2039
1945
1936
1871
1857
1766
1750
1788
1803
1705
1631
1761
1725
1729
1659
1702
1718
1698
1645
1672
1643
1665
1581
1607
1590
1671
1618
1584
1549
1698
1598
1480
1636
1561
1465
1523
1509
1592
1565
1475
1487
1536
1525
1470
1529
1514
1485
1514
1428
1476
1514
1518
1569
1576
1521
1593
1546
1508
1552
1491
1522
1516
1593
1470
1589
1556
1504
1499
1498
1480
1433
1500
1519
1454
1537
1481
1454
1465
1547
1473
1494
1476
1436
1432
1538
1466
1430
1456
1439
1436
1512
1464
1452
1496
1551
1550
1505
1557
1491
1571
1483
1539
1515
1523
1494
1513
1557
1504
1424
1460
1416
1472
1351
1361
1379
1399
1352
1335
1274
1281
1329
1296
1241
1266
1240
1267
1238
1304
1327
1273
1322
1363
1298
1350
1392
1408
1525
1506
1557
1581
1679
1611
1804
1786
1817
1803
1892
1912
1952
2133
2120
2151
2158
2306
2299
2233
2291
2399
2385
2413
2532
2497
2579
2609
2589
2561
2565
2574
2521
2590
2614
2507
2544
2474
2458
2422
2436
2396
2260
2274
2200
2235
2208
2055
2010
1997
1916
1936
1799
1781
1678
1640
1574
1575
1524
1424
1415
1335
1275
1332
1143
1224
1154
1096
1056
1037
1034
1017
964
961
974
853
889
911
872
901
867
924
834
871
892
858
842
813
878
838
855
887
852
896
843
865
834
870
847
853
846
901
854
896
837
875
868
915
846
926
935
840
891
900
922
921
923
836
966
921
944
975
943
958
952
945
937
891
915
998
928
945
937
951
952
948
953
904
933
907
876
940
1001
934
953
940
939
967
921
987
959
976
914
891
927
979
923
916
923
896
918
972
874
947
964
986
939
955
989
904
914
949
882
915
922
874
956
953
858
877
841
885
912
884
904
790
886
876
858
836
883
885
790
747
802
814
766
740
789
812
823
800
772
779
772
792
760
759
765
789
817
758
739
724
745
757
785
767
788
839
723
801
794
800
791
843
780
738
767
783
852
802
818
755
840
838
872
845
833
830
885
867
844
915
915
875
929
969
946
930
981
1006
997
1057
1043
1049
1011
1140
1044
1124
1128
1071
1111
1191
1042
1108
1032
1085
1158
1133
1143
1151
1072
1137
1141
1171
1166
1088
1114
1098
1133
1108
1064
1073
1073
1099
1059
1159
1081
1059
1134
1037
1001
1035
1008
960
1065
992
1073
1015
1016
999
1018
1029
1030
992
998
930
975
1016
951
990
962
957
931
972
932
930
919
862
891
858
918
795
819
829
800
808
764
827
806
746
700
703
701
716
711
741
670
639
641
645
616
632
651
605
610
650
593
547
568
590
586
570
607
614
591
568
573
620
554
549
587
551
554
569
581
545
589
564
568
547
562
565
537
575
565
595
637
574
578
639
549
606
600
657
569
612
566
636
652
613
645
697
610
606
683
655
648
647
657
687
684
673
659
699
669
753
734
716
676
737
756
737
742
719
712
771
750
742
744
718
724
775
764
717
724
664
716
740
696
721
703
698
710
730
707
683
689
668
698
653
683
692
674
687
680
638
637
590
659
651
570
647
578
624
572
548
549
560
529
541
594
583
540
560
567
565
527
512
520
520
522
500
478
503
502
508
480
470
513
507
482
475
470
521
441
455
460
452
483
471
416
423
420
392
458
436
433
448
428
429
421
412
403
385
406
385
387
443
410
374
404
419
375
408
387
373
358
375
373
393
377
390
379
359
354
328
346
395
333
329
333
332
347
304
321
332
288
320
311
307
297
308
304
258
318
301
309
315
288
292
305
297
239
247
286
286
261
280
277
265
293
257
288
242
246
239
248
242
262
254
266
264
267
250
230
257
253
238
249
246
263
236
250
247
269
241
269
270
264
262
272
268
259
271
294
305
280
292
332
297
302
283
307
321
296
327
318
349
357
371
365
383
357
385
438
401
421
444
462
459
483
467
529
493
591
565
597
606
630
687
692
700
807
764
770
902
907
867
958
1035
1007
1031
1018
1058
1163
1142
1225
1289
1324
1365
1322
1436
1413
1446
1561
1522
1516
1563
1510
1532
1571
1545
1611
1721
1624
1656
1660
1639
1615
1643
1653
1636
1647
1542
1580
1566
1608
1583
1495
1369
1427
1388
1335
1332
1310
1323
1242
1139
1144
1155
1141
1059
1053
1032
981
936
930
919
842
802
837
730
708
730
718
643
671
583
539
525
522
471
485
414
446
410
407
402
401
346
328
362
320
301
316
299
282
276
255
269
249
248
233
224
241
199
238
215
220
211
227
191
223
202
215
200
201
230
205
181
187
189
206
194
195
198
206
158
172
196
188
192
219
181
205
161
206
189
154
212
166
188
183
182
183
144
190
181
196
174
162
137
159
177
168
173
170
160
153
140
152
167
144
159
166
169
173
144
140
148
162
140
156
151
105
146
129
143
115
125
131
117
133
137
130
121
162
135
148
136
130
143
137
130
121
129
128
134
130
109
119
124
130
121
122
132
123
133
140
142
131
138
137
128
141
134
161
166
138
160
152
162
161
165
158
172
182
173
166
185
197
213
164
181
188
191
204
202
218
208
215
184
201
213
194
216
207
207
220
198
181
199
206
224
203
190
215
213
219
221
198
233
200
189
209
186
197
207
202
176
193
219
194
185
180
191
189
169
161
186
180
181
174
187
158
154
157
166
171
142
152
158
135
127
126
140
132
119
122
135
116
131
126
123
115
117
110
94
135
115
123
118
114
108
119
96
113
102
119
95
90
95
124
96
91
94
97
111
97
92
112
105
81
85
86
94
87
90
114
98
94
82
81
96
79
85
81
93
86
93
78
82
82
86
101
89
85
86
83
69
90
71
80
73
85
69
96
77
90
90
78
78
77
68
62
78
80
78
72
69
71
71
73
73
76
71
72
80
78
69
65
70
78
65
61
59
53
57
60
65
74
66
66
54
64
67
67
75
63
66
87
56
57
64
72
66
64
72
64
69
56
60
81
60
66
69
59
59
74
54
75
62
73
52
65
70
61
72
63
70
53
56
66
63
66
53
67
53
61
81
69
87
63
68
61
64
70
58
71
58
64
63
76
64
76
72
67
56
80
81
74
58
82
57
73
68
72
72
88
74
68
93
88
90
106
80
96
77
86
102
91
99
96
92
86
79
86
104
86
88
94
109
119
108
113
92
96
111
121
106
92
90
103
95
97
103
102
95
109
78
114
114
109
111
111
111
104
115
117
90
91
90
110
97
97
97
96
101
113
97
93
92
106
114
86
108
101
87
95
115
94
113
121
111
114
95
89
95
100
126
115
100
91
96
98
104
90
104
93
97
101
99
101
101
74
94
80
84
113
93
82
113
98
107
79
83
101
103
90
88
85
77
100
89
92
91
108
81
90
84
78
73
83
96
86
101
75
70
93
93
79
71
83
91
69
73
91
76
77
89
70
77
72
82
69
80
74
70
77
63
61
77
86
60
70
80
66
57
70
55
80
71
64
57
53
64
63
68
85
60
53
78
62
66
55
55
73
62
67
53
76
58
59
53
56
53
64
50
54
65
55
62
62
45
65
63
54
54
65
61
64
50
60
65
67
60
57
66
44
63
58
40
45
53
51
39
54
50
43
52
54
46
48
58
45
48
52
45
56
44
64
43
46
44
51
50
39
55
42
40
51
52
55
43
46
48
41
47
42
47
36
41
45
50
38
42
47
55
43
42
33
49
50
46
40
47
51
51
52
50
38
36
42
42
46
51
44
41
40
42
52
38
32
46
26
39
29
39
42
39
40
43
23
37
38
30
36
33
36
37
48
50
34
32
52
40
46
32
39
40
32
37
44
40
53
48
49
46
39
34
55
45
47
44
57
40
57
44
56
40
56
68
58
38
60
77
66
74
80
58
71
67
73
75
74
84
84
100
70
108
82
94
95
101
99
124
108
101
113
116
110
112
109
127
120
96
134
134
126
128
128
127
138
120
157
148
129
159
144
142
141
163
133
120
152
134
153
148
150
148
144
131
152
146
156
137
143
129
117
148
137
146
110
117
134
133
105
141
137
136
123
114
124
104
122
116
112
106
108
92
106
113
106
92
97
91
100
84
95
92
77
69
88
75
77
67
73
74
81
67
57
70
79
63
61
60
57
55
41
44
42
54
47
53
43
47
55
43
60
38
44
38
35
41
46
38
48
31
43
47
36
38
37
41
38
48
29
28
25
32
19
25
34
29
27
32
27
23
27
36
26
31
$ROI:
42
143 193
144 194
424 531
429 529
440 544
440 545
440 549
443 544
443 553
490 516
604 1134
679 1395
772 934
800 953
827 855
828 856
840 1946
849 1974
857 2002
872 900
880 1058
887 915
914 1083
1010 1038
1208 1258
1345 1375
1418 1448
2436 2526
3229 3279
3607 3645
6449 6521
6459 6531
6463 6535
6464 6536
6467 6539
6471 6543
6482 6526
6489 6513
6497 6521
12997 13047
12999 13049
13000 13050
