$SPEC_ID:
GAMWIN
$SPEC_REM:


$DETDESC:

$DATE_MEA:
05/19/2025 15:18:48
$MEAS_TIM:
55046.95 55627.58
$MCA_CAL:
3
1.32118272781372E+001 1.29107522964478E+000 0.00000000000000E+000
$DATA:
0 2047
0
0
0
0
0
0
0
0
0
0
0
0
0
0
0
0
0
0
0
0
0
1945
2041
2171
2656
2889
3149
3302
3261
3286
3092
3149
3006
3037
3040
3062
3192
3325
3542
3608
3762
4117
4243
4357
4300
4433
4273
4297
4559
4765
4935
5026
5619
5701
6143
6405
6534
6699
6538
6788
6755
7021
7246
7451
8105
8761
9547
9819
10130
9826
9378
8805
8008
7272
6983
6748
6649
6509
6610
6494
6345
6154
6119
5618
5325
4928
4658
4417
4280
4161
4111
3882
3905
3855
3983
3880
3731
3865
3857
3917
3809
3650
3754
3795
3800
3781
3881
3895
3947
4041
4032
3979
4017
3885
4006
3993
3893
3974
3980
3930
3923
3833
3846
3925
3902
3929
3802
3730
3810
3805
3733
3568
3719
3729
3671
3563
3515
3566
3545
3495
3355
3362
3451
3358
3351
3400
3383
3472
3500
3564
3592
3622
3632
3479
3591
3621
3573
3625
3582
3524
3573
3395
3392
3327
3282
3312
3206
3192
3366
3160
3301
3213
3190
3211
3322
3269
3232
3173
3271
3243
3166
3185
3271
3298
3479
3610
3785
4027
4228
4444
4630
4928
5197
5369
5414
5464
5548
5775
5627
5590
5204
5306
5051
4594
4547
4339
4058
3752
3556
3409
3237
3045
2926
2796
2653
2588
2430
2517
2452
2453
2284
2332
2329
2408
2309
2453
2440
2375
2380
2421
2460
2478
2462
2571
2624
2524
2691
2555
2676
2530
2606
2681
2591
2576
2629
2571
2514
2453
2405
2353
2344
2229
2235
2107
2057
2004
2012
1949
1911
2016
1897
1930
1874
1977
1979
2008
2149
2040
2153
2152
2309
2295
2357
2497
2498
2472
2588
2616
2632
2587
2653
2636
2771
2700
2542
2614
2653
2683
2598
2593
2490
2438
2313
2201
2225
2097
1974
1997
1804
1784
1674
1588
1577
1533
1493
1450
1377
1316
1247
1263
1214
1221
1216
1184
1153
1113
1182
1132
1119
1140
1075
1103
1114
1087
1105
1144
1139
1096
1126
1094
1082
1069
1120
1043
1046
1036
1061
1067
1074
1014
1062
1049
955
1076
1001
1033
940
1036
998
966
1000
1005
991
960
1010
995
974
1006
968
992
970
972
988
1015
949
969
977
938
996
991
953
1005
972
1043
948
935
988
953
926
1018
974
979
985
977
996
972
988
978
973
928
934
971
907
987
969
959
940
934
948
997
1028
1019
960
934
1002
1009
925
1002
984
1055
1009
934
898
1004
995
961
969
929
1013
915
888
867
934
932
922
837
893
842
811
811
792
800
821
839
818
848
822
864
798
821
855
840
898
879
842
880
924
916
934
947
974
1058
1014
1010
1081
1108
1134
1160
1244
1247
1181
1259
1251
1261
1309
1325
1329
1390
1384
1387
1458
1417
1425
1436
1408
1409
1440
1414
1441
1414
1396
1419
1367
1377
1367
1325
1316
1285
1312
1291
1277
1278
1162
1156
1142
1108
1068
971
981
1004
965
921
875
920
869
811
895
742
767
720
763
721
686
671
668
645
626
652
623
611
573
582
630
629
593
554
588
562
602
582
578
577
588
590
608
567
523
558
525
544
581
561
556
530
572
546
534
561
608
553
552
595
558
542
553
572
579
567
544
568
555
616
565
569
619
570
653
602
610
599
589
557
581
594
589
603
614
605
579
590
600
603
615
548
579
587
591
622
569
567
584
562
603
608
567
571
566
604
596
616
555
578
590
529
537
592
616
558
624
602
586
585
584
563
592
591
573
545
566
586
590
545
585
518
584
588
602
583
509
537
529
541
528
557
542
569
536
535
529
539
546
507
541
526
483
517
477
505
504
500
485
531
516
504
514
517
526
497
511
466
505
537
535
481
510
499
519
501
547
529
501
478
467
527
549
511
522
500
542
538
524
547
493
544
528
557
531
593
569
550
586
571
562
574
589
595
565
616
608
604
610
641
612
581
671
670
668
617
662
663
622
689
709
677
660
682
697
666
647
673
727
681
654
638
641
666
659
680
668
647
653
627
685
682
652
641
675
615
617
638
704
610
672
655
638
638
657
609
618
631
595
647
608
630
622
596
636
569
614
592
583
553
640
563
570
545
548
575
560
539
541
546
501
518
483
495
498
474
483
479
486
444
448
442
424
454
452
451
448
449
407
414
424
429
397
360
414
418
405
407
439
422
399
411
384
401
404
429
428
403
373
372
418
392
391
432
404
370
395
411
406
405
407
363
397
397
408
412
430
380
396
401
434
453
424
448
424
411
443
421
405
429
446
441
416
413
446
466
473
413
477
483
482
412
502
448
460
460
507
491
446
459
440
472
486
463
491
447
482
450
465
450
484
433
476
472
468
461
480
452
418
436
463
497
466
436
445
453
418
450
449
451
424
428
413
445
460
391
436
399
409
415
392
394
398
395
390
413
356
400
388
362
332
378
398
419
346
391
383
369
362
379
320
334
309
312
346
365
339
313
353
331
341
302
314
323
307
320
285
304
299
269
306
291
279
287
258
262
280
323
285
286
268
309
288
291
257
250
269
242
232
252
247
231
255
249
236
249
243
226
240
202
221
230
248
216
209
243
215
203
197
208
214
202
210
191
238
198
208
184
208
174
191
189
177
192
207
187
148
169
173
193
161
167
178
166
169
173
157
158
153
164
155
167
154
134
152
159
178
146
138
169
154
167
153
175
156
179
146
147
183
155
163
158
158
174
149
171
165
184
172
175
159
189
153
199
201
183
188
176
191
193
224
232
216
195
219
216
235
251
228
277
258
280
246
316
259
301
302
321
354
356
380
406
413
389
494
456
497
516
533
574
601
581
621
691
646
738
726
745
772
757
804
880
904
896
947
1041
1057
989
1068
1086
1116
1048
1083
1126
1161
1152
1192
1213
1318
1218
1196
1191
1258
1178
1247
1159
1248
1188
1211
1200
1177
1150
1210
1139
1132
1045
985
1072
1000
984
955
971
924
919
925
878
763
802
764
781
697
682
674
626
627
616
598
552
535
485
447
460
423
420
438
406
369
353
347
326
312
294
296
267
250
256
241
239
214
194
191
211
207
187
185
153
175
181
164
140
146
152
143
144
139
123
121
138
141
146
94
132
111
124
115
105
106
98
119
114
114
97
107
104
103
99
100
90
110
120
81
104
109
93
101
105
97
102
108
90
112
80
108
93
92
87
92
105
94
76
92
103
96
83
77
110
77
80
84
73
99
83
87
83
78
81
77
72
92
79
84
87
85
87
74
74
82
82
75
82
85
68
67
65
72
61
71
72
74
72
72
86
58
77
78
73
81
70
69
85
71
66
69
72
82
80
90
84
91
83
76
75
79
67
82
96
86
84
88
71
95
103
76
102
89
100
80
104
100
94
95
110
83
115
110
114
97
116
111
114
105
112
118
112
117
119
111
121
97
133
111
118
119
99
122
124
107
124
101
130
107
106
108
123
116
97
93
109
105
101
103
113
96
115
101
97
98
91
99
88
101
89
65
98
95
88
93
72
74
81
78
86
73
69
65
85
74
53
71
72
73
77
68
82
54
65
52
69
70
63
63
62
54
80
56
63
59
54
50
70
64
54
58
61
62
59
49
61
57
51
64
47
65
62
40
60
61
45
41
45
50
55
58
38
57
48
49
42
48
45
58
44
52
47
49
53
35
39
39
44
42
47
42
46
47
42
40
39
53
31
45
46
53
48
43
38
48
46
42
53
33
45
37
35
37
41
56
48
44
38
41
46
66
47
43
31
43
31
29
47
37
34
29
41
50
38
39
42
36
35
37
34
36
35
40
44
40
52
47
44
28
29
38
33
38
36
31
33
40
42
42
41
39
48
34
33
42
44
41
32
41
46
43
35
33
45
34
35
47
41
44
37
37
41
42
45
38
35
46
44
33
42
45
37
47
46
42
47
34
36
36
55
43
49
46
57
47
47
52
54
54
45
45
44
50
49
41
43
40
52
44
56
57
49
54
60
49
58
42
60
62
49
49
51
69
52
51
72
67
52
75
48
55
57
49
57
54
66
66
50
51
72
50
61
55
67
64
54
62
65
61
58
55
55
60
60
63
64
61
61
64
65
62
53
53
51
51
54
63
70
47
57
62
49
61
61
41
56
65
49
57
56
51
49
49
48
64
51
59
64
56
52
50
54
53
56
54
59
60
49
55
48
69
57
49
55
44
57
43
57
54
49
42
42
48
51
56
62
53
47
37
55
53
52
47
52
47
43
44
52
43
50
49
43
47
45
36
35
32
46
30
35
44
55
39
36
45
53
45
43
45
33
38
33
40
44
37
50
45
40
35
42
45
40
41
44
46
39
33
31
50
50
49
38
35
34
41
30
31
34
42
30
41
45
41
41
27
45
32
36
33
30
39
35
29
45
32
33
36
33
25
26
46
39
43
35
33
38
24
32
34
34
28
33
22
27
29
33
31
30
43
30
36
31
34
38
24
28
34
30
24
33
35
33
30
28
30
30
28
23
29
34
32
31
26
27
31
33
31
29
22
31
29
32
28
27
15
28
17
32
22
30
15
24
39
18
29
21
26
23
29
37
24
18
24
29
22
21
23
27
24
23
19
22
31
21
25
19
20
16
30
30
26
21
24
28
31
23
23
20
34
26
31
20
18
24
27
24
24
25
25
26
29
23
22
32
32
13
28
31
34
16
35
29
28
26
37
39
33
36
37
34
35
33
32
40
33
40
49
27
32
47
48
62
48
48
36
49
46
30
51
50
50
55
57
66
62
59
60
61
67
70
71
69
59
58
74
65
71
68
67
78
76
86
72
67
79
67
69
80
93
79
89
79
78
98
67
70
63
65
94
94
76
79
87
76
61
81
57
77
70
55
63
78
77
62
84
63
77
67
58
56
68
75
63
71
56
61
61
60
61
52
54
53
44
39
48
49
50
40
41
44
47
43
50
47
35
29
37
45
27
37
34
24
42
30
39
43
25
22
32
25
29
27
35
33
31
25
15
24
33
26
16
22
30
25
21
23
36
24
18
22
23
14
23
18
21
20
27
18
13
15
19
18
22
18
$ROI:
42
143 193
144 194
424 531
429 529
440 544
440 545
440 549
443 544
443 553
490 516
604 1134
679 1395
772 934
800 953
827 855
828 856
840 1946
849 1974
857 2002
872 900
880 1058
887 915
914 1083
1010 1038
1208 1258
1345 1375
1418 1448
2436 2526
3229 3279
3607 3645
6449 6521
6459 6531
6463 6535
6464 6536
6467 6539
6471 6543
6482 6526
6489 6513
6497 6521
12997 13047
12999 13049
13000 13050
