$SPEC_ID:
GAMWIN
$SPEC_REM:


$DETDESC:

$DATE_MEA:
05/27/2025 07:16:38
$MEAS_TIM:
27106.38 27477.83
$MCA_CAL:
3
1.32118272781372E+001 1.29107522964478E+000 0.00000000000000E+000
$DATA:
0 2047
0
0
0
0
0
0
0
0
0
0
0
0
0
0
0
0
0
0
0
0
0
2281
2477
2691
2973
3475
3831
4077
4180
4044
3832
3806
3796
3615
3513
3570
3639
3937
3969
4410
4663
5116
5207
5322
5343
5288
5263
5284
5345
5619
5930
6109
6509
6835
7141
7622
7764
7987
8110
8154
8256
8472
9029
9561
10370
11368
12406
13089
13622
13369
12953
11882
11219
10046
9324
9126
8852
8959
9047
8716
8652
8215
7979
7613
7171
6676
6247
5868
5656
5574
5376
5318
5344
5090
5027
5060
4973
5023
4982
4846
5071
4755
4940
5019
4819
4874
5070
5176
5216
5191
5257
5327
5256
5259
5370
5340
5268
5070
5266
5161
5191
5118
5099
4969
5110
4822
5021
4924
4946
4876
4887
4954
4692
4867
4698
4623
4693
4625
4479
4380
4420
4328
4396
4320
4274
4367
4348
4161
4468
4535
4292
4556
4554
4722
4516
4762
4718
4561
4627
4590
4572
4413
4385
4280
4454
4355
4375
4406
4254
4414
4333
4239
4316
4254
4255
4284
4222
4221
4087
4248
4343
4452
4504
4403
4541
4633
5072
5537
5668
6247
6564
6689
7166
7455
7685
7868
8044
8068
8050
8013
7595
7587
7188
6784
6506
6093
5733
5456
5154
4739
4374
4166
3917
3676
3500
3432
3328
3306
3300
3095
3129
2944
3021
3017
3053
3048
3091
3054
3073
3032
3133
3016
3169
3092
3245
3370
3256
3249
3327
3270
3242
3279
3193
3193
3169
3155
3054
3167
2957
2967
2933
2772
2762
2643
2654
2661
2549
2567
2583
2565
2388
2407
2484
2617
2517
2582
2615
2674
2734
2883
2916
2949
2957
3070
3179
3205
3257
3274
3351
3503
3343
3386
3374
3447
3417
3314
3343
3314
3235
3131
3084
3062
2980
2728
2830
2566
2526
2509
2317
2247
2145
2060
1871
1944
1824
1689
1726
1610
1612
1518
1491
1429
1492
1394
1434
1409
1387
1397
1350
1448
1412
1401
1384
1316
1383
1386
1480
1361
1362
1322
1337
1348
1311
1315
1317
1340
1356
1298
1299
1338
1193
1326
1321
1342
1323
1311
1232
1320
1253
1252
1223
1252
1204
1288
1246
1241
1248
1210
1219
1242
1237
1186
1191
1275
1189
1183
1239
1314
1279
1268
1233
1242
1201
1240
1258
1227
1185
1273
1278
1187
1155
1238
1265
1231
1165
1097
1218
1183
1221
1144
1199
1171
1138
1177
1184
1230
1150
1128
1163
1198
1181
1183
1154
1214
1250
1204
1260
1233
1204
1206
1218
1202
1162
1142
1197
1201
1167
1141
1095
1157
1119
1123
1096
1057
1074
1018
1015
1076
1035
967
1021
1065
1057
925
1057
996
1024
1021
1049
1072
1069
1046
1089
1058
1140
1099
1147
1131
1253
1204
1316
1376
1327
1320
1377
1422
1480
1476
1536
1601
1583
1640
1629
1748
1690
1734
1776
1783
1782
1838
1817
1850
1790
1781
1844
1815
1821
1781
1813
1806
1711
1775
1806
1782
1723
1651
1706
1645
1646
1548
1535
1508
1484
1402
1442
1406
1261
1288
1307
1265
1188
1154
1141
1082
1114
991
1021
917
975
899
838
951
822
804
791
821
730
796
790
762
745
705
734
774
680
706
756
698
707
703
720
682
740
672
679
674
656
670
667
682
700
688
712
674
683
654
686
652
711
654
647
699
677
705
696
715
660
687
678
668
733
739
661
707
705
772
706
785
736
734
733
732
725
781
721
753
720
734
784
768
822
783
752
738
689
722
757
741
749
729
698
714
700
719
697
695
717
753
754
736
706
742
706
758
681
713
664
759
720
745
688
660
740
746
699
689
713
667
719
698
689
709
723
695
730
717
680
727
662
686
691
689
698
669
720
605
644
644
609
643
614
659
655
621
647
688
607
599
625
610
599
671
653
643
640
619
623
643
585
644
582
639
584
621
634
605
644
624
607
604
623
658
668
668
681
641
628
690
661
676
692
675
648
677
661
662
678
690
702
738
702
748
748
779
776
799
792
820
857
814
807
824
832
861
848
866
868
889
892
860
938
822
902
935
856
908
943
955
884
902
940
920
942
891
877
856
839
899
850
900
869
915
934
879
859
886
848
880
842
905
867
867
850
851
868
853
838
824
888
893
853
849
797
873
825
831
754
823
839
810
778
782
777
756
760
735
814
727
729
786
650
758
695
713
646
708
670
651
629
646
594
606
563
613
543
556
580
586
569
551
545
531
538
510
521
504
496
479
478
475
518
491
480
506
477
459
500
483
493
449
460
511
434
490
485
507
490
466
490
517
476
513
493
500
505
490
479
476
515
503
486
475
501
454
515
519
538
503
483
521
526
508
546
556
537
560
533
554
531
614
589
559
559
544
623
568
570
596
612
561
628
623
618
593
588
622
597
615
596
566
601
602
618
586
603
577
558
610
607
566
604
567
564
561
561
573
542
596
586
531
548
561
512
561
534
525
585
511
495
494
516
524
555
507
494
549
505
455
541
502
480
468
499
493
512
464
447
488
463
440
431
469
428
423
460
393
406
418
425
407
373
385
413
440
402
385
382
397
422
388
350
398
410
356
369
399
378
375
359
345
343
361
337
337
320
350
318
332
298
344
323
310
348
288
310
314
285
328
295
318
317
293
298
283
275
291
269
302
283
243
277
267
266
245
268
286
243
240
226
243
240
222
242
234
252
227
220
240
214
207
219
210
203
237
240
228
220
198
192
209
184
207
238
185
192
222
219
209
184
195
184
197
192
210
200
217
199
198
196
167
189
201
187
200
177
202
216
206
181
198
198
212
213
199
193
226
181
206
216
217
237
214
239
237
238
213
283
241
248
252
301
288
294
312
303
330
345
334
362
417
400
407
452
471
459
492
561
567
562
627
606
642
724
668
773
778
838
877
927
923
972
1017
1063
1050
1100
1175
1190
1225
1192
1337
1327
1418
1443
1461
1468
1435
1522
1551
1547
1567
1630
1720
1660
1711
1623
1635
1635
1721
1594
1560
1668
1658
1554
1577
1655
1617
1665
1520
1559
1506
1502
1408
1434
1373
1385
1351
1230
1228
1204
1233
1122
1155
1100
1062
962
947
919
916
860
808
759
747
697
692
670
608
680
618
551
498
496
476
441
466
447
437
360
391
352
317
304
300
294
280
247
257
242
237
238
215
194
216
199
198
177
192
183
166
167
156
171
141
149
150
164
161
173
143
137
142
140
142
127
130
130
147
125
146
140
120
146
141
131
128
143
132
154
130
125
134
141
109
144
133
120
120
133
90
121
133
143
110
123
133
114
115
123
117
92
111
110
100
102
109
113
105
116
125
98
105
101
105
84
93
93
111
96
92
90
97
84
108
94
83
94
101
96
108
80
77
83
82
83
93
90
87
93
81
92
81
82
78
75
105
88
80
97
80
84
104
88
97
80
100
83
90
102
103
96
95
88
104
74
95
83
108
80
110
96
98
104
125
110
96
113
129
109
127
122
114
117
137
154
130
116
112
133
147
127
138
132
130
129
105
130
142
136
117
143
126
137
114
114
131
102
118
104
134
113
107
110
105
116
140
109
101
120
120
108
101
141
118
93
117
107
102
117
99
89
85
95
103
94
91
93
80
68
90
86
74
75
93
93
77
74
74
84
76
96
70
82
62
73
68
65
68
70
76
85
66
56
70
68
63
65
62
68
74
59
67
64
51
63
61
57
56
59
48
62
77
67
63
57
59
59
40
50
57
62
53
54
56
58
59
58
53
56
60
62
58
61
51
62
56
43
47
50
53
58
60
61
44
52
55
49
49
64
40
42
50
50
50
53
60
58
51
50
41
51
46
45
58
37
53
43
44
48
37
44
49
45
50
39
57
38
50
33
46
44
43
47
41
44
40
55
48
42
45
33
50
45
46
55
50
47
44
36
43
43
42
37
40
37
53
42
42
41
40
46
53
48
48
37
41
43
43
46
37
50
44
35
39
40
40
40
47
44
32
39
45
32
36
39
41
40
49
46
49
47
62
43
47
40
39
48
40
54
49
48
51
54
49
58
57
65
65
45
65
67
62
64
58
65
53
67
53
52
46
77
59
65
75
69
56
65
67
59
80
81
72
68
75
97
77
70
78
65
75
64
81
63
78
84
91
91
78
81
71
80
76
70
77
62
75
64
63
72
66
79
90
83
74
67
64
79
60
69
83
81
67
75
56
82
89
63
69
73
61
67
68
77
69
72
67
65
73
65
77
70
60
71
67
62
63
65
60
70
53
61
66
56
83
82
68
65
56
67
65
65
53
52
65
75
65
73
53
60
62
49
64
60
54
77
60
68
74
70
46
50
55
53
49
62
54
54
55
60
62
55
66
46
47
41
58
63
37
51
49
61
55
47
55
42
45
50
45
49
38
36
48
43
45
45
54
53
55
49
54
50
51
47
34
56
47
51
57
49
43
48
41
41
43
40
40
32
39
54
40
61
36
57
25
39
45
50
54
37
44
39
52
47
58
36
44
37
42
26
43
49
47
46
30
39
37
34
42
31
38
36
45
39
32
31
30
44
33
25
42
27
35
35
32
27
37
35
29
32
45
33
33
37
27
45
31
28
29
25
41
32
27
26
29
32
32
24
29
36
32
31
29
28
31
30
30
26
19
43
21
27
28
26
29
32
27
26
25
27
21
21
31
23
36
27
28
26
21
31
25
28
29
22
23
27
27
25
35
18
19
29
28
30
19
25
19
20
20
19
26
21
23
25
29
33
25
28
27
25
34
26
27
29
30
38
25
32
29
29
30
37
38
38
39
48
38
25
44
41
49
39
33
36
42
54
44
56
39
68
49
66
78
54
36
51
49
65
69
77
68
79
90
85
89
81
85
91
66
99
92
98
75
85
90
96
111
104
94
121
118
110
104
102
109
106
97
120
108
128
114
109
113
107
104
107
106
106
117
115
111
113
121
100
99
117
123
111
112
118
124
96
118
96
92
90
89
92
84
105
81
84
84
94
102
112
73
80
89
89
67
67
72
66
69
69
73
52
56
44
60
50
64
59
51
60
54
47
43
52
46
41
48
29
50
54
56
37
35
39
32
31
30
30
31
30
36
37
24
23
35
30
37
38
21
31
24
35
29
21
29
18
30
30
21
23
16
21
20
24
20
$ROI:
42
143 193
144 194
424 531
429 529
440 544
440 545
440 549
443 544
443 553
490 516
604 1134
679 1395
772 934
800 953
827 855
828 856
840 1946
849 1974
857 2002
872 900
880 1058
887 915
914 1083
1010 1038
1208 1258
1345 1375
1418 1448
2436 2526
3229 3279
3607 3645
6449 6521
6459 6531
6463 6535
6464 6536
6467 6539
6471 6543
6482 6526
6489 6513
6497 6521
12997 13047
12999 13049
13000 13050
