$SPEC_ID:
GAMWIN
$SPEC_REM:


$DETDESC:

$DATE_MEA:
05/16/2025 13:48:00
$MEAS_TIM:
234291.42 237082.68
$MCA_CAL:
3
1.32118272781372E+001 1.29107522964478E+000 0.00000000000000E+000
$DATA:
0 2047
0
0
0
0
0
0
0
0
0
0
0
0
0
0
0
0
0
0
0
0
0
12895
13316
14716
16538
18937
21000
22139
22487
21798
21101
20719
20200
19905
20043
19903
20588
21796
22863
24525
26586
28061
29103
29533
29420
28722
28530
28889
30118
31060
31986
33975
35824
37618
39485
41396
42351
43306
43613
43926
44039
44983
46972
50273
54635
59915
64206
68232
69727
68684
65523
60222
55078
50579
47721
45881
44991
44593
44584
44589
43515
42251
40311
37919
35552
32984
30860
29025
27673
26620
25801
25432
25206
24979
24935
24795
24490
24524
24418
23684
23850
23910
24158
24091
24166
24094
24646
25002
25509
25487
25920
26070
26033
25936
25890
25439
25460
25291
25211
24862
25178
24562
24745
24570
24420
24725
24390
24612
24249
24034
24007
23720
23476
23282
23154
23055
22822
22278
22541
21796
21695
21778
21682
21507
21560
21229
21659
21680
22152
22765
22890
22920
23438
23356
23610
23339
23645
23423
23089
22858
22830
22356
21905
22111
21526
21341
21264
21198
21392
21008
21144
21164
21215
20887
21133
21001
20893
20932
20537
21089
20711
21259
21801
22308
23188
24308
25735
27322
28761
30584
32117
34159
35657
37085
38154
38717
39202
39147
38971
38282
37367
36171
34562
32985
31404
29434
27793
26106
24310
22721
21583
19976
18888
18033
17556
17131
16511
16191
15913
15459
15781
15686
15062
15567
15685
15587
15835
15699
16176
15978
16310
16298
16468
16767
17023
16896
17004
17199
17130
17321
17311
17033
17265
16929
16807
16549
16281
15892
15860
15382
15021
14699
14221
13845
13506
13380
12962
12995
12555
12717
12637
12526
12604
12800
12958
13125
13457
14017
14238
14651
14633
15318
15651
16378
16634
16983
17116
17486
17457
17698
17923
17995
17840
18024
18019
17764
17578
17486
17030
16643
16412
15736
15351
15136
14426
13763
13211
13003
11982
11415
11042
10635
10183
9920
9394
9183
8816
8374
8307
8048
7804
7805
7730
7634
7361
7345
7225
7234
7093
7183
7151
7332
7260
7131
7174
7099
7016
7085
7143
7141
7046
6966
6774
6882
6896
6825
6649
6772
6827
6685
6554
6652
6541
6606
6632
6414
6670
6570
6556
6420
6361
6380
6343
6465
6355
6478
6375
6446
6430
6370
6440
6478
6470
6463
6438
6467
6340
6421
6444
6424
6529
6525
6461
6530
6506
6216
6403
6292
6274
6429
6449
6426
6205
6351
6197
6137
6047
6105
6151
6103
6152
6175
6144
6112
6150
6181
6128
6231
6057
6094
6266
6145
6313
6287
6383
6276
6257
6287
6369
6254
6452
6213
6289
6227
6190
6168
6140
5882
6182
5811
5850
5644
5662
5618
5467
5478
5488
5441
5503
5177
5317
5294
5330
5425
5278
5381
5242
5328
5391
5424
5471
5515
5704
5747
5791
5897
5970
6001
6277
6379
6523
6615
6909
7089
7158
7355
7700
7841
7800
8330
8337
8373
8434
8758
8845
8919
8973
9202
9409
9264
9501
9586
9496
9713
9409
9529
9769
9477
9507
9476
9445
9284
9240
9405
9031
8897
8984
8660
8408
8472
8146
7868
7871
7585
7288
7227
7155
6803
6604
6455
6195
6073
5785
5676
5393
5376
5189
5074
4906
4732
4683
4517
4414
4382
4272
4142
4019
4002
4062
3926
3879
3877
3761
3834
3833
3779
3792
3878
3703
3568
3604
3632
3587
3527
3599
3548
3480
3570
3621
3596
3628
3618
3528
3550
3550
3557
3566
3572
3531
3571
3576
3577
3584
3666
3655
3620
3675
3689
3696
3807
3747
3852
3633
3860
3819
3944
3822
3880
3826
3846
3675
3938
3875
3834
3923
3891
3825
3835
3954
3921
3884
3913
3930
4011
3916
3879
3851
3905
3943
3835
3848
3786
3756
3818
3813
3752
3720
3784
3799
4004
3856
3874
3877
3843
3789
3702
3605
3917
3782
3737
3838
3863
3777
3787
3849
3693
3713
3806
3597
3649
3837
3719
3648
3655
3606
3467
3613
3589
3643
3610
3527
3548
3397
3485
3437
3219
3396
3404
3377
3349
3268
3291
3255
3319
3278
3255
3243
3243
3190
3218
3262
3300
3257
3269
3264
3271
3239
3234
3290
3249
3259
3314
3194
3323
3322
3286
3291
3423
3352
3320
3381
3347
3299
3364
3391
3373
3358
3422
3434
3469
3496
3433
3531
3585
3482
3636
3669
3710
3848
3814
3882
3911
3962
3971
3979
4110
4191
4101
4195
4310
4213
4246
4298
4382
4318
4539
4542
4447
4630
4497
4519
4572
4495
4565
4615
4519
4583
4616
4523
4554
4361
4411
4523
4433
4507
4596
4410
4588
4350
4522
4457
4337
4271
4454
4527
4285
4386
4366
4305
4405
4299
4235
4347
4224
4138
4295
4187
4195
4365
4223
4122
4193
4163
4162
4093
4337
4063
4224
3999
4052
3988
3860
3871
3772
3764
3678
3841
3671
3634
3563
3551
3499
3486
3388
3413
3268
3257
3084
3249
3054
3127
2923
3002
3015
2976
2863
2857
2808
2785
2793
2757
2692
2640
2670
2658
2644
2688
2630
2656
2609
2632
2590
2619
2523
2590
2553
2616
2563
2497
2646
2573
2561
2445
2569
2538
2544
2521
2560
2575
2574
2660
2537
2481
2628
2517
2606
2668
2726
2663
2645
2639
2700
2645
2683
2735
2748
2764
2804
2695
2839
2906
2866
2932
2929
2934
2894
2872
2943
3017
2937
3089
2997
3048
3068
3028
3036
3128
3113
2997
3076
3053
3112
3125
3155
3210
3093
3116
3242
3236
3215
3251
3060
3145
3141
3133
3132
3147
3072
3100
3088
3081
2998
2963
3094
3010
2999
2964
2935
2845
2783
2878
2848
2863
2821
2741
2765
2814
2750
2710
2732
2760
2671
2722
2626
2593
2605
2579
2518
2478
2530
2545
2444
2558
2451
2400
2392
2476
2416
2314
2369
2275
2296
2275
2235
2179
2251
2206
2196
2223
2123
2208
2116
2157
2047
2034
2065
1954
2054
1983
1984
1980
1955
1891
1890
1877
1877
1927
1810
1774
1776
1764
1848
1826
1773
1736
1753
1700
1678
1616
1668
1612
1680
1662
1552
1626
1648
1614
1521
1468
1547
1442
1520
1477
1530
1445
1358
1386
1315
1412
1425
1376
1286
1353
1278
1292
1288
1266
1224
1343
1252
1217
1254
1262
1188
1183
1188
1200
1143
1178
1176
1133
1124
1141
1087
1107
1108
1088
1093
1156
1078
1031
1042
1020
1022
1039
1044
1052
1055
1043
1000
1053
987
994
951
1026
1056
1011
1128
1036
1013
1017
1036
1031
1069
1120
1041
1082
1108
1062
1092
1096
1043
1149
1096
1154
1229
1213
1197
1188
1262
1291
1304
1303
1363
1342
1386
1513
1418
1585
1571
1606
1698
1733
1707
1908
1951
2078
2093
2262
2224
2364
2474
2596
2743
2933
2920
2988
3246
3350
3510
3612
3904
4001
4147
4374
4515
4563
4817
4961
5158
5531
5637
5812
5972
6125
6281
6603
6618
7005
7171
7104
7344
7636
7745
7774
7796
8148
7993
8286
8046
8454
8261
8429
8408
8477
8371
8472
8417
8383
8193
8356
8088
8206
7805
7847
7758
7714
7519
7310
7257
7198
6902
6736
6648
6347
6301
6023
5867
5811
5525
5298
5245
5014
4759
4749
4448
4177
3985
3913
3657
3514
3465
3244
3217
2985
2756
2681
2654
2618
2432
2309
2260
2097
1981
1861
1809
1803
1651
1552
1539
1463
1397
1384
1311
1253
1158
1168
1070
1016
1056
999
910
1008
951
910
912
927
836
870
802
788
746
751
817
784
784
756
763
742
734
712
703
753
702
685
701
671
701
631
658
684
683
681
690
666
684
656
647
651
640
672
694
638
620
621
615
588
589
626
633
588
554
615
612
613
595
566
627
578
591
561
537
529
534
549
557
539
542
502
513
532
541
496
525
544
494
522
514
498
487
492
488
479
483
471
511
503
466
488
473
427
462
460
459
473
500
464
454
481
431
442
423
486
455
450
504
450
480
517
478
458
465
492
561
529
550
553
510
578
621
540
587
596
570
631
636
611
650
657
680
642
670
647
629
703
694
695
710
710
700
767
689
679
747
776
672
708
757
745
740
715
732
750
740
758
682
762
762
707
745
700
721
741
713
688
760
680
700
704
670
685
681
679
620
627
642
647
639
581
549
559
576
579
550
574
542
534
537
535
532
516
501
512
487
514
477
487
489
472
445
463
433
439
435
442
445
437
427
407
435
425
364
376
385
418
389
371
394
372
343
378
392
385
390
358
352
352
405
359
372
384
336
330
398
347
345
324
324
361
310
374
300
362
311
312
334
300
301
301
287
299
298
317
328
313
325
299
279
303
272
313
291
302
265
296
277
292
293
292
289
259
270
289
272
259
266
276
243
245
292
253
281
237
247
268
272
259
270
264
253
269
265
252
257
264
229
224
255
256
250
227
252
231
224
256
238
245
255
248
240
261
220
259
248
248
238
224
240
245
260
206
253
234
241
256
235
243
256
248
250
221
242
250
247
256
239
237
260
244
231
234
243
236
245
213
229
249
204
213
212
211
251
223
237
240
237
235
264
260
266
255
277
247
264
247
265
273
272
261
268
240
258
263
268
326
272
308
289
301
283
277
333
296
325
290
304
289
320
312
323
320
351
369
344
355
397
330
320
354
358
357
371
386
372
360
382
377
399
383
388
398
400
396
405
410
352
387
378
377
365
397
386
388
420
383
389
401
385
371
417
419
397
391
392
406
381
366
385
370
363
373
397
395
376
395
395
347
396
359
361
379
402
355
380
393
382
380
382
363
354
341
322
368
371
319
337
360
360
354
372
371
353
354
378
380
319
337
339
349
372
340
336
338
324
345
341
354
334
343
337
342
329
314
311
320
356
317
306
340
323
318
269
295
286
302
312
299
300
305
328
297
341
302
323
332
283
293
284
296
278
289
278
285
291
251
308
267
297
267
279
301
270
265
277
270
247
248
247
286
272
268
269
273
244
281
256
246
242
257
264
251
234
243
290
211
230
240
237
260
223
263
242
259
212
224
242
216
251
259
228
218
238
212
200
196
203
225
227
239
199
213
194
199
212
200
206
212
201
186
200
190
211
197
189
176
192
209
204
200
208
196
218
185
176
196
196
172
219
153
176
188
171
189
175
174
159
184
184
158
164
175
160
149
168
173
165
162
160
172
169
180
180
168
170
144
173
150
137
166
154
174
168
163
162
145
182
159
155
132
146
133
162
144
156
127
144
157
160
161
134
156
153
143
135
151
135
158
136
119
153
132
133
178
157
128
153
121
138
169
138
153
132
128
127
146
165
129
139
143
147
152
152
163
148
157
160
142
167
134
144
173
158
144
146
182
172
205
181
184
211
196
203
213
216
207
236
232
248
220
261
260
246
267
269
278
318
310
298
343
347
353
337
358
372
368
368
387
378
426
424
387
448
450
456
421
441
426
465
511
503
521
482
534
526
505
494
497
550
524
547
536
548
491
513
522
522
512
539
548
530
515
499
547
541
575
537
556
521
554
516
485
496
496
511
509
473
503
473
458
501
461
436
460
465
437
422
408
391
405
393
369
369
376
340
337
339
320
327
324
342
335
329
317
276
292
296
273
261
241
274
255
269
270
222
233
242
221
202
221
219
201
200
217
187
199
200
198
169
183
176
156
159
183
141
145
155
159
144
153
148
128
146
141
122
136
133
121
127
124
123
114
107
123
115
130
113
108
112
$ROI:
42
143 193
144 194
424 531
429 529
440 544
440 545
440 549
443 544
443 553
490 516
604 1134
679 1395
772 934
800 953
827 855
828 856
840 1946
849 1974
857 2002
872 900
880 1058
887 915
914 1083
1010 1038
1208 1258
1345 1375
1418 1448
2436 2526
3229 3279
3607 3645
6449 6521
6459 6531
6463 6535
6464 6536
6467 6539
6471 6543
6482 6526
6489 6513
6497 6521
12997 13047
12999 13049
13000 13050
