$SPEC_ID:
GAMWIN
$SPEC_REM:


$DETDESC:

$DATE_MEA:
05/22/2025 06:58:11
$MEAS_TIM:
27169.58 27487.24
$MCA_CAL:
3
1.32118272781372E+001 1.29107522964478E+000 0.00000000000000E+000
$DATA:
0 2047
0
0
0
0
0
0
0
0
0
0
0
0
0
0
0
0
0
0
0
0
0
1430
1464
1701
1864
2163
2360
2493
2604
2418
2416
2265
2192
2152
2208
2286
2275
2392
2599
2860
3174
3442
3520
3642
3549
3519
3297
3219
3240
3341
3379
3680
3939
4109
4343
4635
4800
5025
5089
5222
5113
5221
5605
6140
6770
7726
8791
9487
9947
9907
9524
8473
7631
6718
6234
5971
5941
5747
5857
5604
5591
5267
5098
4690
4228
3915
3424
3174
2754
2697
2513
2554
2397
2333
2360
2354
2307
2337
2331
2252
2292
2198
2332
2126
2264
2224
2355
2395
2437
2431
2462
2500
2581
2631
2516
2558
2507
2470
2504
2455
2575
2459
2529
2481
2440
2547
2459
2447
2439
2497
2407
2482
2400
2457
2378
2395
2296
2277
2229
2278
2228
2259
2111
2174
2234
2279
2293
2416
2328
2453
2420
2524
2629
2614
2589
2755
2665
2722
2714
2591
2542
2505
2442
2415
2327
2423
2365
2327
2276
2244
2210
2273
2273
2263
2277
2220
2246
2165
2234
2228
2241
2337
2314
2400
2509
2716
2954
3027
3309
3779
3955
4183
4535
4845
4984
5161
5216
5228
5278
5180
4971
4788
4727
4330
4136
3854
3582
3350
3110
2880
2588
2479
2285
2042
1995
1945
1875
1801
1799
1705
1671
1786
1782
1763
1805
1701
1745
1815
1864
1884
1970
2014
2103
2077
2098
2258
2211
2177
2277
2260
2305
2379
2221
2304
2203
2265
2195
2131
2131
2043
1929
1923
1795
1721
1710
1592
1579
1553
1503
1461
1448
1556
1478
1548
1591
1625
1653
1635
1771
1909
1923
2027
2095
2132
2219
2324
2444
2429
2484
2505
2724
2709
2681
2675
2638
2697
2696
2715
2585
2541
2458
2489
2345
2258
2145
2022
1934
1839
1795
1699
1545
1464
1416
1240
1207
1119
1071
942
967
991
877
857
809
844
795
784
788
780
756
747
714
747
768
748
822
761
728
747
749
676
699
743
720
733
699
717
689
630
646
674
673
656
690
628
652
675
605
633
655
664
615
617
581
611
603
643
619
611
583
634
598
677
644
600
640
694
645
622
637
650
677
615
633
653
637
655
710
698
621
717
634
675
620
629
666
679
673
661
684
634
686
656
702
660
632
643
665
642
679
611
642
640
664
698
681
666
715
692
685
687
667
672
649
663
663
716
671
625
633
668
653
649
598
639
621
593
603
607
621
605
611
570
554
589
519
602
608
604
614
607
593
590
622
626
626
657
676
752
746
727
809
797
892
869
920
910
972
989
1027
1040
1075
1097
1131
1175
1176
1178
1179
1263
1241
1296
1299
1346
1349
1375
1350
1414
1396
1505
1402
1486
1421
1436
1394
1396
1399
1399
1370
1371
1341
1277
1269
1232
1204
1121
1158
1072
1069
1035
1005
914
935
843
861
779
750
722
678
670
632
611
612
561
518
509
532
485
480
480
454
488
424
430
432
444
386
467
380
414
354
409
424
359
361
371
397
381
381
385
363
362
344
380
369
386
391
357
377
404
338
397
403
382
379
380
416
376
389
375
396
384
402
366
357
423
410
444
444
431
381
407
387
378
401
448
477
422
429
433
432
442
400
426
400
472
483
431
428
402
428
408
480
421
434
462
442
432
427
422
436
442
427
394
424
467
403
424
410
451
421
477
404
416
450
444
408
429
410
460
412
438
444
400
397
423
377
404
402
384
391
391
378
368
389
357
387
306
335
352
341
326
365
347
347
345
334
347
346
306
304
343
326
326
309
362
351
322
288
340
326
326
327
348
339
335
351
323
337
347
317
346
352
317
351
382
310
389
379
352
362
351
338
378
374
331
337
365
371
376
397
359
414
394
423
442
437
450
453
438
422
455
460
541
509
476
484
497
500
515
524
508
547
514
496
521
542
545
524
497
525
535
526
510
516
500
494
531
498
502
521
486
513
484
473
506
472
524
482
487
476
451
447
479
467
467
440
474
468
450
464
433
443
435
409
443
385
437
413
442
431
441
401
401
422
410
399
403
375
354
349
362
361
324
340
364
313
316
318
308
303
327
320
268
291
272
270
282
281
259
231
241
232
242
236
253
242
229
213
214
247
239
204
208
199
207
197
214
196
195
202
203
209
199
203
187
243
202
203
236
250
210
218
207
245
214
205
203
245
245
230
200
213
250
243
249
232
238
224
246
235
243
250
262
251
275
296
256
309
271
286
296
312
294
292
299
278
313
335
305
300
269
301
323
300
320
341
313
302
308
311
314
326
307
335
305
291
336
320
332
286
284
293
293
268
298
285
278
265
270
270
284
264
232
253
234
235
267
208
255
243
238
226
208
249
210
199
200
220
183
205
206
203
197
211
221
187
220
184
195
185
172
184
188
196
190
150
171
203
193
176
176
207
166
169
171
165
166
204
174
173
176
145
151
164
189
164
172
180
188
175
179
153
177
200
186
158
177
152
169
133
169
157
154
182
187
162
188
170
180
128
173
165
165
152
148
154
168
155
150
160
159
136
156
135
139
135
132
144
137
135
138
136
143
144
126
130
123
122
130
108
121
109
122
136
115
141
131
147
102
112
118
118
123
110
106
109
116
116
117
115
136
102
105
108
121
102
114
131
124
120
114
114
121
122
120
121
115
136
101
121
119
143
137
127
130
118
116
122
152
130
153
119
136
133
146
161
137
173
157
140
151
150
160
177
171
179
155
167
158
161
202
188
187
194
173
209
205
206
231
213
199
189
242
211
228
233
240
271
245
280
276
302
262
301
288
320
315
299
298
310
328
327
365
331
398
342
367
393
398
386
375
403
388
402
379
387
392
346
410
413
402
391
406
408
354
378
381
354
348
381
349
348
314
310
334
313
318
311
302
293
253
281
250
259
271
248
255
254
228
220
235
220
206
188
193
178
171
155
156
176
138
173
156
153
159
149
130
145
135
150
118
133
141
125
119
121
106
124
114
109
95
107
115
107
105
88
117
103
106
83
116
95
84
107
104
89
116
109
100
96
92
115
96
114
91
125
105
89
98
77
104
107
106
106
92
82
83
92
95
96
92
104
76
95
79
93
90
102
86
93
88
86
88
98
109
104
75
76
87
78
86
80
74
79
93
70
82
67
93
83
71
87
71
68
65
73
86
87
80
70
91
56
67
64
61
68
64
86
72
55
66
63
77
67
72
81
78
72
69
64
67
59
57
72
66
78
61
77
58
69
94
65
87
84
91
83
81
92
90
101
87
97
75
109
93
96
100
95
106
111
95
78
100
108
100
98
102
105
120
136
123
98
129
130
109
113
145
122
136
139
126
121
135
111
117
115
124
149
132
117
125
106
138
138
130
122
126
116
114
136
122
123
141
120
103
112
125
115
91
98
118
105
109
110
113
127
99
97
89
95
82
91
85
85
75
78
73
72
93
79
81
90
83
64
72
70
86
79
55
62
63
51
73
76
60
61
69
76
66
66
57
72
55
49
54
58
58
50
62
66
62
53
52
65
58
67
67
62
42
59
55
55
64
59
49
67
50
48
53
51
52
49
53
47
49
48
41
38
37
44
43
52
52
55
42
37
47
43
45
43
40
45
41
52
33
44
50
38
51
36
36
41
43
44
45
45
41
40
38
33
26
39
30
31
42
26
32
29
46
32
33
46
30
41
38
34
28
31
41
37
27
39
28
35
36
35
27
37
28
31
38
30
19
39
36
35
27
24
33
38
39
32
36
25
38
38
24
27
33
31
32
25
40
39
39
32
31
35
25
31
42
32
30
35
41
23
38
23
32
34
29
43
39
44
28
41
38
47
25
42
32
38
43
35
37
32
28
45
37
51
53
43
39
38
39
44
36
44
46
53
40
45
51
48
42
43
50
25
54
74
56
54
41
56
42
43
41
66
50
57
51
56
43
56
42
51
62
44
51
53
59
47
55
48
48
45
53
46
66
58
56
54
58
68
49
48
55
58
66
39
68
47
64
48
48
53
73
57
65
50
45
60
59
54
52
54
71
46
70
61
52
52
57
63
51
58
63
59
44
56
56
43
52
41
65
64
50
60
60
62
44
44
52
37
62
43
40
50
43
46
41
44
47
55
47
43
38
37
49
42
50
40
45
47
44
38
45
50
46
48
53
51
45
47
43
43
48
49
49
39
45
42
42
39
30
45
40
44
44
39
45
34
43
26
38
31
36
53
35
55
48
49
39
37
39
46
36
42
34
30
39
23
29
33
45
31
35
41
29
33
42
32
33
27
31
38
29
30
22
34
33
24
27
35
29
28
28
30
35
25
21
25
28
22
33
32
14
15
21
19
21
34
33
23
31
25
27
16
28
33
30
21
29
27
20
23
33
24
24
18
28
25
26
33
27
23
17
33
32
33
22
30
25
21
20
21
23
23
25
23
28
17
18
21
19
31
25
28
16
20
24
22
22
22
17
21
17
23
23
29
24
23
17
20
28
19
21
24
15
22
20
12
22
20
21
18
20
23
20
18
20
16
17
17
20
20
20
16
20
17
22
20
18
20
13
11
19
16
26
21
16
18
26
20
22
18
19
20
18
24
18
24
30
19
26
21
24
26
38
20
20
32
33
30
23
25
19
27
23
25
31
26
28
35
38
25
43
41
43
38
40
50
38
51
51
66
44
52
57
49
51
57
53
58
67
63
76
66
67
77
74
71
78
58
77
62
65
74
72
71
78
78
78
70
70
72
65
85
80
86
79
75
74
66
71
66
77
72
71
62
62
74
58
67
73
52
64
82
79
68
59
66
65
67
61
62
52
65
63
53
59
60
52
50
55
49
51
53
41
48
30
42
46
46
36
51
47
45
43
43
43
31
38
46
27
31
38
29
30
37
38
33
29
24
33
26
34
29
25
23
21
16
24
25
25
19
23
16
15
17
20
22
12
19
13
19
20
22
17
26
14
25
15
19
11
12
12
11
22
$ROI:
42
143 193
144 194
424 531
429 529
440 544
440 545
440 549
443 544
443 553
490 516
604 1134
679 1395
772 934
800 953
827 855
828 856
840 1946
849 1974
857 2002
872 900
880 1058
887 915
914 1083
1010 1038
1208 1258
1345 1375
1418 1448
2436 2526
3229 3279
3607 3645
6449 6521
6459 6531
6463 6535
6464 6536
6467 6539
6471 6543
6482 6526
6489 6513
6497 6521
12997 13047
12999 13049
13000 13050
