$SPEC_ID:
GAMWIN
$SPEC_REM:


$DETDESC:

$DATE_MEA:
05/20/2025 06:47:12
$MEAS_TIM:
27352.68 27866.52
$MCA_CAL:
3
1.32118272781372E+001 1.29107522964478E+000 0.00000000000000E+000
$DATA:
0 2047
0
0
0
0
0
0
0
0
0
0
0
0
0
0
0
0
0
0
0
0
0
3681
3963
4182
4620
5140
5815
6061
6160
6155
5891
5706
5499
5405
5386
5411
5451
5734
6063
6483
6939
7504
7860
7995
7891
7750
7546
7528
7651
7787
8156
8900
9568
10040
10867
11523
11948
12602
12851
13417
13697
14382
15298
17158
19204
21257
23669
25694
26673
26757
25534
23631
21443
19672
18417
17665
17658
17445
17582
17671
17174
16914
16018
15210
14061
12994
12228
11345
10695
10299
10160
10163
9913
9766
9757
9708
9810
9583
9693
9608
9608
9565
9697
9930
9799
9955
9922
10129
10180
10529
10829
10787
10896
10764
10663
10605
10588
10526
10351
10511
10617
10341
10475
10557
10464
10562
10465
10212
10298
10060
10121
9963
10000
10109
9834
9687
9828
9521
9391
9344
9482
9262
9231
9071
9246
9221
9184
9266
9142
9374
9566
9761
10001
10091
10015
9931
10111
9970
9868
9645
9574
9613
9467
9172
9328
9190
9031
9254
9207
9109
8911
8889
8876
8795
8874
8700
8746
8724
8600
8601
8657
8669
8843
8890
9291
9900
10484
11089
12088
12676
13602
14594
15090
16137
16742
17178
17184
17391
17425
17127
16655
16130
15476
14746
13877
12961
12107
11393
10575
9666
8941
8462
7881
7362
7167
6771
6543
6234
6183
6145
6081
5988
5928
5865
6037
6043
6058
5968
6162
6215
6247
6470
6506
6598
6692
6717
7019
6997
7038
6967
7177
7103
7276
6912
6991
6761
6853
6634
6413
6310
6021
5820
5879
5502
5480
5259
5200
5079
4903
4794
4805
4886
4859
4965
5179
5002
5429
5431
5613
5889
5930
6299
6540
6568
6909
7016
7184
7270
7388
7725
7651
7820
7903
7785
7768
7756
7692
7633
7235
7245
6995
6938
6626
6391
6169
5919
5758
5195
5065
4680
4552
4259
4063
3750
3575
3402
3174
3057
2925
2864
2696
2670
2667
2599
2487
2502
2510
2359
2359
2395
2389
2310
2337
2354
2370
2322
2235
2266
2306
2251
2219
2170
2255
2128
2119
2251
2158
2197
2111
2063
2056
2099
2026
2024
2016
1995
2007
1964
1996
1891
1904
2065
1998
1927
1927
1973
1993
1948
1893
1939
1953
1916
1995
2022
1958
2004
2061
2010
2039
2086
2080
2004
2086
2066
2056
1969
2018
2043
1924
2006
2035
2004
1969
2043
1993
1970
1970
2029
1903
1963
2004
2049
2004
1934
1902
1947
1968
1975
2080
1954
2049
1995
1982
2044
2079
2054
2151
2004
2055
2023
2106
1992
2094
2054
2055
2102
1924
1977
1947
1955
1923
1907
1860
1865
1775
1837
1774
1798
1798
1661
1734
1700
1683
1776
1658
1731
1709
1742
1805
1787
1783
1905
2018
1924
2091
2088
2139
2114
2211
2312
2333
2491
2619
2668
2669
2889
2853
3012
3138
3109
3118
3314
3443
3473
3551
3621
3676
3750
3889
3796
3829
3940
3940
3982
3992
3991
4085
3971
4103
3934
4066
3872
3988
3787
3849
3735
3765
3591
3486
3426
3429
3403
3312
3215
3084
3094
2907
2716
2684
2561
2448
2350
2276
2165
2076
2091
1988
1902
1733
1729
1644
1558
1537
1472
1366
1358
1326
1287
1186
1236
1224
1182
1145
1160
1129
1111
1117
1185
1144
1071
1151
1119
1039
1132
1037
1100
1014
1040
1087
1049
1013
1121
1062
1043
1053
1025
999
1053
1071
1006
1036
1081
1036
1079
1116
1160
1119
1045
1123
1133
1176
1134
1189
1188
1206
1247
1187
1195
1170
1221
1255
1193
1228
1252
1280
1238
1158
1231
1219
1225
1207
1261
1249
1216
1286
1266
1295
1236
1189
1188
1175
1189
1229
1252
1218
1186
1190
1241
1142
1208
1206
1201
1142
1220
1272
1198
1207
1191
1225
1181
1144
1222
1191
1216
1211
1139
1237
1182
1119
1121
1173
1207
1157
1171
1159
1178
1097
1151
1118
1075
1064
1047
1029
1050
1051
1030
1029
1041
1001
1010
952
989
995
970
928
974
958
938
968
954
915
902
949
930
932
951
911
931
910
964
920
950
940
978
930
946
929
962
948
961
957
921
968
910
948
1000
977
978
1051
1065
957
1081
1032
1085
1065
1098
1099
1115
1081
1219
1219
1238
1224
1210
1250
1314
1271
1351
1286
1365
1358
1374
1360
1381
1469
1451
1478
1540
1579
1559
1605
1593
1594
1528
1574
1551
1560
1564
1589
1563
1597
1546
1537
1561
1469
1505
1482
1565
1477
1510
1498
1427
1447
1344
1438
1430
1401
1403
1475
1347
1389
1281
1396
1373
1333
1315
1400
1333
1367
1367
1278
1332
1326
1358
1235
1292
1211
1250
1267
1242
1210
1207
1141
1118
1132
1091
1069
1031
1015
1101
1022
924
889
894
991
887
893
873
823
811
811
786
709
726
727
662
711
693
678
683
599
651
624
571
634
617
555
564
548
533
520
556
528
538
514
514
538
485
488
500
498
490
500
506
502
482
525
485
454
507
513
498
491
479
547
498
515
474
506
499
578
558
510
571
528
543
499
589
565
601
582
598
545
567
630
559
660
663
639
705
634
692
694
634
733
738
750
755
735
730
773
729
755
716
712
730
736
735
753
755
756
774
724
780
766
722
713
718
719
731
691
700
725
693
699
608
657
590
608
639
629
637
616
632
576
574
547
597
526
539
508
504
504
526
527
476
488
467
461
484
497
434
428
452
464
435
425
414
447
402
450
417
351
389
376
424
408
394
369
389
415
405
393
404
410
425
438
413
439
407
429
418
461
435
435
426
390
472
419
411
405
409
449
455
411
434
442
435
415
410
397
421
395
421
363
404
378
427
419
384
434
412
424
415
385
378
391
415
383
361
380
371
360
358
387
376
366
385
380
309
357
321
317
336
337
310
313
295
335
339
337
346
290
311
308
299
291
320
294
299
265
307
323
289
337
312
292
308
310
324
316
293
332
290
310
281
322
315
333
306
321
304
294
338
317
336
345
332
339
313
340
301
346
344
355
370
366
337
369
356
341
360
374
366
415
353
379
365
362
424
357
370
368
395
411
394
418
378
386
392
377
381
393
366
407
396
404
401
404
435
453
455
487
421
435
425
461
425
435
465
496
471
490
471
518
461
481
457
491
500
466
504
520
478
486
496
486
550
503
495
522
504
546
491
529
539
512
508
510
500
536
536
503
500
481
474
493
443
467
513
495
449
484
444
427
453
474
457
445
399
423
425
427
401
391
428
381
427
382
415
329
350
386
326
358
297
344
317
348
294
297
316
298
294
291
277
300
321
291
264
299
282
303
284
281
309
282
274
263
269
266
312
288
290
277
272
300
292
273
266
302
267
322
258
268
301
301
289
316
278
297
316
259
293
323
291
278
282
309
283
292
305
304
302
294
283
282
312
286
281
285
286
286
299
289
282
309
304
303
303
266
266
265
260
266
302
244
267
253
246
278
247
267
238
284
245
248
259
252
245
277
262
191
226
243
205
240
244
225
205
203
204
222
205
215
204
198
205
211
199
213
232
219
202
206
203
193
224
193
201
229
209
250
212
213
210
214
202
207
225
207
225
246
218
240
227
255
253
243
243
246
261
297
287
257
248
260
299
285
289
304
273
326
304
304
284
317
320
328
316
339
331
352
355
350
306
356
342
332
335
370
346
366
337
333
356
391
337
389
338
338
390
377
371
326
356
349
348
327
327
331
312
340
300
316
315
299
285
315
296
303
264
272
281
263
259
229
258
244
233
242
223
234
239
234
232
228
208
218
199
201
186
209
195
198
205
167
183
195
188
199
188
186
192
174
182
189
176
191
167
176
174
149
180
179
149
160
142
162
149
141
173
136
173
147
154
137
148
134
161
136
166
139
138
128
146
145
122
118
130
128
143
116
122
113
145
122
128
121
138
145
127
124
123
124
122
110
133
113
107
102
127
105
127
110
98
97
119
119
136
116
133
103
109
111
124
99
103
112
110
98
103
111
108
92
99
105
98
104
96
107
95
116
86
92
111
80
106
94
99
95
86
105
80
89
104
90
91
92
99
97
100
92
88
96
99
91
119
81
97
98
101
94
89
88
111
105
90
112
98
93
93
106
94
90
91
86
106
105
101
104
97
88
97
114
85
106
102
106
101
94
86
102
116
110
115
126
100
107
103
96
99
117
119
126
110
92
116
115
107
122
106
138
122
134
117
129
126
123
150
144
145
140
143
182
143
154
161
173
150
155
148
161
154
164
165
164
169
160
164
170
172
170
190
171
176
146
173
164
146
169
175
176
191
190
173
191
178
180
173
196
191
197
167
167
169
183
177
165
185
174
179
190
169
167
168
148
182
159
187
181
158
149
190
182
177
181
155
170
169
136
159
180
156
156
159
178
160
161
168
148
175
166
145
165
167
156
203
127
172
154
154
166
154
147
141
171
141
185
152
173
165
159
156
125
136
152
159
144
124
166
175
150
130
124
145
128
137
134
135
126
126
146
126
144
136
138
153
141
132
139
135
154
158
107
136
116
118
115
113
111
114
110
112
119
123
111
109
98
120
106
140
131
106
102
103
113
109
123
107
102
110
101
127
101
107
95
81
105
108
105
96
98
106
100
88
113
119
101
101
115
96
106
78
93
90
95
102
88
94
100
65
76
85
94
94
92
84
96
93
73
74
85
79
82
78
96
71
78
76
75
69
59
74
64
71
79
92
77
67
77
79
70
54
61
83
78
66
63
83
63
71
49
66
71
72
57
65
80
69
83
64
60
66
68
75
79
67
61
73
67
57
80
71
71
74
67
47
68
45
61
59
56
65
57
68
48
55
68
53
82
58
57
52
45
66
74
53
71
54
49
67
64
51
56
56
56
55
59
59
56
62
45
60
61
62
61
64
58
61
56
52
58
58
63
55
46
62
67
47
79
67
82
75
66
63
81
70
76
75
66
75
76
68
83
107
95
101
79
101
103
103
100
113
112
116
127
129
128
141
124
144
148
165
163
165
168
156
184
221
212
195
163
196
216
182
192
187
218
197
229
223
215
212
251
249
224
245
241
259
221
254
214
237
263
252
260
266
249
249
245
234
247
236
258
257
246
265
239
271
240
261
248
235
220
256
243
239
222
222
235
215
241
203
208
240
229
196
193
196
201
187
185
200
161
176
166
182
155
164
163
150
157
152
135
136
134
126
114
100
137
110
120
115
94
103
102
105
101
91
87
102
103
89
77
103
79
84
69
92
81
79
62
65
78
86
53
67
79
59
42
63
59
53
57
55
63
53
54
46
56
43
51
58
51
38
50
57
$ROI:
42
143 193
144 194
424 531
429 529
440 544
440 545
440 549
443 544
443 553
490 516
604 1134
679 1395
772 934
800 953
827 855
828 856
840 1946
849 1974
857 2002
872 900
880 1058
887 915
914 1083
1010 1038
1208 1258
1345 1375
1418 1448
2436 2526
3229 3279
3607 3645
6449 6521
6459 6531
6463 6535
6464 6536
6467 6539
6471 6543
6482 6526
6489 6513
6497 6521
12997 13047
12999 13049
13000 13050
