$SPEC_ID:
GAMWIN
$SPEC_REM:


$DETDESC:

$DATE_MEA:
05/21/2025 14:43:05
$MEAS_TIM:
57638.28 58435.53
$MCA_CAL:
3
1.32118272781372E+001 1.29107522964478E+000 0.00000000000000E+000
$DATA:
0 2047
0
0
0
0
0
0
0
0
0
0
0
0
0
0
0
0
0
0
0
0
0
4085
4207
4691
5274
6041
6689
7004
7007
6704
6479
6572
6179
6168
6185
6132
6293
6863
7077
7773
8250
8756
9229
9301
9336
9231
8846
8840
8975
9242
9916
10420
11246
12078
12937
13408
13946
14360
14837
14927
15342
16034
17312
18675
20738
23682
25884
28002
28749
28570
27703
25143
22907
20492
19082
18077
17896
18061
18117
18140
17739
16996
16289
15104
14171
12991
12081
11225
10587
10137
9769
9663
9559
9531
9370
9326
9281
9364
9080
9013
9125
8918
8959
9035
9083
9402
9573
9613
9894
10351
10274
10372
10412
10527
10280
10278
10163
9944
9954
9846
9847
9880
9816
9659
9712
9680
9716
9649
9517
9527
9498
9468
9351
9300
9251
9151
8982
8730
9014
8592
8740
8526
8499
8440
8423
8658
8626
8417
8711
8765
8845
9017
9042
9159
9324
9382
9460
9302
9280
9359
9214
8740
8734
8747
8629
8719
8778
8745
8612
8574
8789
8532
8557
8711
8666
8667
8642
8625
8456
8583
8512
8605
8704
9022
9427
10244
10813
11616
12120
13506
14166
15372
16238
16828
17696
17873
18472
18567
18620
18467
17884
17125
16260
15456
14459
13590
12490
11688
10838
9875
9248
8498
7906
7446
6985
6585
6412
6264
6137
5831
5796
5867
5821
5948
5860
5685
5867
5954
5990
5955
6136
6099
6347
6448
6255
6213
6576
6470
6363
6588
6493
6334
6343
6452
6333
6071
6121
5915
5918
5694
5687
5585
5370
5259
5250
4910
4977
4999
4846
4877
4760
4826
4995
4954
5158
5123
5294
5344
5647
5726
6016
6080
6263
6283
6542
6806
6778
6966
6850
7088
7078
7100
7144
7143
7029
6878
6857
6583
6656
6232
6318
6089
5863
5451
5243
5302
5031
4798
4365
4319
4087
3878
3808
3460
3339
3254
3080
3043
2816
2892
2753
2665
2656
2655
2553
2548
2516
2519
2443
2556
2505
2336
2424
2445
2365
2419
2482
2460
2336
2411
2293
2316
2392
2383
2230
2346
2328
2274
2237
2154
2270
2167
2232
2145
2117
2169
2166
2172
2130
2114
2059
2101
2104
2082
2150
2083
2106
2174
2147
2166
2083
2139
2251
2157
2210
2093
2211
2206
2200
2190
2219
2143
2199
2195
2188
2204
2281
2164
2158
2193
2194
2146
2184
2205
2176
2205
2209
2195
2108
2151
2151
2198
2232
2197
2184
2122
2176
2225
2147
2213
2212
2200
2192
2276
2274
2225
2333
2256
2220
2274
2403
2308
2235
2263
2302
2150
2273
2210
2208
2077
2163
2119
2015
2061
2065
1964
1990
1944
1927
1941
1829
1888
1885
1893
1899
1953
1934
2011
1938
2024
2085
1992
2166
2241
2212
2310
2263
2423
2487
2526
2644
2763
2750
2791
3035
2990
3031
3354
3309
3312
3386
3461
3613
3654
3769
3760
3867
3879
3855
3898
3947
3949
3874
3839
3993
3879
3970
3954
3835
3842
3791
3757
3663
3672
3497
3477
3423
3366
3253
3211
3123
3022
3003
2831
2850
2667
2627
2420
2371
2326
2334
2124
2121
2032
1966
1899
1784
1753
1779
1659
1695
1555
1515
1396
1534
1468
1402
1426
1317
1263
1312
1268
1289
1207
1207
1218
1265
1223
1185
1195
1202
1074
1194
1200
1193
1186
1227
1114
1189
1098
1166
1139
1276
1138
1155
1221
1196
1219
1185
1175
1157
1181
1190
1250
1289
1222
1280
1220
1245
1215
1198
1298
1293
1276
1315
1342
1338
1284
1409
1429
1320
1391
1389
1313
1363
1344
1359
1391
1387
1359
1442
1403
1464
1354
1402
1326
1405
1349
1367
1404
1338
1370
1343
1322
1321
1284
1299
1285
1256
1299
1321
1233
1313
1312
1264
1293
1311
1272
1273
1260
1279
1318
1246
1353
1292
1281
1241
1262
1263
1279
1222
1289
1199
1174
1186
1217
1177
1163
1201
1163
1184
1142
1155
1191
1143
1159
1061
1069
1075
1067
1125
1092
1143
1068
1043
1098
1038
1022
1032
1061
1029
1081
994
992
1050
1033
1093
1008
1038
1012
1002
1045
1092
1036
1033
1103
1070
1096
1038
1077
1121
1122
1141
1125
1065
1119
1076
1202
1131
1177
1163
1179
1219
1253
1240
1270
1340
1222
1298
1268
1354
1322
1397
1452
1531
1461
1529
1551
1593
1525
1602
1665
1667
1617
1763
1688
1688
1743
1714
1740
1847
1738
1838
1827
1799
1792
1720
1807
1877
1846
1762
1770
1753
1797
1812
1691
1719
1748
1667
1717
1666
1736
1697
1545
1615
1665
1590
1646
1721
1607
1612
1571
1565
1537
1593
1570
1536
1500
1543
1552
1524
1567
1557
1518
1529
1458
1510
1358
1425
1413
1384
1405
1394
1352
1333
1275
1258
1240
1208
1240
1215
1162
1194
1089
1066
1115
1057
1000
968
928
924
952
899
888
849
862
844
798
790
821
757
789
725
713
709
687
658
712
629
675
662
633
685
672
633
633
656
622
614
608
622
590
605
616
611
607
593
615
589
638
551
611
627
600
640
634
595
612
624
651
593
659
639
629
625
701
679
658
672
723
707
728
707
646
718
686
718
742
715
685
727
753
782
763
775
757
820
757
725
809
770
787
756
771
807
814
779
754
862
807
858
808
791
797
786
741
773
802
777
760
750
739
738
759
681
734
705
707
693
684
697
676
666
649
644
618
627
633
655
549
655
511
599
616
614
551
532
574
568
551
545
514
504
543
549
487
497
494
526
507
524
516
465
503
498
504
520
460
488
497
544
478
442
476
465
442
468
458
499
464
453
481
507
438
459
487
437
477
438
481
485
489
459
457
478
445
434
471
450
460
447
436
420
455
451
430
440
472
448
397
432
408
435
464
413
424
423
385
403
403
389
360
386
363
387
378
382
360
348
394
405
357
366
370
390
379
358
394
334
355
334
343
302
366
354
334
333
341
332
295
302
325
356
339
351
314
337
340
338
351
290
313
336
332
304
329
303
326
315
329
317
339
341
340
314
348
342
308
329
332
346
301
347
336
341
349
365
351
337
350
349
379
374
363
381
364
401
446
388
373
426
413
389
417
393
435
442
479
452
479
443
499
473
510
494
505
584
546
529
580
610
600
618
610
650
662
683
667
725
716
734
804
768
778
824
830
923
871
903
877
952
977
916
977
992
995
981
1068
1093
1059
1019
1112
1058
1106
1105
1090
1088
1092
1117
1060
1075
1059
1092
1030
1023
1001
1038
1042
1005
1025
1007
1008
952
960
887
908
882
907
819
763
851
785
764
801
742
706
705
626
649
659
585
592
605
561
572
540
514
521
489
494
456
451
415
409
427
395
403
444
365
333
344
349
348
357
354
400
360
306
319
315
339
317
341
306
330
306
339
303
295
282
282
327
308
313
288
320
285
283
331
300
330
303
341
322
294
314
327
313
323
323
299
330
347
320
300
297
332
326
297
352
308
275
319
321
300
313
330
280
328
282
321
329
287
310
293
284
257
260
283
267
300
262
268
242
279
255
232
250
269
245
266
260
240
247
253
239
235
247
249
221
232
223
209
227
221
226
220
200
195
214
231
209
198
219
217
230
206
211
211
182
200
188
219
221
212
215
202
201
207
203
188
220
213
222
207
219
236
211
233
223
217
194
229
229
248
215
227
266
239
258
247
277
267
248
262
282
266
271
244
293
265
266
276
264
278
281
303
281
297
314
322
300
288
316
285
306
272
335
277
287
287
313
318
305
290
276
267
301
277
301
269
260
257
278
272
242
227
248
246
226
259
231
237
244
241
259
252
212
239
250
215
216
198
193
209
207
213
218
193
191
223
199
201
203
182
189
212
195
180
184
181
175
217
188
173
167
171
184
165
179
150
175
163
159
142
193
138
150
154
140
156
121
143
149
156
124
159
156
141
146
160
141
139
133
151
143
144
141
148
119
147
138
141
153
129
106
145
160
165
134
134
145
128
133
129
136
124
130
107
122
147
110
111
117
127
127
142
123
107
118
143
105
116
131
110
108
109
118
90
113
136
121
102
134
115
111
105
115
122
112
118
120
132
117
111
127
112
115
123
119
114
97
123
106
120
127
111
120
92
90
122
101
81
103
107
109
107
108
112
100
91
102
98
97
119
104
112
99
124
96
119
101
114
97
98
99
106
114
119
128
112
102
119
100
101
127
104
118
121
123
117
130
103
101
118
120
118
123
126
125
130
114
123
124
138
123
136
117
144
145
151
128
145
134
130
158
153
163
121
140
159
158
160
121
163
163
166
155
149
189
187
194
181
174
171
176
188
199
203
181
178
204
216
206
160
196
176
217
183
163
194
174
185
181
182
218
193
187
173
155
189
181
170
185
186
171
172
190
203
170
185
194
186
180
187
167
187
175
185
145
181
189
160
160
175
177
151
187
174
175
167
159
167
172
199
172
140
171
167
176
178
173
188
166
159
162
164
156
166
180
144
161
162
157
144
162
152
148
174
132
141
137
147
167
145
155
174
147
153
152
164
159
167
172
141
123
146
138
151
127
171
156
152
154
134
143
152
134
143
134
147
151
135
160
142
134
133
115
122
136
128
128
138
130
123
130
132
151
130
137
126
139
126
112
132
134
109
129
121
120
121
134
121
124
137
138
122
139
112
116
119
123
122
110
128
116
116
115
122
112
105
119
97
120
101
95
111
101
124
114
113
100
109
108
90
93
101
102
110
93
82
91
106
97
103
88
100
104
102
94
86
98
87
92
94
91
88
72
83
100
106
84
81
98
77
88
92
79
88
72
77
64
93
85
71
74
69
90
78
69
79
80
85
83
82
70
84
77
78
76
75
71
57
76
81
62
80
78
80
89
59
61
70
57
78
63
81
72
69
73
67
64
61
73
53
73
56
72
56
74
42
44
53
76
58
75
75
56
57
68
51
63
71
64
76
57
58
59
62
61
64
72
72
65
76
59
63
69
58
70
68
93
74
70
76
88
92
98
85
88
113
81
128
104
85
96
103
106
110
124
131
113
137
142
143
144
129
166
141
171
170
174
166
176
173
193
168
189
205
178
191
223
219
219
194
234
224
236
237
254
234
238
244
284
322
281
271
291
277
324
273
278
283
314
307
288
272
290
276
277
288
311
299
297
279
278
286
293
287
278
292
249
277
293
310
288
274
236
269
254
251
239
262
250
233
262
236
244
228
219
213
202
227
212
203
191
185
181
188
207
178
177
176
173
174
169
154
128
150
139
158
142
134
138
106
134
114
119
107
118
95
118
107
110
113
82
89
74
89
98
91
88
76
74
74
89
86
68
62
66
65
64
74
76
61
58
61
60
64
56
55
47
59
65
55
51
61
46
$ROI:
42
143 193
144 194
424 531
429 529
440 544
440 545
440 549
443 544
443 553
490 516
604 1134
679 1395
772 934
800 953
827 855
828 856
840 1946
849 1974
857 2002
872 900
880 1058
887 915
914 1083
1010 1038
1208 1258
1345 1375
1418 1448
2436 2526
3229 3279
3607 3645
6449 6521
6459 6531
6463 6535
6464 6536
6467 6539
6471 6543
6482 6526
6489 6513
6497 6521
12997 13047
12999 13049
13000 13050
