$SPEC_ID:
GAMWIN
$SPEC_REM:


$DETDESC:

$DATE_MEA:
05/15/2025 07:12:11
$MEAS_TIM:
27190.60 27489.96
$MCA_CAL:
3
1.32118272781372E+001 1.29107522964478E+000 0.00000000000000E+000
$DATA:
0 2047
0
0
0
0
0
0
0
0
0
0
0
0
0
0
0
0
0
0
0
0
0
1223
1265
1418
1614
1832
2052
2094
2180
2153
2116
1943
1921
1847
1972
1832
1931
2081
2164
2419
2585
2813
3016
2917
2986
2870
2821
2780
2960
3117
3189
3372
3558
3790
4075
4364
4269
4524
4499
4422
4425
4646
4732
5370
6029
6674
7260
7786
8085
7914
7525
6843
6100
5357
5009
4755
4875
4788
4708
4686
4549
4583
4218
3958
3454
3183
2898
2589
2404
2316
2223
2171
2142
2132
2124
2103
2109
2063
2056
2065
2113
2053
2088
2083
2105
2169
2141
2251
2148
2276
2296
2224
2287
2316
2313
2247
2205
2246
2332
2235
2276
2274
2252
2367
2296
2215
2257
2247
2289
2170
2195
2194
2189
2102
2120
2084
2024
2094
2037
2087
2041
1994
2015
1957
2069
2038
2064
2170
2202
2172
2219
2299
2401
2369
2397
2424
2365
2394
2271
2223
2200
2139
2208
2116
2143
2068
2026
2091
2069
2052
2062
1986
2050
2027
2074
1927
1902
1941
1942
2007
1948
2021
2177
2139
2307
2456
2614
2794
3010
3232
3493
3725
3824
4039
4161
4133
4136
4264
4217
4162
3975
3663
3639
3451
3230
3012
2735
2649
2422
2309
2092
1934
1847
1752
1693
1693
1595
1460
1497
1614
1471
1441
1517
1533
1499
1558
1605
1641
1640
1685
1797
1794
1836
1786
1983
1971
1968
1971
1987
2024
1966
2013
1866
1948
1878
1871
1860
1776
1733
1669
1613
1552
1570
1477
1458
1330
1290
1337
1269
1323
1214
1261
1265
1360
1357
1390
1398
1532
1536
1697
1614
1737
1851
1866
2009
1981
2135
2083
2177
2163
2286
2228
2323
2391
2297
2314
2248
2215
2146
2084
2132
1944
1817
1812
1715
1693
1525
1460
1395
1355
1303
1198
1128
1019
987
911
801
851
763
757
782
743
728
679
686
660
649
674
665
699
689
690
635
621
665
634
662
650
663
600
632
615
608
627
622
577
579
627
615
569
612
558
606
537
616
564
564
549
585
572
510
562
577
519
556
550
563
534
529
541
543
551
558
561
563
571
593
593
574
585
613
602
576
550
555
574
556
595
560
538
524
578
586
594
576
547
591
543
600
562
576
591
568
539
551
584
553
610
605
606
561
631
583
594
602
601
593
591
579
598
570
623
555
601
536
563
535
568
486
527
527
561
540
499
470
492
477
535
478
545
499
466
489
513
508
472
507
521
518
540
537
580
621
572
569
579
615
646
665
663
714
664
745
785
779
794
829
851
927
911
1021
947
921
981
1057
1153
1125
1041
1100
1077
1112
1180
1138
1100
1191
1197
1197
1211
1171
1128
1197
1249
1165
1149
1169
1105
1098
1118
1026
1009
1025
1010
970
884
893
892
848
811
786
747
722
653
641
657
636
600
573
540
538
514
468
467
477
447
450
417
425
407
391
417
373
346
360
380
357
377
367
361
317
347
325
348
333
348
343
348
337
303
321
303
329
318
331
340
326
345
365
318
311
350
354
318
321
304
360
310
337
393
369
349
361
372
327
390
347
360
338
316
338
337
348
380
361
400
377
358
356
366
350
378
373
383
337
398
350
374
372
366
340
381
401
387
335
387
377
379
370
335
346
337
387
384
398
377
386
366
340
398
376
346
368
347
366
397
363
367
360
360
378
368
348
350
372
359
341
350
311
334
350
335
303
325
344
316
365
315
260
281
309
298
286
327
284
291
314
302
296
304
294
277
325
304
285
304
272
266
316
288
305
288
288
291
271
288
284
289
289
299
295
350
293
297
296
298
317
296
291
273
318
298
351
312
324
307
365
366
324
356
388
339
369
369
373
380
389
339
384
419
402
411
395
434
405
389
427
416
442
387
428
440
411
395
433
459
421
452
424
410
446
436
429
431
424
442
415
416
403
445
394
357
436
383
401
402
396
382
388
367
384
381
394
386
396
338
372
397
397
380
396
375
362
358
358
379
325
330
346
355
356
360
351
350
322
319
357
315
292
313
273
283
275
272
267
280
242
268
264
259
253
252
236
241
213
237
242
208
227
194
236
194
206
224
196
185
188
199
187
176
191
178
181
189
197
197
183
183
187
200
192
169
194
188
187
189
203
189
197
199
161
191
194
195
209
165
226
216
221
203
213
200
209
204
192
237
196
228
236
210
219
211
244
243
227
242
244
248
221
260
282
233
272
288
278
280
262
272
265
271
247
273
259
282
275
274
291
270
283
237
261
298
243
270
240
282
290
299
243
226
280
242
240
234
239
220
206
238
221
247
202
203
219
189
232
200
193
204
211
200
175
185
177
197
183
190
206
195
164
175
174
161
178
144
178
148
170
158
140
175
166
173
176
136
183
154
146
165
151
159
160
176
181
166
159
151
152
149
148
149
163
153
140
158
140
149
157
161
161
165
140
151
157
141
147
159
166
153
159
135
152
163
126
140
141
140
150
145
141
160
141
108
146
135
123
147
136
138
140
125
120
120
109
140
135
107
144
95
139
95
121
119
107
104
116
134
129
95
109
107
96
95
112
104
105
109
90
103
91
108
90
101
107
123
91
89
101
95
98
109
117
104
104
83
109
99
112
95
103
92
87
107
110
89
98
106
101
108
122
113
124
115
104
148
116
126
112
116
122
132
122
114
136
125
145
126
147
123
132
141
156
160
170
149
133
161
168
166
159
171
168
172
195
200
195
184
194
203
229
216
230
211
242
233
241
231
265
285
263
276
297
284
267
309
309
281
292
295
314
293
332
334
374
355
351
355
383
381
350
387
355
353
356
355
336
376
364
349
340
375
339
343
369
355
369
321
319
335
317
346
287
293
282
285
265
284
271
285
306
221
244
252
255
232
217
202
202
189
180
170
180
186
176
178
137
152
164
149
149
121
117
127
143
118
115
104
131
93
107
115
100
96
101
110
86
114
84
92
99
111
83
81
99
94
95
76
79
86
86
88
81
83
79
92
92
82
102
82
80
86
91
72
99
95
71
96
76
96
67
88
78
93
83
90
80
84
84
84
79
65
78
66
73
69
70
75
70
84
62
88
74
73
74
67
67
71
81
79
71
62
66
76
55
71
66
74
68
64
69
60
65
64
48
59
52
60
67
63
65
59
70
52
68
60
78
48
55
42
58
65
56
47
51
57
59
51
63
64
62
69
66
57
56
72
57
68
69
84
62
69
67
65
66
75
69
77
67
63
80
66
83
78
82
68
80
100
91
100
82
107
77
101
129
99
96
99
111
134
104
110
85
102
118
103
96
101
94
114
109
126
133
132
113
117
102
116
105
115
108
104
102
108
106
109
109
107
101
100
107
106
88
83
102
74
75
103
79
96
91
82
78
81
88
80
84
80
67
88
58
72
61
55
68
63
61
76
62
67
61
56
58
55
62
69
60
51
57
51
55
55
55
43
55
49
55
60
53
47
47
60
42
41
64
56
48
55
47
46
42
48
48
45
43
44
46
35
45
44
56
47
33
38
37
35
24
42
45
38
39
40
46
38
46
34
52
41
42
31
32
27
40
37
41
21
33
34
38
33
38
40
35
48
26
30
41
34
33
28
26
39
30
34
34
26
26
29
30
23
27
23
35
35
21
25
35
21
26
31
29
31
36
31
34
28
30
24
18
34
17
19
27
41
23
29
29
31
33
30
22
23
21
27
24
29
34
24
29
28
21
31
27
26
26
22
31
31
26
32
44
25
30
40
22
28
32
28
31
24
24
25
38
32
29
21
34
22
29
30
41
31
31
28
24
25
31
37
32
42
34
43
25
30
26
33
38
32
36
32
31
31
37
34
35
37
33
37
28
34
37
41
39
30
47
34
36
39
35
35
41
42
36
51
35
41
52
42
52
38
43
43
43
43
52
42
46
55
33
55
50
53
48
49
48
51
47
47
37
47
46
41
46
49
41
36
47
50
31
40
44
44
53
41
41
37
43
39
38
45
45
46
43
47
47
29
40
45
37
51
54
39
50
40
47
65
39
40
48
46
42
48
46
46
38
50
42
46
39
44
35
47
46
44
37
39
38
38
34
39
54
26
34
46
40
37
40
39
38
33
44
30
33
35
44
36
42
36
48
32
17
36
36
36
35
37
39
32
35
40
34
35
41
42
30
24
32
37
29
33
35
31
28
34
24
33
48
38
32
20
28
35
41
24
19
34
29
32
30
20
28
21
23
32
34
24
34
30
26
26
26
26
28
25
24
27
20
20
30
18
18
29
28
33
26
25
19
21
21
14
19
13
22
24
15
22
21
27
25
24
29
24
19
18
28
19
23
18
15
25
20
17
30
22
14
17
23
12
16
26
20
26
19
20
25
14
22
12
20
21
18
17
15
20
16
23
23
19
16
14
22
15
22
20
24
20
18
21
16
17
21
12
19
21
17
22
16
21
17
21
13
19
37
13
11
20
16
26
25
17
22
11
17
17
22
19
21
13
16
16
14
12
7
19
16
19
11
10
20
15
11
17
20
19
14
18
12
15
12
17
21
20
16
8
12
8
24
15
18
15
31
9
28
23
23
15
18
17
21
21
30
23
25
27
33
24
25
25
35
18
26
32
35
36
32
31
34
41
35
35
31
45
45
43
47
46
47
52
46
58
46
39
53
43
51
71
43
54
55
45
60
59
50
54
56
44
58
45
57
60
64
49
72
52
61
70
45
52
63
50
51
57
67
57
47
56
62
45
56
61
61
49
51
64
52
59
51
53
44
50
45
44
42
40
55
47
62
52
44
48
34
56
38
43
39
34
34
30
32
29
35
31
27
31
32
26
30
23
28
26
32
20
22
28
24
27
36
23
16
28
14
18
16
25
21
23
17
15
16
15
19
21
24
11
14
18
11
16
8
17
18
17
20
12
13
15
18
11
11
13
11
15
10
10
9
11
13
12
12
13
6
14
$ROI:
42
143 193
144 194
424 531
429 529
440 544
440 545
440 549
443 544
443 553
490 516
604 1134
679 1395
772 934
800 953
827 855
828 856
840 1946
849 1974
857 2002
872 900
880 1058
887 915
914 1083
1010 1038
1208 1258
1345 1375
1418 1448
2436 2526
3229 3279
3607 3645
6449 6521
6459 6531
6463 6535
6464 6536
6467 6539
6471 6543
6482 6526
6489 6513
6497 6521
12997 13047
12999 13049
13000 13050
