	CHNL_k1519-2024	ENERGY_k1519-2024	COUNTS_k1519-2024
1	1	14.5029025	0
2	2	15.7939778	0
3	3	17.0850530	0
4	4	18.3761282	0
5	5	19.6672035	0
6	6	20.9582787	0
7	7	22.2493539	0
8	8	23.5404291	0
9	9	24.8315044	0
10	10	26.1225796	0
11	11	27.4136548	0
12	12	28.7047301	0
13	13	29.9958053	0
14	14	31.2868805	0
15	15	32.5779558	0
16	16	33.8690310	0
17	17	35.1601062	0
18	18	36.4511814	0
19	19	37.7422567	0
20	20	39.0333319	0
21	21	40.3244071	1032
22	22	41.6154824	1146
23	23	42.9065576	3216
24	24	44.1976328	76538
25	25	45.4887081	699566
26	26	46.7797833	2176326
27	27	48.0708585	3546726
28	28	49.3619337	4261222
29	29	50.6530090	4525020
30	30	51.9440842	4128149
31	31	53.2351594	3357831
32	32	54.5262347	2646336
33	33	55.8173099	2021938
34	34	57.1083851	1509380
35	35	58.3994604	1263776
36	36	59.6905356	1193834
37	37	60.9816108	1172805
38	38	62.2726860	1165567
39	39	63.5637613	1155756
40	40	64.8548365	1136056
41	41	66.1459117	1041799
42	42	67.4369870	877613
43	43	68.7280622	782104
44	44	70.0191374	765079
45	45	71.3102127	769085
46	46	72.6012879	786444
47	47	73.8923631	817451
48	48	75.1834383	874442
49	49	76.4745136	940727
50	50	77.7655888	991304
51	51	79.0566640	1007678
52	52	80.3477393	975436
53	53	81.6388145	902402
54	54	82.9298897	799659
55	55	84.2209650	689572
56	56	85.5120402	588365
57	57	86.8031154	512952
58	58	88.0941906	468743
59	59	89.3852659	432765
60	60	90.6763411	399782
61	61	91.9674163	367654
62	62	93.2584916	325921
63	63	94.5495668	282842
64	64	95.8406420	245071
65	65	97.1317173	213295
66	66	98.4227925	190123
67	67	99.7138677	173068
68	68	101.004943	162703
69	69	102.296018	154557
70	70	103.587093	143481
71	71	104.878169	131291
72	72	106.169244	122777
73	73	107.460319	120057
74	74	108.751394	116908
75	75	110.042470	116426
76	76	111.333545	116826
77	77	112.624620	115530
78	78	113.915695	114857
79	79	115.206770	113676
80	80	116.497845	111447
81	81	117.788921	111457
82	82	119.079996	110175
83	83	120.371071	111786
84	84	121.662146	111439
85	85	122.953222	111736
86	86	124.244297	111907
87	87	125.535372	113829
88	88	126.826447	113425
89	89	128.117522	114490
90	90	129.408598	116331
91	91	130.699673	116948
92	92	131.990748	119240
93	93	133.281823	119745
94	94	134.572899	121941
95	95	135.863974	122538
96	96	137.155049	124392
97	97	138.446124	126739
98	98	139.737200	128084
99	99	141.028275	129109
100	100	142.319350	130589
101	101	143.610425	132646
102	102	144.901500	133302
103	103	146.192576	134031
104	104	147.483651	135627
105	105	148.774726	136887
106	106	150.065801	135589
107	107	151.356877	134062
108	108	152.647952	133336
109	109	153.939027	132015
110	110	155.230102	130729
111	111	156.521178	128524
112	112	157.812253	126944
113	113	159.103328	125955
114	114	160.394403	123103
115	115	161.685478	122670
116	116	162.976554	122055
117	117	164.267629	121910
118	118	165.558704	122388
119	119	166.849779	123195
120	120	168.140855	126659
121	121	169.431930	130251
122	122	170.723005	136822
123	123	172.014080	145107
124	124	173.305156	153649
125	125	174.596231	163677
126	126	175.887306	173712
127	127	177.178381	181230
128	128	178.469456	186414
129	129	179.760532	190091
130	130	181.051607	188264
131	131	182.342682	183396
132	132	183.633757	175198
133	133	184.924833	164997
134	134	186.215908	153801
135	135	187.506983	143553
136	136	188.798058	134291
137	137	190.089134	126289
138	138	191.380209	120415
139	139	192.671284	116179
140	140	193.962359	112568
141	141	195.253434	109674
142	142	196.544510	107470
143	143	197.835585	106135
144	144	199.126660	104913
145	145	200.417735	103801
146	146	201.708811	101881
147	147	202.999886	100887
148	148	204.290961	99391
149	149	205.582036	98799
150	150	206.873112	98343
151	151	208.164187	97564
152	152	209.455262	96614
153	153	210.746337	96782
154	154	212.037412	97261
155	155	213.328488	97664
156	156	214.619563	98687
157	157	215.910638	101089
158	158	217.201713	103698
159	159	218.492789	108832
160	160	219.783864	115746
161	161	221.074939	124319
162	162	222.366014	134593
163	163	223.657089	147375
164	164	224.948165	161031
165	165	226.239240	173189
166	166	227.530315	184365
167	167	228.821390	192476
168	168	230.112466	198423
169	169	231.403541	197918
170	170	232.694616	192919
171	171	233.985691	184935
172	172	235.276767	173268
173	173	236.567842	158800
174	174	237.858917	145139
175	175	239.149992	132002
176	176	240.441067	120611
177	177	241.732143	108938
178	178	243.023218	101638
179	179	244.314293	95069
180	180	245.605368	91263
181	181	246.896444	88606
182	182	248.187519	86711
183	183	249.478594	84678
184	184	250.769669	83272
185	185	252.060745	82250
186	186	253.351820	82069
187	187	254.642895	81933
188	188	255.933970	81573
189	189	257.225045	82474
190	190	258.516121	82354
191	191	259.807196	83689
192	192	261.098271	86208
193	193	262.389346	89499
194	194	263.680422	95483
195	195	264.971497	102417
196	196	266.262572	112583
197	197	267.553647	127059
198	198	268.844723	142569
199	199	270.135798	162603
200	200	271.426873	186165
201	201	272.717948	210073
202	202	274.009023	234234
203	203	275.300099	256979
204	204	276.591174	275145
205	205	277.882249	290495
206	206	279.173324	297257
207	207	280.464400	296317
208	208	281.755475	287355
209	209	283.046550	272597
210	210	284.337625	251635
211	211	285.628701	226944
212	212	286.919776	199588
213	213	288.210851	173138
214	214	289.501926	148894
215	215	290.793001	127245
216	216	292.084077	108712
217	217	293.375152	93636
218	218	294.666227	82965
219	219	295.957302	74128
220	220	297.248378	68179
221	221	298.539453	64756
222	222	299.830528	61552
223	223	301.121603	59945
224	224	302.412679	59164
225	225	303.703754	58577
226	226	304.994829	58012
227	227	306.285904	58273
228	228	307.576979	59062
229	229	308.868055	60412
230	230	310.159130	62739
231	231	311.450205	67215
232	232	312.741280	72813
233	233	314.032356	79898
234	234	315.323431	90951
235	235	316.614506	105092
236	236	317.905581	123260
237	237	319.196657	145927
238	238	320.487732	172508
239	239	321.778807	203155
240	240	323.069882	237109
241	241	324.360957	272265
242	242	325.652033	308381
243	243	326.943108	342405
244	244	328.234183	371047
245	245	329.525258	393770
246	246	330.816334	408425
247	247	332.107409	411149
248	248	333.398484	403045
249	249	334.689559	386821
250	250	335.980635	362100
251	251	337.271710	329951
252	252	338.562785	293401
253	253	339.853860	255761
254	254	341.144935	216630
255	255	342.436011	181789
256	256	343.727086	150462
257	257	345.018161	123388
258	258	346.309236	101648
259	259	347.600312	83693
260	260	348.891387	69942
261	261	350.182462	60079
262	262	351.473537	53041
263	263	352.764612	48279
264	264	354.055688	45536
265	265	355.346763	43583
266	266	356.637838	42423
267	267	357.928913	42451
268	268	359.219989	42276
269	269	360.511064	42427
270	270	361.802139	42625
271	271	363.093214	42739
272	272	364.384290	43295
273	273	365.675365	43174
274	274	366.966440	43537
275	275	368.257515	43124
276	276	369.548590	42477
277	277	370.839666	42040
278	278	372.130741	42174
279	279	373.421816	41390
280	280	374.712891	41354
281	281	376.003967	40996
282	282	377.295042	40146
283	283	378.586117	39585
284	284	379.877192	39067
285	285	381.168268	39199
286	286	382.459343	38892
287	287	383.750418	38262
288	288	385.041493	38422
289	289	386.332568	38220
290	290	387.623644	37802
291	291	388.914719	37791
292	292	390.205794	37540
293	293	391.496869	37180
294	294	392.787945	36729
295	295	394.079020	36202
296	296	395.370095	36205
297	297	396.661170	35732
298	298	397.952246	35403
299	299	399.243321	35111
300	300	400.534396	34337
301	301	401.825471	33764
302	302	403.116546	33487
303	303	404.407622	32761
304	304	405.698697	32408
305	305	406.989772	31908
306	306	408.280847	31126
307	307	409.571923	30763
308	308	410.862998	30055
309	309	412.154073	29963
310	310	413.445148	29112
311	311	414.736224	28926
312	312	416.027299	28782
313	313	417.318374	28629
314	314	418.609449	28284
315	315	419.900524	28275
316	316	421.191600	28136
317	317	422.482675	28476
318	318	423.773750	28671
319	319	425.064825	28317
320	320	426.355901	28361
321	321	427.646976	28431
322	322	428.938051	28447
323	323	430.229126	28372
324	324	431.520202	28054
325	325	432.811277	28247
326	326	434.102352	28157
327	327	435.393427	28156
328	328	436.684502	28070
329	329	437.975578	27735
330	330	439.266653	28210
331	331	440.557728	28042
332	332	441.848803	28026
333	333	443.139879	27874
334	334	444.430954	28103
335	335	445.722029	28038
336	336	447.013104	28016
337	337	448.304180	27963
338	338	449.595255	27971
339	339	450.886330	27659
340	340	452.177405	27975
341	341	453.468480	27610
342	342	454.759556	27233
343	343	456.050631	26949
344	344	457.341706	26974
345	345	458.632781	26456
346	346	459.923857	26145
347	347	461.214932	25799
348	348	462.506007	25466
349	349	463.797082	24931
350	350	465.088158	24491
351	351	466.379233	24751
352	352	467.670308	24385
353	353	468.961383	24150
354	354	470.252458	23886
355	355	471.543534	24052
356	356	472.834609	23802
357	357	474.125684	23916
358	358	475.416759	23689
359	359	476.707835	23781
360	360	477.998910	23659
361	361	479.289985	23300
362	362	480.581060	23693
363	363	481.872135	23453
364	364	483.163211	23256
365	365	484.454286	23234
366	366	485.745361	23336
367	367	487.036436	23277
368	368	488.327512	22812
369	369	489.618587	22990
370	370	490.909662	22785
371	371	492.200737	22904
372	372	493.491813	22868
373	373	494.782888	22956
374	374	496.073963	23072
375	375	497.365038	22887
376	376	498.656113	22901
377	377	499.947189	22729
378	378	501.238264	22900
379	379	502.529339	22969
380	380	503.820414	22925
381	381	505.111490	22590
382	382	506.402565	22466
383	383	507.693640	22247
384	384	508.984715	21941
385	385	510.275791	21836
386	386	511.566866	21717
387	387	512.857941	21556
388	388	514.149016	21266
389	389	515.440091	21478
390	390	516.731167	21180
391	391	518.022242	21091
392	392	519.313317	21206
393	393	520.604392	21087
394	394	521.895468	21056
395	395	523.186543	20839
396	396	524.477618	20944
397	397	525.768693	21045
398	398	527.059769	21246
399	399	528.350844	21282
400	400	529.641919	21656
401	401	530.932994	21460
402	402	532.224069	21959
403	403	533.515145	22162
404	404	534.806220	22453
405	405	536.097295	22799
406	406	537.388370	23550
407	407	538.679446	24333
408	408	539.970521	24754
409	409	541.261596	26274
410	410	542.552671	27494
411	411	543.843747	29838
412	412	545.134822	31842
413	413	546.425897	35605
414	414	547.716972	39428
415	415	549.008047	43983
416	416	550.299123	50656
417	417	551.590198	57457
418	418	552.881273	66234
419	419	554.172348	75909
420	420	555.463424	87809
421	421	556.754499	100492
422	422	558.045574	113864
423	423	559.336649	128646
424	424	560.627725	142753
425	425	561.918800	157207
426	426	563.209875	171016
427	427	564.500950	184127
428	428	565.792025	194840
429	429	567.083101	203743
430	430	568.374176	209869
431	431	569.665251	212642
432	432	570.956326	212410
433	433	572.247402	209513
434	434	573.538477	203633
435	435	574.829552	195046
436	436	576.120627	184124
437	437	577.411703	169445
438	438	578.702778	155633
439	439	579.993853	141155
440	440	581.284928	126116
441	441	582.576003	111375
442	442	583.867079	97017
443	443	585.158154	83733
444	444	586.449229	71392
445	445	587.740304	60649
446	446	589.031380	51242
447	447	590.322455	43516
448	448	591.613530	36776
449	449	592.904605	31861
450	450	594.195681	27309
451	451	595.486756	24088
452	452	596.777831	21327
453	453	598.068906	19619
454	454	599.359981	18263
455	455	600.651057	17186
456	456	601.942132	16927
457	457	603.233207	16478
458	458	604.524282	16073
459	459	605.815358	15965
460	460	607.106433	16235
461	461	608.397508	16388
462	462	609.688583	16685
463	463	610.979658	16758
464	464	612.270734	17373
465	465	613.561809	17721
466	466	614.852884	17754
467	467	616.143959	18386
468	468	617.435035	18453
469	469	618.726110	19016
470	470	620.017185	19060
471	471	621.308260	18961
472	472	622.599336	19097
473	473	623.890411	19006
474	474	625.181486	18987
475	475	626.472561	18466
476	476	627.763636	18370
477	477	629.054712	18296
478	478	630.345787	17986
479	479	631.636862	17554
480	480	632.927937	17131
481	481	634.219013	16885
482	482	635.510088	16628
483	483	636.801163	16402
484	484	638.092238	15919
485	485	639.383314	15895
486	486	640.674389	15643
487	487	641.965464	15817
488	488	643.256539	15453
489	489	644.547614	15473
490	490	645.838690	15314
491	491	647.129765	15449
492	492	648.420840	15618
493	493	649.711915	15532
494	494	651.002991	15666
495	495	652.294066	15765
496	496	653.585141	15723
497	497	654.876216	16117
498	498	656.167292	16056
499	499	657.458367	16004
500	500	658.749442	16130
501	501	660.040517	16254
502	502	661.331592	16073
503	503	662.622668	16028
504	504	663.913743	16312
505	505	665.204818	15838
506	506	666.495893	16094
507	507	667.786969	15966
508	508	669.078044	16043
509	509	670.369119	15884
510	510	671.660194	15363
511	511	672.951270	15567
512	512	674.242345	15529
513	513	675.533420	15275
514	514	676.824495	15389
515	515	678.115570	15201
516	516	679.406646	15106
517	517	680.697721	14853
518	518	681.988796	14873
519	519	683.279871	14935
520	520	684.570947	14988
521	521	685.862022	14980
522	522	687.153097	14976
523	523	688.444172	15227
524	524	689.735248	15137
525	525	691.026323	15412
526	526	692.317398	15497
527	527	693.608473	15798
528	528	694.899548	15966
529	529	696.190624	16769
530	530	697.481699	17204
531	531	698.772774	17841
532	532	700.063849	18640
533	533	701.354925	19259
534	534	702.646000	19924
535	535	703.937075	20877
536	536	705.228150	21754
537	537	706.519226	22693
538	538	707.810301	23651
539	539	709.101376	24878
540	540	710.392451	25784
541	541	711.683526	26573
542	542	712.974602	27557
543	543	714.265677	28290
544	544	715.556752	28644
545	545	716.847827	29006
546	546	718.138903	29243
547	547	719.429978	29833
548	548	720.721053	29748
549	549	722.012128	29629
550	550	723.303204	29032
551	551	724.594279	28690
552	552	725.885354	27737
553	553	727.176429	27008
554	554	728.467504	26682
555	555	729.758580	25651
556	556	731.049655	24767
557	557	732.340730	24142
558	558	733.631805	23345
559	559	734.922881	22685
560	560	736.213956	22275
561	561	737.505031	21550
562	562	738.796106	20566
563	563	740.087181	20362
564	564	741.378257	19748
565	565	742.669332	19511
566	566	743.960407	18930
567	567	745.251482	18699
568	568	746.542558	18669
569	569	747.833633	17990
570	570	749.124708	17985
571	571	750.415783	18035
572	572	751.706859	17937
573	573	752.997934	17744
574	574	754.289009	17526
575	575	755.580084	17453
576	576	756.871159	17157
577	577	758.162235	17123
578	578	759.453310	17012
579	579	760.744385	16923
580	580	762.035460	16718
581	581	763.326536	16696
582	582	764.617611	16153
583	583	765.908686	16351
584	584	767.199761	16226
585	585	768.490837	15908
586	586	769.781912	15840
587	587	771.072987	15669
588	588	772.364062	15626
589	589	773.655137	15774
590	590	774.946213	15588
591	591	776.237288	15557
592	592	777.528363	15560
593	593	778.819438	15362
594	594	780.110514	15402
595	595	781.401589	15403
596	596	782.692664	15292
597	597	783.983739	15283
598	598	785.274815	15398
599	599	786.565890	15190
600	600	787.856965	14978
601	601	789.148040	14862
602	602	790.439115	14738
603	603	791.730191	14425
604	604	793.021266	14371
605	605	794.312341	14374
606	606	795.603416	13937
607	607	796.894492	13907
608	608	798.185567	13788
609	609	799.476642	13558
610	610	800.767717	13538
611	611	802.058793	13369
612	612	803.349868	13259
613	613	804.640943	13257
614	614	805.932018	13098
615	615	807.223093	12825
616	616	808.514169	12996
617	617	809.805244	13036
618	618	811.096319	12906
619	619	812.387394	12919
620	620	813.678470	12982
621	621	814.969545	12866
622	622	816.260620	12780
623	623	817.551695	12676
624	624	818.842771	12706
625	625	820.133846	12709
626	626	821.424921	12620
627	627	822.715996	12885
628	628	824.007071	12799
629	629	825.298147	12747
630	630	826.589222	12883
631	631	827.880297	12968
632	632	829.171372	12734
633	633	830.462448	12776
634	634	831.753523	13040
635	635	833.044598	12895
636	636	834.335673	12813
637	637	835.626749	13010
638	638	836.917824	12971
639	639	838.208899	12776
640	640	839.499974	12935
641	641	840.791049	12724
642	642	842.082125	12833
643	643	843.373200	12926
644	644	844.664275	13266
645	645	845.955350	13240
646	646	847.246426	13670
647	647	848.537501	13617
648	648	849.828576	13733
649	649	851.119651	13874
650	650	852.410727	14071
651	651	853.701802	14280
652	652	854.992877	14461
653	653	856.283952	14901
654	654	857.575027	15135
655	655	858.866103	15701
656	656	860.157178	15847
657	657	861.448253	16225
658	658	862.739328	16564
659	659	864.030404	16838
660	660	865.321479	17072
661	661	866.612554	17293
662	662	867.903629	17476
663	663	869.194704	17741
664	664	870.485780	17979
665	665	871.776855	18040
666	666	873.067930	17973
667	667	874.359005	17849
668	668	875.650081	17835
669	669	876.941156	17455
670	670	878.232231	17342
671	671	879.523306	16854
672	672	880.814382	16631
673	673	882.105457	16435
674	674	883.396532	15765
675	675	884.687607	15227
676	676	885.978682	14950
677	677	887.269758	14479
678	678	888.560833	14129
679	679	889.851908	13766
680	680	891.142983	13483
681	681	892.434059	12890
682	682	893.725134	12561
683	683	895.016209	12238
684	684	896.307284	12103
685	685	897.598360	11833
686	686	898.889435	11568
687	687	900.180510	11300
688	688	901.471585	11036
689	689	902.762660	10962
690	690	904.053736	11027
691	691	905.344811	10686
692	692	906.635886	10626
693	693	907.926961	10508
694	694	909.218037	10331
695	695	910.509112	10484
696	696	911.800187	10227
697	697	913.091262	10365
698	698	914.382338	10146
699	699	915.673413	10235
700	700	916.964488	9981
701	701	918.255563	10251
702	702	919.546638	9764
703	703	920.837714	9801
704	704	922.128789	9727
705	705	923.419864	9592
706	706	924.710939	9682
707	707	926.002015	9678
708	708	927.293090	9605
709	709	928.584165	9603
710	710	929.875240	9409
711	711	931.166316	9642
712	712	932.457391	9528
713	713	933.748466	9623
714	714	935.039541	9405
715	715	936.330616	9545
716	716	937.621692	9276
717	717	938.912767	9610
718	718	940.203842	9471
719	719	941.494917	9158
720	720	942.785993	9413
721	721	944.077068	9352
722	722	945.368143	9277
723	723	946.659218	9484
724	724	947.950294	9304
725	725	949.241369	9403
726	726	950.532444	9317
727	727	951.823519	9276
728	728	953.114594	9340
729	729	954.405670	9226
730	730	955.696745	9266
731	731	956.987820	9342
732	732	958.278895	9219
733	733	959.569971	9275
734	734	960.861046	9231
735	735	962.152121	9360
736	736	963.443196	9164
737	737	964.734272	9119
738	738	966.025347	9221
739	739	967.316422	9174
740	740	968.607497	9247
741	741	969.898572	9155
742	742	971.189648	9471
743	743	972.480723	9214
744	744	973.771798	9168
745	745	975.062873	9263
746	746	976.353949	9410
747	747	977.645024	9115
748	748	978.936099	9358
749	749	980.227174	9392
750	750	981.518250	9383
751	751	982.809325	9453
752	752	984.100400	9389
753	753	985.391475	9476
754	754	986.682550	9405
755	755	987.973626	9486
756	756	989.264701	9385
757	757	990.555776	9373
758	758	991.846851	9336
759	759	993.137927	9420
760	760	994.429002	9428
761	761	995.720077	9443
762	762	997.011152	9424
763	763	998.302227	9358
764	764	999.593303	9428
765	765	1000.88438	9365
766	766	1002.17545	9489
767	767	1003.46653	9608
768	768	1004.75760	9566
769	769	1006.04868	9671
770	770	1007.33975	9950
771	771	1008.63083	9773
772	772	1009.92191	10162
773	773	1011.21298	10252
774	774	1012.50406	10592
775	775	1013.79513	10701
776	776	1015.08621	11040
777	777	1016.37728	11273
778	778	1017.66836	11924
779	779	1018.95943	12690
780	780	1020.25051	13296
781	781	1021.54158	13986
782	782	1022.83266	14974
783	783	1024.12374	16038
784	784	1025.41481	17000
785	785	1026.70589	18290
786	786	1027.99696	19509
787	787	1029.28804	20774
788	788	1030.57911	22281
789	789	1031.87019	23817
790	790	1033.16126	25029
791	791	1034.45234	26602
792	792	1035.74341	27655
793	793	1037.03449	29533
794	794	1038.32556	30906
795	795	1039.61664	32352
796	796	1040.90771	33530
797	797	1042.19879	34493
798	798	1043.48986	35085
799	799	1044.78094	36013
800	800	1046.07201	36150
801	801	1047.36309	36218
802	802	1048.65416	36267
803	803	1049.94524	36160
804	804	1051.23631	35559
805	805	1052.52739	34933
806	806	1053.81847	33764
807	807	1055.10954	32851
808	808	1056.40062	31542
809	809	1057.69169	30507
810	810	1058.98277	29095
811	811	1060.27384	27596
812	812	1061.56492	26606
813	813	1062.85599	24732
814	814	1064.14707	23253
815	815	1065.43814	22232
816	816	1066.72922	20879
817	817	1068.02029	19917
818	818	1069.31137	18940
819	819	1070.60244	17481
820	820	1071.89352	16719
821	821	1073.18459	15815
822	822	1074.47567	15134
823	823	1075.76674	14364
824	824	1077.05782	13819
825	825	1078.34889	13613
826	826	1079.63997	12915
827	827	1080.93105	12541
828	828	1082.22212	11993
829	829	1083.51320	11769
830	830	1084.80427	11670
831	831	1086.09535	11372
832	832	1087.38642	10756
833	833	1088.67750	10582
834	834	1089.96857	10515
835	835	1091.25965	10033
836	836	1092.55072	9935
837	837	1093.84180	9668
838	838	1095.13287	9527
839	839	1096.42395	9256
840	840	1097.71502	9161
841	841	1099.00610	8927
842	842	1100.29717	8819
843	843	1101.58825	8852
844	844	1102.87932	8359
845	845	1104.17040	8353
846	846	1105.46147	8255
847	847	1106.75255	8155
848	848	1108.04363	8096
849	849	1109.33470	8187
850	850	1110.62578	8130
851	851	1111.91685	8050
852	852	1113.20793	7931
853	853	1114.49900	8053
854	854	1115.79008	8150
855	855	1117.08115	8033
856	856	1118.37223	8088
857	857	1119.66330	8249
858	858	1120.95438	8285
859	859	1122.24545	8281
860	860	1123.53653	8560
861	861	1124.82760	8472
862	862	1126.11868	8678
863	863	1127.40975	8852
864	864	1128.70083	9229
865	865	1129.99190	9298
866	866	1131.28298	9658
867	867	1132.57405	9708
868	868	1133.86513	9938
869	869	1135.15620	10259
870	870	1136.44728	10753
871	871	1137.73836	11211
872	872	1139.02943	11664
873	873	1140.32051	11804
874	874	1141.61158	12384
875	875	1142.90266	12983
876	876	1144.19373	13117
877	877	1145.48481	13856
878	878	1146.77588	14256
879	879	1148.06696	14443
880	880	1149.35803	14948
881	881	1150.64911	15467
882	882	1151.94018	15647
883	883	1153.23126	15914
884	884	1154.52233	16164
885	885	1155.81341	16221
886	886	1157.10448	16559
887	887	1158.39556	16111
888	888	1159.68663	16188
889	889	1160.97771	16277
890	890	1162.26878	16108
891	891	1163.55986	16089
892	892	1164.85094	15729
893	893	1166.14201	15281
894	894	1167.43309	15079
895	895	1168.72416	14879
896	896	1170.01524	14243
897	897	1171.30631	13920
898	898	1172.59739	13370
899	899	1173.88846	13117
900	900	1175.17954	12664
901	901	1176.47061	12290
902	902	1177.76169	11939
903	903	1179.05276	11502
904	904	1180.34384	11220
905	905	1181.63491	10964
906	906	1182.92599	10640
907	907	1184.21706	10481
908	908	1185.50814	10247
909	909	1186.79921	10090
910	910	1188.09029	9878
911	911	1189.38136	9786
912	912	1190.67244	9692
913	913	1191.96351	9663
914	914	1193.25459	9422
915	915	1194.54567	9332
916	916	1195.83674	9258
917	917	1197.12782	9151
918	918	1198.41889	9014
919	919	1199.70997	8851
920	920	1201.00104	8864
921	921	1202.29212	8746
922	922	1203.58319	8730
923	923	1204.87427	8496
924	924	1206.16534	8474
925	925	1207.45642	8136
926	926	1208.74749	8161
927	927	1210.03857	8027
928	928	1211.32964	7880
929	929	1212.62072	7678
930	930	1213.91179	7504
931	931	1215.20287	7505
932	932	1216.49394	7520
933	933	1217.78502	7271
934	934	1219.07609	7049
935	935	1220.36717	7105
936	936	1221.65825	6908
937	937	1222.94932	6767
938	938	1224.24040	6920
939	939	1225.53147	6792
940	940	1226.82255	6807
941	941	1228.11362	6610
942	942	1229.40470	6669
943	943	1230.69577	6583
944	944	1231.98685	6493
945	945	1233.27792	6524
946	946	1234.56900	6666
947	947	1235.86007	6538
948	948	1237.15115	6421
949	949	1238.44222	6408
950	950	1239.73330	6563
951	951	1241.02437	6588
952	952	1242.31545	6438
953	953	1243.60652	6473
954	954	1244.89760	6528
955	955	1246.18867	6449
956	956	1247.47975	6640
957	957	1248.77083	6522
958	958	1250.06190	6688
959	959	1251.35298	6680
960	960	1252.64405	6815
961	961	1253.93513	6891
962	962	1255.22620	7122
963	963	1256.51728	7019
964	964	1257.80835	7056
965	965	1259.09943	7417
966	966	1260.39050	7565
967	967	1261.68158	7844
968	968	1262.97265	7887
969	969	1264.26373	8339
970	970	1265.55480	8578
971	971	1266.84588	8780
972	972	1268.13695	8882
973	973	1269.42803	9334
974	974	1270.71910	9827
975	975	1272.01018	10186
976	976	1273.30125	10659
977	977	1274.59233	10781
978	978	1275.88340	11290
979	979	1277.17448	11709
980	980	1278.46556	12136
981	981	1279.75663	12541
982	982	1281.04771	12902
983	983	1282.33878	13184
984	984	1283.62986	13512
985	985	1284.92093	13973
986	986	1286.21201	14347
987	987	1287.50308	14374
988	988	1288.79416	14781
989	989	1290.08523	14756
990	990	1291.37631	14962
991	991	1292.66738	14896
992	992	1293.95846	14987
993	993	1295.24953	15092
994	994	1296.54061	15381
995	995	1297.83168	15247
996	996	1299.12276	15312
997	997	1300.41383	15301
998	998	1301.70491	15045
999	999	1302.99598	15159
1000	1000	1304.28706	14749
1001	1001	1305.57814	14560
1002	1002	1306.86921	14410
1003	1003	1308.16029	14255
1004	1004	1309.45136	14162
1005	1005	1310.74244	13698
1006	1006	1312.03351	13661
1007	1007	1313.32459	13117
1008	1008	1314.61566	13111
1009	1009	1315.90674	12944
1010	1010	1317.19781	12737
1011	1011	1318.48889	12250
1012	1012	1319.77996	12024
1013	1013	1321.07104	11597
1014	1014	1322.36211	11721
1015	1015	1323.65319	11090
1016	1016	1324.94426	10699
1017	1017	1326.23534	10515
1018	1018	1327.52641	10305
1019	1019	1328.81749	9830
1020	1020	1330.10856	9592
1021	1021	1331.39964	9549
1022	1022	1332.69072	9044
1023	1023	1333.98179	8727
1024	1024	1335.27287	8539
1025	1025	1336.56394	8220
1026	1026	1337.85502	8160
1027	1027	1339.14609	7720
1028	1028	1340.43717	7557
1029	1029	1341.72824	7362
1030	1030	1343.01932	7225
1031	1031	1344.31039	7065
1032	1032	1345.60147	6738
1033	1033	1346.89254	6741
1034	1034	1348.18362	6581
1035	1035	1349.47469	6509
1036	1036	1350.76577	6486
1037	1037	1352.05684	6253
1038	1038	1353.34792	6487
1039	1039	1354.63899	6338
1040	1040	1355.93007	6144
1041	1041	1357.22114	6105
1042	1042	1358.51222	6148
1043	1043	1359.80329	5980
1044	1044	1361.09437	6133
1045	1045	1362.38545	6154
1046	1046	1363.67652	6195
1047	1047	1364.96760	6025
1048	1048	1366.25867	6135
1049	1049	1367.54975	6036
1050	1050	1368.84082	6192
1051	1051	1370.13190	6263
1052	1052	1371.42297	6211
1053	1053	1372.71405	6102
1054	1054	1374.00512	6126
1055	1055	1375.29620	6227
1056	1056	1376.58727	6166
1057	1057	1377.87835	6283
1058	1058	1379.16942	6252
1059	1059	1380.46050	6277
1060	1060	1381.75157	6479
1061	1061	1383.04265	6514
1062	1062	1384.33372	6523
1063	1063	1385.62480	6728
1064	1064	1386.91587	6562
1065	1065	1388.20695	6918
1066	1066	1389.49803	6728
1067	1067	1390.78910	6920
1068	1068	1392.08018	7130
1069	1069	1393.37125	7338
1070	1070	1394.66233	7272
1071	1071	1395.95340	7403
1072	1072	1397.24448	7721
1073	1073	1398.53555	7651
1074	1074	1399.82663	7920
1075	1075	1401.11770	7946
1076	1076	1402.40878	8266
1077	1077	1403.69985	8050
1078	1078	1404.99093	8150
1079	1079	1406.28200	8381
1080	1080	1407.57308	8315
1081	1081	1408.86415	8253
1082	1082	1410.15523	8508
1083	1083	1411.44630	8668
1084	1084	1412.73738	8539
1085	1085	1414.02845	8435
1086	1086	1415.31953	8509
1087	1087	1416.61061	8663
1088	1088	1417.90168	8640
1089	1089	1419.19276	8388
1090	1090	1420.48383	8455
1091	1091	1421.77491	8272
1092	1092	1423.06598	8293
1093	1093	1424.35706	8130
1094	1094	1425.64813	7956
1095	1095	1426.93921	7951
1096	1096	1428.23028	7733
1097	1097	1429.52136	7710
1098	1098	1430.81243	7749
1099	1099	1432.10351	7510
1100	1100	1433.39458	7229
1101	1101	1434.68566	7265
1102	1102	1435.97673	7060
1103	1103	1437.26781	7007
1104	1104	1438.55888	6831
1105	1105	1439.84996	6787
1106	1106	1441.14103	6649
1107	1107	1442.43211	6491
1108	1108	1443.72318	6466
1109	1109	1445.01426	6219
1110	1110	1446.30534	6211
1111	1111	1447.59641	5963
1112	1112	1448.88749	5946
1113	1113	1450.17856	5818
1114	1114	1451.46964	5720
1115	1115	1452.76071	5575
1116	1116	1454.05179	5497
1117	1117	1455.34286	5494
1118	1118	1456.63394	5348
1119	1119	1457.92501	5271
1120	1120	1459.21609	5238
1121	1121	1460.50716	5092
1122	1122	1461.79824	4985
1123	1123	1463.08931	4933
1124	1124	1464.38039	5010
1125	1125	1465.67146	4740
1126	1126	1466.96254	4893
1127	1127	1468.25361	4812
1128	1128	1469.54469	4754
1129	1129	1470.83576	4718
1130	1130	1472.12684	4882
1131	1131	1473.41792	4696
1132	1132	1474.70899	4631
1133	1133	1476.00007	4667
1134	1134	1477.29114	4599
1135	1135	1478.58222	4580
1136	1136	1479.87329	4670
1137	1137	1481.16437	4707
1138	1138	1482.45544	4653
1139	1139	1483.74652	4593
1140	1140	1485.03759	4653
1141	1141	1486.32867	4622
1142	1142	1487.61974	4639
1143	1143	1488.91082	4598
1144	1144	1490.20189	4527
1145	1145	1491.49297	4519
1146	1146	1492.78404	4355
1147	1147	1494.07512	4366
1148	1148	1495.36619	4417
1149	1149	1496.65727	4219
1150	1150	1497.94834	4292
1151	1151	1499.23942	4118
1152	1152	1500.53049	4114
1153	1153	1501.82157	3938
1154	1154	1503.11265	4053
1155	1155	1504.40372	3832
1156	1156	1505.69480	3948
1157	1157	1506.98587	3858
1158	1158	1508.27695	3731
1159	1159	1509.56802	3637
1160	1160	1510.85910	3554
1161	1161	1512.15017	3497
1162	1162	1513.44125	3403
1163	1163	1514.73232	3392
1164	1164	1516.02340	3353
1165	1165	1517.31447	3123
1166	1166	1518.60555	3212
1167	1167	1519.89662	3163
1168	1168	1521.18770	3127
1169	1169	1522.47877	3104
1170	1170	1523.76985	3092
1171	1171	1525.06092	3093
1172	1172	1526.35200	3069
1173	1173	1527.64307	3025
1174	1174	1528.93415	2967
1175	1175	1530.22523	2989
1176	1176	1531.51630	3005
1177	1177	1532.80738	2952
1178	1178	1534.09845	3100
1179	1179	1535.38953	3149
1180	1180	1536.68060	3191
1181	1181	1537.97168	3190
1182	1182	1539.26275	3207
1183	1183	1540.55383	3225
1184	1184	1541.84490	3259
1185	1185	1543.13598	3269
1186	1186	1544.42705	3436
1187	1187	1545.71813	3377
1188	1188	1547.00920	3449
1189	1189	1548.30028	3461
1190	1190	1549.59135	3563
1191	1191	1550.88243	3510
1192	1192	1552.17350	3540
1193	1193	1553.46458	3630
1194	1194	1554.75565	3655
1195	1195	1556.04673	3606
1196	1196	1557.33781	3789
1197	1197	1558.62888	3620
1198	1198	1559.91996	3720
1199	1199	1561.21103	3677
1200	1200	1562.50211	3739
1201	1201	1563.79318	3642
1202	1202	1565.08426	3610
1203	1203	1566.37533	3575
1204	1204	1567.66641	3613
1205	1205	1568.95748	3522
1206	1206	1570.24856	3652
1207	1207	1571.53963	3576
1208	1208	1572.83071	3548
1209	1209	1574.12178	3522
1210	1210	1575.41286	3575
1211	1211	1576.70393	3640
1212	1212	1577.99501	3602
1213	1213	1579.28608	3614
1214	1214	1580.57716	3664
1215	1215	1581.86823	3671
1216	1216	1583.15931	3657
1217	1217	1584.45038	3636
1218	1218	1585.74146	3630
1219	1219	1587.03254	3739
1220	1220	1588.32361	3862
1221	1221	1589.61469	4015
1222	1222	1590.90576	4120
1223	1223	1592.19684	4160
1224	1224	1593.48791	4343
1225	1225	1594.77899	4447
1226	1226	1596.07006	4627
1227	1227	1597.36114	4698
1228	1228	1598.65221	4935
1229	1229	1599.94329	5051
1230	1230	1601.23436	5303
1231	1231	1602.52544	5417
1232	1232	1603.81651	5683
1233	1233	1605.10759	5884
1234	1234	1606.39866	6124
1235	1235	1607.68974	6371
1236	1236	1608.98081	6791
1237	1237	1610.27189	6979
1238	1238	1611.56296	7365
1239	1239	1612.85404	7600
1240	1240	1614.14512	8013
1241	1241	1615.43619	8307
1242	1242	1616.72727	8679
1243	1243	1618.01834	9130
1244	1244	1619.30942	9306
1245	1245	1620.60049	9690
1246	1246	1621.89157	10028
1247	1247	1623.18264	10467
1248	1248	1624.47372	10844
1249	1249	1625.76479	11514
1250	1250	1627.05587	11745
1251	1251	1628.34694	12362
1252	1252	1629.63802	12812
1253	1253	1630.92909	13179
1254	1254	1632.22017	13627
1255	1255	1633.51124	14381
1256	1256	1634.80232	14793
1257	1257	1636.09339	15357
1258	1258	1637.38447	15948
1259	1259	1638.67554	16223
1260	1260	1639.96662	16906
1261	1261	1641.25770	17262
1262	1262	1642.54877	17871
1263	1263	1643.83985	18278
1264	1264	1645.13092	18302
1265	1265	1646.42200	18740
1266	1266	1647.71307	18997
1267	1267	1649.00415	19064
1268	1268	1650.29522	19091
1269	1269	1651.58630	19203
1270	1270	1652.87737	19348
1271	1271	1654.16845	19177
1272	1272	1655.45952	18963
1273	1273	1656.75060	18637
1274	1274	1658.04167	18132
1275	1275	1659.33275	18085
1276	1276	1660.62382	17535
1277	1277	1661.91490	16840
1278	1278	1663.20597	16456
1279	1279	1664.49705	15952
1280	1280	1665.78812	15031
1281	1281	1667.07920	14578
1282	1282	1668.37027	13511
1283	1283	1669.66135	12933
1284	1284	1670.95243	12111
1285	1285	1672.24350	11373
1286	1286	1673.53458	10713
1287	1287	1674.82565	9920
1288	1288	1676.11673	9301
1289	1289	1677.40780	8486
1290	1290	1678.69888	8018
1291	1291	1679.98995	7359
1292	1292	1681.28103	6797
1293	1293	1682.57210	6244
1294	1294	1683.86318	5763
1295	1295	1685.15425	5368
1296	1296	1686.44533	4854
1297	1297	1687.73640	4571
1298	1298	1689.02748	4272
1299	1299	1690.31855	4065
1300	1300	1691.60963	3760
1301	1301	1692.90070	3560
1302	1302	1694.19178	3347
1303	1303	1695.48285	3274
1304	1304	1696.77393	3166
1305	1305	1698.06501	2907
1306	1306	1699.35608	2945
1307	1307	1700.64716	2983
1308	1308	1701.93823	3005
1309	1309	1703.22931	3014
1310	1310	1704.52038	2938
1311	1311	1705.81146	3063
1312	1312	1707.10253	3083
1313	1313	1708.39361	3183
1314	1314	1709.68468	3155
1315	1315	1710.97576	3254
1316	1316	1712.26683	3410
1317	1317	1713.55791	3431
1318	1318	1714.84898	3497
1319	1319	1716.14006	3602
1320	1320	1717.43113	3763
1321	1321	1718.72221	3924
1322	1322	1720.01328	3890
1323	1323	1721.30436	3998
1324	1324	1722.59543	4147
1325	1325	1723.88651	4076
1326	1326	1725.17758	4180
1327	1327	1726.46866	4219
1328	1328	1727.75974	4303
1329	1329	1729.05081	4364
1330	1330	1730.34189	4271
1331	1331	1731.63296	4265
1332	1332	1732.92404	4368
1333	1333	1734.21511	4362
1334	1334	1735.50619	4151
1335	1335	1736.79726	4189
1336	1336	1738.08834	4080
1337	1337	1739.37941	4125
1338	1338	1740.67049	4061
1339	1339	1741.96156	4002
1340	1340	1743.25264	3901
1341	1341	1744.54371	3698
1342	1342	1745.83479	3723
1343	1343	1747.12586	3610
1344	1344	1748.41694	3546
1345	1345	1749.70801	3408
1346	1346	1750.99909	3219
1347	1347	1752.29016	3186
1348	1348	1753.58124	3028
1349	1349	1754.87232	2964
1350	1350	1756.16339	2864
1351	1351	1757.45447	2797
1352	1352	1758.74554	2767
1353	1353	1760.03662	2630
1354	1354	1761.32769	2579
1355	1355	1762.61877	2366
1356	1356	1763.90984	2405
1357	1357	1765.20092	2395
1358	1358	1766.49199	2252
1359	1359	1767.78307	2217
1360	1360	1769.07414	2139
1361	1361	1770.36522	2118
1362	1362	1771.65629	2036
1363	1363	1772.94737	2104
1364	1364	1774.23844	2108
1365	1365	1775.52952	2028
1366	1366	1776.82059	1985
1367	1367	1778.11167	1933
1368	1368	1779.40274	1911
1369	1369	1780.69382	1875
1370	1370	1781.98490	1948
1371	1371	1783.27597	1838
1372	1372	1784.56705	1813
1373	1373	1785.85812	1858
1374	1374	1787.14920	1746
1375	1375	1788.44027	1853
1376	1376	1789.73135	1739
1377	1377	1791.02242	1674
1378	1378	1792.31350	1703
1379	1379	1793.60457	1738
1380	1380	1794.89565	1645
1381	1381	1796.18672	1615
1382	1382	1797.47780	1606
1383	1383	1798.76887	1639
1384	1384	1800.05995	1605
1385	1385	1801.35102	1577
1386	1386	1802.64210	1566
1387	1387	1803.93317	1602
1388	1388	1805.22425	1609
1389	1389	1806.51532	1543
1390	1390	1807.80640	1537
1391	1391	1809.09747	1532
1392	1392	1810.38855	1571
1393	1393	1811.67963	1594
1394	1394	1812.97070	1516
1395	1395	1814.26178	1562
1396	1396	1815.55285	1442
1397	1397	1816.84393	1479
1398	1398	1818.13500	1485
1399	1399	1819.42608	1480
1400	1400	1820.71715	1510
1401	1401	1822.00823	1418
1402	1402	1823.29930	1473
1403	1403	1824.59038	1539
1404	1404	1825.88145	1468
1405	1405	1827.17253	1457
1406	1406	1828.46360	1400
1407	1407	1829.75468	1464
1408	1408	1831.04575	1406
1409	1409	1832.33683	1470
1410	1410	1833.62790	1354
1411	1411	1834.91898	1374
1412	1412	1836.21005	1399
1413	1413	1837.50113	1417
1414	1414	1838.79221	1380
1415	1415	1840.08328	1285
1416	1416	1841.37436	1290
1417	1417	1842.66543	1262
1418	1418	1843.95651	1249
1419	1419	1845.24758	1262
1420	1420	1846.53866	1224
1421	1421	1847.82973	1203
1422	1422	1849.12081	1174
1423	1423	1850.41188	1148
1424	1424	1851.70296	1183
1425	1425	1852.99403	1193
1426	1426	1854.28511	1206
1427	1427	1855.57618	1140
1428	1428	1856.86726	1167
1429	1429	1858.15833	1186
1430	1430	1859.44941	1210
1431	1431	1860.74048	1096
1432	1432	1862.03156	1118
1433	1433	1863.32263	1153
1434	1434	1864.61371	1140
1435	1435	1865.90479	1116
1436	1436	1867.19586	1101
1437	1437	1868.48694	1121
1438	1438	1869.77801	1147
1439	1439	1871.06909	1131
1440	1440	1872.36016	1099
1441	1441	1873.65124	1136
1442	1442	1874.94231	1159
1443	1443	1876.23339	1153
1444	1444	1877.52446	1100
1445	1445	1878.81554	1106
1446	1446	1880.10661	1125
1447	1447	1881.39769	1073
1448	1448	1882.68876	1079
1449	1449	1883.97984	1102
1450	1450	1885.27091	1011
1451	1451	1886.56199	1024
1452	1452	1887.85306	1065
1453	1453	1889.14414	1093
1454	1454	1890.43521	1019
1455	1455	1891.72629	1004
1456	1456	1893.01736	998
1457	1457	1894.30844	1003
1458	1458	1895.59952	980
1459	1459	1896.89059	921
1460	1460	1898.18167	954
1461	1461	1899.47274	985
1462	1462	1900.76382	971
1463	1463	1902.05489	964
1464	1464	1903.34597	913
1465	1465	1904.63704	890
1466	1466	1905.92812	899
1467	1467	1907.21919	885
1468	1468	1908.51027	863
1469	1469	1909.80134	891
1470	1470	1911.09242	870
1471	1471	1912.38349	769
1472	1472	1913.67457	818
1473	1473	1914.96564	774
1474	1474	1916.25672	784
1475	1475	1917.54779	722
1476	1476	1918.83887	807
1477	1477	1920.12994	733
1478	1478	1921.42102	714
1479	1479	1922.71210	693
1480	1480	1924.00317	695
1481	1481	1925.29425	749
1482	1482	1926.58532	698
1483	1483	1927.87640	681
1484	1484	1929.16747	750
1485	1485	1930.45855	743
1486	1486	1931.74962	772
1487	1487	1933.04070	727
1488	1488	1934.33177	723
1489	1489	1935.62285	733
1490	1490	1936.91392	693
1491	1491	1938.20500	702
1492	1492	1939.49607	715
1493	1493	1940.78715	752
1494	1494	1942.07822	710
1495	1495	1943.36930	739
1496	1496	1944.66037	804
1497	1497	1945.95145	800
1498	1498	1947.24252	825
1499	1499	1948.53360	800
1500	1500	1949.82468	855
1501	1501	1951.11575	860
1502	1502	1952.40683	866
1503	1503	1953.69790	937
1504	1504	1954.98898	938
1505	1505	1956.28005	966
1506	1506	1957.57113	1010
1507	1507	1958.86220	1025
1508	1508	1960.15328	1102
1509	1509	1961.44435	1138
1510	1510	1962.73543	1176
1511	1511	1964.02650	1179
1512	1512	1965.31758	1186
1513	1513	1966.60865	1267
1514	1514	1967.89973	1300
1515	1515	1969.19080	1302
1516	1516	1970.48188	1349
1517	1517	1971.77295	1458
1518	1518	1973.06403	1383
1519	1519	1974.35510	1514
1520	1520	1975.64618	1546
1521	1521	1976.93725	1550
1522	1522	1978.22833	1513
1523	1523	1979.51941	1583
1524	1524	1980.81048	1547
1525	1525	1982.10156	1621
1526	1526	1983.39263	1641
1527	1527	1984.68371	1698
1528	1528	1985.97478	1608
1529	1529	1987.26586	1664
1530	1530	1988.55693	1595
1531	1531	1989.84801	1591
1532	1532	1991.13908	1527
1533	1533	1992.43016	1581
1534	1534	1993.72123	1501
1535	1535	1995.01231	1488
1536	1536	1996.30338	1441
1537	1537	1997.59446	1435
1538	1538	1998.88553	1437
1539	1539	2000.17661	1422
1540	1540	2001.46768	1314
1541	1541	2002.75876	1320
1542	1542	2004.04983	1337
1543	1543	2005.34091	1352
1544	1544	2006.63199	1234
1545	1545	2007.92306	1231
1546	1546	2009.21414	1137
1547	1547	2010.50521	1123
1548	1548	2011.79629	1073
1549	1549	2013.08736	1078
1550	1550	2014.37844	1127
1551	1551	2015.66951	1104
1552	1552	2016.96059	1088
1553	1553	2018.25166	1135
1554	1554	2019.54274	1150
1555	1555	2020.83381	1167
1556	1556	2022.12489	1127
1557	1557	2023.41596	1133
1558	1558	2024.70704	1223
1559	1559	2025.99811	1268
1560	1560	2027.28919	1275
1561	1561	2028.58026	1379
1562	1562	2029.87134	1417
1563	1563	2031.16241	1471
1564	1564	2032.45349	1624
1565	1565	2033.74456	1700
1566	1566	2035.03564	1763
1567	1567	2036.32672	1871
1568	1568	2037.61779	2034
1569	1569	2038.90887	2102
1570	1570	2040.19994	2300
1571	1571	2041.49102	2387
1572	1572	2042.78209	2493
1573	1573	2044.07317	2639
1574	1574	2045.36424	2816
1575	1575	2046.65532	3094
1576	1576	2047.94639	3102
1577	1577	2049.23747	3239
1578	1578	2050.52854	3344
1579	1579	2051.81962	3565
1580	1580	2053.11069	3631
1581	1581	2054.40177	3782
1582	1582	2055.69284	3856
1583	1583	2056.98392	3969
1584	1584	2058.27499	3948
1585	1585	2059.56607	4129
1586	1586	2060.85714	4217
1587	1587	2062.14822	4237
1588	1588	2063.43930	4208
1589	1589	2064.73037	4272
1590	1590	2066.02145	4459
1591	1591	2067.31252	4315
1592	1592	2068.60360	4129
1593	1593	2069.89467	4177
1594	1594	2071.18575	4131
1595	1595	2072.47682	4102
1596	1596	2073.76790	4067
1597	1597	2075.05897	3841
1598	1598	2076.35005	3724
1599	1599	2077.64112	3717
1600	1600	2078.93220	3601
1601	1601	2080.22327	3444
1602	1602	2081.51435	3233
1603	1603	2082.80542	3158
1604	1604	2084.09650	3002
1605	1605	2085.38757	2725
1606	1606	2086.67865	2669
1607	1607	2087.96972	2600
1608	1608	2089.26080	2345
1609	1609	2090.55188	2279
1610	1610	2091.84295	2057
1611	1611	2093.13403	1963
1612	1612	2094.42510	1802
1613	1613	2095.71618	1658
1614	1614	2097.00725	1530
1615	1615	2098.29833	1411
1616	1616	2099.58940	1362
1617	1617	2100.88048	1235
1618	1618	2102.17155	1069
1619	1619	2103.46263	1066
1620	1620	2104.75370	895
1621	1621	2106.04478	911
1622	1622	2107.33585	829
1623	1623	2108.62693	755
1624	1624	2109.91800	692
1625	1625	2111.20908	648
1626	1626	2112.50015	621
1627	1627	2113.79123	590
1628	1628	2115.08230	539
1629	1629	2116.37338	510
1630	1630	2117.66445	490
1631	1631	2118.95553	460
1632	1632	2120.24661	479
1633	1633	2121.53768	425
1634	1634	2122.82876	428
1635	1635	2124.11983	438
1636	1636	2125.41091	428
1637	1637	2126.70198	371
1638	1638	2127.99306	419
1639	1639	2129.28413	376
1640	1640	2130.57521	390
1641	1641	2131.86628	396
1642	1642	2133.15736	422
1643	1643	2134.44843	398
1644	1644	2135.73951	459
1645	1645	2137.03058	406
1646	1646	2138.32166	415
1647	1647	2139.61273	432
1648	1648	2140.90381	415
1649	1649	2142.19488	431
1650	1650	2143.48596	439
1651	1651	2144.77703	428
1652	1652	2146.06811	482
1653	1653	2147.35919	423
1654	1654	2148.65026	414
1655	1655	2149.94134	402
1656	1656	2151.23241	416
1657	1657	2152.52349	413
1658	1658	2153.81456	432
1659	1659	2155.10564	408
1660	1660	2156.39671	391
1661	1661	2157.68779	403
1662	1662	2158.97886	414
1663	1663	2160.26994	389
1664	1664	2161.56101	387
1665	1665	2162.85209	307
1666	1666	2164.14316	335
1667	1667	2165.43424	339
1668	1668	2166.72531	338
1669	1669	2168.01639	321
1670	1670	2169.30746	309
1671	1671	2170.59854	300
1672	1672	2171.88961	276
1673	1673	2173.18069	300
1674	1674	2174.47177	286
1675	1675	2175.76284	270
1676	1676	2177.05392	253
1677	1677	2178.34499	237
1678	1678	2179.63607	244
1679	1679	2180.92714	224
1680	1680	2182.21822	211
1681	1681	2183.50929	205
1682	1682	2184.80037	178
1683	1683	2186.09144	212
1684	1684	2187.38252	176
1685	1685	2188.67359	186
1686	1686	2189.96467	177
1687	1687	2191.25574	154
1688	1688	2192.54682	173
1689	1689	2193.83789	152
1690	1690	2195.12897	170
1691	1691	2196.42004	157
1692	1692	2197.71112	150
1693	1693	2199.00219	157
1694	1694	2200.29327	145
1695	1695	2201.58434	111
1696	1696	2202.87542	129
1697	1697	2204.16650	147
1698	1698	2205.45757	117
1699	1699	2206.74865	133
1700	1700	2208.03972	112
1701	1701	2209.33080	130
1702	1702	2210.62187	109
1703	1703	2211.91295	130
1704	1704	2213.20402	137
1705	1705	2214.49510	122
1706	1706	2215.78617	107
1707	1707	2217.07725	154
1708	1708	2218.36832	153
1709	1709	2219.65940	124
1710	1710	2220.95047	143
1711	1711	2222.24155	142
1712	1712	2223.53262	138
1713	1713	2224.82370	138
1714	1714	2226.11477	132
1715	1715	2227.40585	146
1716	1716	2228.69692	124
1717	1717	2229.98800	149
1718	1718	2231.27908	172
1719	1719	2232.57015	151
1720	1720	2233.86123	158
1721	1721	2235.15230	137
1722	1722	2236.44338	163
1723	1723	2237.73445	161
1724	1724	2239.02553	169
1725	1725	2240.31660	156
1726	1726	2241.60768	175
1727	1727	2242.89875	178
1728	1728	2244.18983	203
1729	1729	2245.48090	198
1730	1730	2246.77198	232
1731	1731	2248.06305	267
1732	1732	2249.35413	247
1733	1733	2250.64520	254
1734	1734	2251.93628	289
1735	1735	2253.22735	303
1736	1736	2254.51843	325
1737	1737	2255.80950	345
1738	1738	2257.10058	339
1739	1739	2258.39165	380
1740	1740	2259.68273	422
1741	1741	2260.97381	462
1742	1742	2262.26488	483
1743	1743	2263.55596	534
1744	1744	2264.84703	488
1745	1745	2266.13811	563
1746	1746	2267.42918	605
1747	1747	2268.72026	652
1748	1748	2270.01133	638
1749	1749	2271.30241	742
1750	1750	2272.59348	710
1751	1751	2273.88456	800
1752	1752	2275.17563	803
1753	1753	2276.46671	867
1754	1754	2277.75778	924
1755	1755	2279.04886	927
1756	1756	2280.33993	900
1757	1757	2281.63101	988
1758	1758	2282.92208	994
1759	1759	2284.21316	1022
1760	1760	2285.50423	1109
1761	1761	2286.79531	1081
1762	1762	2288.08639	1135
1763	1763	2289.37746	1093
1764	1764	2290.66854	1103
1765	1765	2291.95961	1158
1766	1766	2293.25069	1135
1767	1767	2294.54176	1180
1768	1768	2295.83284	1168
1769	1769	2297.12391	1106
1770	1770	2298.41499	1123
1771	1771	2299.70606	1139
1772	1772	2300.99714	1145
1773	1773	2302.28821	1126
1774	1774	2303.57929	1056
1775	1775	2304.87036	1042
1776	1776	2306.16144	1025
1777	1777	2307.45251	959
1778	1778	2308.74359	974
1779	1779	2310.03466	900
1780	1780	2311.32574	849
1781	1781	2312.61681	829
1782	1782	2313.90789	805
1783	1783	2315.19897	782
1784	1784	2316.49004	781
1785	1785	2317.78112	706
1786	1786	2319.07219	607
1787	1787	2320.36327	595
1788	1788	2321.65434	550
1789	1789	2322.94542	541
1790	1790	2324.23649	508
1791	1791	2325.52757	453
1792	1792	2326.81864	433
1793	1793	2328.10972	432
1794	1794	2329.40079	386
1795	1795	2330.69187	371
1796	1796	2331.98294	326
1797	1797	2333.27402	313
1798	1798	2334.56509	278
1799	1799	2335.85617	264
1800	1800	2337.14724	261
1801	1801	2338.43832	232
1802	1802	2339.72939	216
1803	1803	2341.02047	173
1804	1804	2342.31154	179
1805	1805	2343.60262	150
1806	1806	2344.89370	152
1807	1807	2346.18477	159
1808	1808	2347.47585	139
1809	1809	2348.76692	128
1810	1810	2350.05800	126
1811	1811	2351.34907	117
1812	1812	2352.64015	118
1813	1813	2353.93122	110
1814	1814	2355.22230	135
1815	1815	2356.51337	120
1816	1816	2357.80445	105
1817	1817	2359.09552	106
1818	1818	2360.38660	86
1819	1819	2361.67767	87
1820	1820	2362.96875	100
1821	1821	2364.25982	103
1822	1822	2365.55090	80
1823	1823	2366.84197	70
1824	1824	2368.13305	97
1825	1825	2369.42412	80
1826	1826	2370.71520	75
1827	1827	2372.00628	68
1828	1828	2373.29735	79
1829	1829	2374.58843	73
1830	1830	2375.87950	65
1831	1831	2377.17058	73
1832	1832	2378.46165	59
1833	1833	2379.75273	78
1834	1834	2381.04380	87
1835	1835	2382.33488	65
1836	1836	2383.62595	68
1837	1837	2384.91703	58
1838	1838	2386.20810	58
1839	1839	2387.49918	59
1840	1840	2388.79025	63
1841	1841	2390.08133	53
1842	1842	2391.37240	61
1843	1843	2392.66348	53
1844	1844	2393.95455	81
1845	1845	2395.24563	69
1846	1846	2396.53670	71
1847	1847	2397.82778	72
1848	1848	2399.11886	65
1849	1849	2400.40993	56
1850	1850	2401.70101	46
1851	1851	2402.99208	66
1852	1852	2404.28316	69
1853	1853	2405.57423	59
1854	1854	2406.86531	79
1855	1855	2408.15638	54
1856	1856	2409.44746	55
1857	1857	2410.73853	62
1858	1858	2412.02961	57
1859	1859	2413.32068	69
1860	1860	2414.61176	66
1861	1861	2415.90283	64
1862	1862	2417.19391	64
1863	1863	2418.48498	54
1864	1864	2419.77606	72
1865	1865	2421.06713	63
1866	1866	2422.35821	73
1867	1867	2423.64928	75
1868	1868	2424.94036	58
1869	1869	2426.23143	62
1870	1870	2427.52251	61
1871	1871	2428.81359	74
1872	1872	2430.10466	63
1873	1873	2431.39574	61
1874	1874	2432.68681	45
1875	1875	2433.97789	57
1876	1876	2435.26896	55
1877	1877	2436.56004	65
1878	1878	2437.85111	66
1879	1879	2439.14219	72
1880	1880	2440.43326	67
1881	1881	2441.72434	66
1882	1882	2443.01541	66
1883	1883	2444.30649	62
1884	1884	2445.59756	49
1885	1885	2446.88864	72
1886	1886	2448.17971	62
1887	1887	2449.47079	70
1888	1888	2450.76186	60
1889	1889	2452.05294	56
1890	1890	2453.34401	71
1891	1891	2454.63509	72
1892	1892	2455.92617	60
1893	1893	2457.21724	54
1894	1894	2458.50832	75
1895	1895	2459.79939	63
1896	1896	2461.09047	75
1897	1897	2462.38154	58
1898	1898	2463.67262	55
1899	1899	2464.96369	63
1900	1900	2466.25477	58
1901	1901	2467.54584	64
1902	1902	2468.83692	57
1903	1903	2470.12799	68
1904	1904	2471.41907	58
1905	1905	2472.71014	48
1906	1906	2474.00122	63
1907	1907	2475.29229	65
1908	1908	2476.58337	59
1909	1909	2477.87444	63
1910	1910	2479.16552	59
1911	1911	2480.45659	63
1912	1912	2481.74767	60
1913	1913	2483.03874	54
1914	1914	2484.32982	51
1915	1915	2485.62090	69
1916	1916	2486.91197	61
1917	1917	2488.20305	49
1918	1918	2489.49412	64
1919	1919	2490.78520	44
1920	1920	2492.07627	59
1921	1921	2493.36735	66
1922	1922	2494.65842	60
1923	1923	2495.94950	56
1924	1924	2497.24057	65
1925	1925	2498.53165	72
1926	1926	2499.82272	66
1927	1927	2501.11380	66
1928	1928	2502.40487	59
1929	1929	2503.69595	71
1930	1930	2504.98702	73
1931	1931	2506.27810	67
1932	1932	2507.56917	77
1933	1933	2508.86025	61
1934	1934	2510.15132	78
1935	1935	2511.44240	83
1936	1936	2512.73348	93
1937	1937	2514.02455	65
1938	1938	2515.31563	80
1939	1939	2516.60670	72
1940	1940	2517.89778	84
1941	1941	2519.18885	81
1942	1942	2520.47993	68
1943	1943	2521.77100	63
1944	1944	2523.06208	68
1945	1945	2524.35315	86
1946	1946	2525.64423	60
1947	1947	2526.93530	77
1948	1948	2528.22638	67
1949	1949	2529.51745	71
1950	1950	2530.80853	60
1951	1951	2532.09960	73
1952	1952	2533.39068	96
1953	1953	2534.68175	82
1954	1954	2535.97283	74
1955	1955	2537.26390	100
1956	1956	2538.55498	69
1957	1957	2539.84606	79
1958	1958	2541.13713	58
1959	1959	2542.42821	64
1960	1960	2543.71928	72
1961	1961	2545.01036	76
1962	1962	2546.30143	63
1963	1963	2547.59251	80
1964	1964	2548.88358	77
1965	1965	2550.17466	83
1966	1966	2551.46573	68
1967	1967	2552.75681	78
1968	1968	2554.04788	82
1969	1969	2555.33896	61
1970	1970	2556.63003	60
1971	1971	2557.92111	57
1972	1972	2559.21218	71
1973	1973	2560.50326	73
1974	1974	2561.79433	62
1975	1975	2563.08541	76
1976	1976	2564.37648	77
1977	1977	2565.66756	63
1978	1978	2566.95863	73
1979	1979	2568.24971	71
1980	1980	2569.54079	72
1981	1981	2570.83186	69
1982	1982	2572.12294	68
1983	1983	2573.41401	78
1984	1984	2574.70509	65
1985	1985	2575.99616	57
1986	1986	2577.28724	86
1987	1987	2578.57831	50
1988	1988	2579.86939	72
1989	1989	2581.16046	68
1990	1990	2582.45154	58
1991	1991	2583.74261	54
1992	1992	2585.03369	68
1993	1993	2586.32476	66
1994	1994	2587.61584	61
1995	1995	2588.90691	65
1996	1996	2590.19799	68
1997	1997	2591.48906	63
1998	1998	2592.78014	54
1999	1999	2594.07121	69
2000	2000	2595.36229	68
2001	2001	2596.65337	61
2002	2002	2597.94444	58
2003	2003	2599.23552	61
2004	2004	2600.52659	72
2005	2005	2601.81767	55
2006	2006	2603.10874	71
2007	2007	2604.39982	57
2008	2008	2605.69089	67
2009	2009	2606.98197	60
2010	2010	2608.27304	63
2011	2011	2609.56412	51
2012	2012	2610.85519	60
2013	2013	2612.14627	52
2014	2014	2613.43734	49
2015	2015	2614.72842	47
2016	2016	2616.01949	51
2017	2017	2617.31057	50
2018	2018	2618.60164	44
2019	2019	2619.89272	40
2020	2020	2621.18379	48
2021	2021	2622.47487	51
2022	2022	2623.76595	44
2023	2023	2625.05702	55
2024	2024	2626.34810	46
2025	2025	2627.63917	46
2026	2026	2628.93025	54
2027	2027	2630.22132	45
2028	2028	2631.51240	38
2029	2029	2632.80347	52
2030	2030	2634.09455	45
2031	2031	2635.38562	41
2032	2032	2636.67670	52
2033	2033	2637.96777	42
2034	2034	2639.25885	45
2035	2035	2640.54992	44
2036	2036	2641.84100	41
2037	2037	2643.13207	47
2038	2038	2644.42315	42
2039	2039	2645.71422	40
2040	2040	2647.00530	32
2041	2041	2648.29637	31
2042	2042	2649.58745	37
2043	2043	2650.87852	44
2044	2044	2652.16960	37
2045	2045	2653.46068	31
2046	2046	2654.75175	38
2047	2047	2656.04283	39
2048	2048	2657.33390	49
