	CHNL_k1527-2024	ENERGY_k1527-2024	COUNTS_k1527-2024
1	1	14.5029025	0
2	2	15.7939778	0
3	3	17.0850530	0
4	4	18.3761282	0
5	5	19.6672035	0
6	6	20.9582787	0
7	7	22.2493539	0
8	8	23.5404291	0
9	9	24.8315044	0
10	10	26.1225796	0
11	11	27.4136548	0
12	12	28.7047301	0
13	13	29.9958053	0
14	14	31.2868805	0
15	15	32.5779558	0
16	16	33.8690310	0
17	17	35.1601062	0
18	18	36.4511814	0
19	19	37.7422567	0
20	20	39.0333319	0
21	21	40.3244071	26
22	22	41.6154824	29
23	23	42.9065576	182
24	24	44.1976328	5976
25	25	45.4887081	51024
26	26	46.7797833	144035
27	27	48.0708585	216882
28	28	49.3619337	259233
29	29	50.6530090	286234
30	30	51.9440842	260722
31	31	53.2351594	200502
32	32	54.5262347	159280
33	33	55.8173099	142466
34	34	57.1083851	136545
35	35	58.3994604	134942
36	36	59.6905356	137441
37	37	60.9816108	141099
38	38	62.2726860	145808
39	39	63.5637613	147656
40	40	64.8548365	157489
41	41	66.1459117	168922
42	42	67.4369870	167424
43	43	68.7280622	162745
44	44	70.0191374	156023
45	45	71.3102127	150736
46	46	72.6012879	144631
47	47	73.8923631	139656
48	48	75.1834383	134213
49	49	76.4745136	129422
50	50	77.7655888	123233
51	51	79.0566640	118399
52	52	80.3477393	112361
53	53	81.6388145	105832
54	54	82.9298897	99749
55	55	84.2209650	93767
56	56	85.5120402	88001
57	57	86.8031154	81646
58	58	88.0941906	75302
59	59	89.3852659	69309
60	60	90.6763411	65633
61	61	91.9674163	62989
62	62	93.2584916	60663
63	63	94.5495668	55282
64	64	95.8406420	40645
65	65	97.1317173	26159
66	66	98.4227925	21501
67	67	99.7138677	20508
68	68	101.004943	20352
69	69	102.296018	19990
70	70	103.587093	19569
71	71	104.878169	19315
72	72	106.169244	19325
73	73	107.460319	19010
74	74	108.751394	18295
75	75	110.042470	18716
76	76	111.333545	18359
77	77	112.624620	18081
78	78	113.915695	17939
79	79	115.206770	17629
80	80	116.497845	17333
81	81	117.788921	17168
82	82	119.079996	16986
83	83	120.371071	16824
84	84	121.662146	16925
85	85	122.953222	16641
86	86	124.244297	16393
87	87	125.535372	16096
88	88	126.826447	15925
89	89	128.117522	15618
90	90	129.408598	15874
91	91	130.699673	15559
92	92	131.990748	15443
93	93	133.281823	15107
94	94	134.572899	15099
95	95	135.863974	14623
96	96	137.155049	14718
97	97	138.446124	14499
98	98	139.737200	14326
99	99	141.028275	14050
100	100	142.319350	14066
101	101	143.610425	13837
102	102	144.901500	13727
103	103	146.192576	13366
104	104	147.483651	13318
105	105	148.774726	13206
106	106	150.065801	13049
107	107	151.356877	12553
108	108	152.647952	12455
109	109	153.939027	12027
110	110	155.230102	12039
111	111	156.521178	11835
112	112	157.812253	11874
113	113	159.103328	11755
114	114	160.394403	11564
115	115	161.685478	11217
116	116	162.976554	11284
117	117	164.267629	11100
118	118	165.558704	11204
119	119	166.849779	10979
120	120	168.140855	10708
121	121	169.431930	10901
122	122	170.723005	10474
123	123	172.014080	10658
124	124	173.305156	10423
125	125	174.596231	10351
126	126	175.887306	10507
127	127	177.178381	10338
128	128	178.469456	10127
129	129	179.760532	10154
130	130	181.051607	9909
131	131	182.342682	9914
132	132	183.633757	9797
133	133	184.924833	9677
134	134	186.215908	9792
135	135	187.506983	9674
136	136	188.798058	9586
137	137	190.089134	9595
138	138	191.380209	9497
139	139	192.671284	9375
140	140	193.962359	9540
141	141	195.253434	9366
142	142	196.544510	9212
143	143	197.835585	9379
144	144	199.126660	9575
145	145	200.417735	9396
146	146	201.708811	9505
147	147	202.999886	9384
148	148	204.290961	9713
149	149	205.582036	9884
150	150	206.873112	10007
151	151	208.164187	10063
152	152	209.455262	10236
153	153	210.746337	10477
154	154	212.037412	10455
155	155	213.328488	10467
156	156	214.619563	10362
157	157	215.910638	10502
158	158	217.201713	10547
159	159	218.492789	10459
160	160	219.783864	10349
161	161	221.074939	10167
162	162	222.366014	10064
163	163	223.657089	10178
164	164	224.948165	9855
165	165	226.239240	9718
166	166	227.530315	9690
167	167	228.821390	9546
168	168	230.112466	9284
169	169	231.403541	9252
170	170	232.694616	9163
171	171	233.985691	8976
172	172	235.276767	8791
173	173	236.567842	8569
174	174	237.858917	8569
175	175	239.149992	8389
176	176	240.441067	8187
177	177	241.732143	8384
178	178	243.023218	8117
179	179	244.314293	8322
180	180	245.605368	7955
181	181	246.896444	7896
182	182	248.187519	8022
183	183	249.478594	7670
184	184	250.769669	7791
185	185	252.060745	7623
186	186	253.351820	7638
187	187	254.642895	7608
188	188	255.933970	7419
189	189	257.225045	7468
190	190	258.516121	7325
191	191	259.807196	7211
192	192	261.098271	7276
193	193	262.389346	7182
194	194	263.680422	7205
195	195	264.971497	7045
196	196	266.262572	6959
197	197	267.553647	6972
198	198	268.844723	6921
199	199	270.135798	6867
200	200	271.426873	6688
201	201	272.717948	6602
202	202	274.009023	6582
203	203	275.300099	6634
204	204	276.591174	6397
205	205	277.882249	6521
206	206	279.173324	6468
207	207	280.464400	6397
208	208	281.755475	6371
209	209	283.046550	6489
210	210	284.337625	6475
211	211	285.628701	6360
212	212	286.919776	6133
213	213	288.210851	6146
214	214	289.501926	6057
215	215	290.793001	6077
216	216	292.084077	6082
217	217	293.375152	6002
218	218	294.666227	5869
219	219	295.957302	5970
220	220	297.248378	5797
221	221	298.539453	5776
222	222	299.830528	5810
223	223	301.121603	5797
224	224	302.412679	5781
225	225	303.703754	5784
226	226	304.994829	5677
227	227	306.285904	5618
228	228	307.576979	5589
229	229	308.868055	5611
230	230	310.159130	5554
231	231	311.450205	5421
232	232	312.741280	5583
233	233	314.032356	5518
234	234	315.323431	5486
235	235	316.614506	5386
236	236	317.905581	5381
237	237	319.196657	5375
238	238	320.487732	5406
239	239	321.778807	5393
240	240	323.069882	5296
241	241	324.360957	5258
242	242	325.652033	5295
243	243	326.943108	5424
244	244	328.234183	5208
245	245	329.525258	5164
246	246	330.816334	5167
247	247	332.107409	5117
248	248	333.398484	5178
249	249	334.689559	5160
250	250	335.980635	5143
251	251	337.271710	5080
252	252	338.562785	5055
253	253	339.853860	4929
254	254	341.144935	4843
255	255	342.436011	4889
256	256	343.727086	4842
257	257	345.018161	4788
258	258	346.309236	4785
259	259	347.600312	4857
260	260	348.891387	4768
261	261	350.182462	4802
262	262	351.473537	4727
263	263	352.764612	4730
264	264	354.055688	4725
265	265	355.346763	4649
266	266	356.637838	4640
267	267	357.928913	4625
268	268	359.219989	4561
269	269	360.511064	4579
270	270	361.802139	4540
271	271	363.093214	4523
272	272	364.384290	4482
273	273	365.675365	4449
274	274	366.966440	4517
275	275	368.257515	4439
276	276	369.548590	4403
277	277	370.839666	4404
278	278	372.130741	4459
279	279	373.421816	4495
280	280	374.712891	4493
281	281	376.003967	4358
282	282	377.295042	4385
283	283	378.586117	4350
284	284	379.877192	4286
285	285	381.168268	4293
286	286	382.459343	4344
287	287	383.750418	4244
288	288	385.041493	4334
289	289	386.332568	4235
290	290	387.623644	4202
291	291	388.914719	4086
292	292	390.205794	4254
293	293	391.496869	4215
294	294	392.787945	4178
295	295	394.079020	4154
296	296	395.370095	4154
297	297	396.661170	4203
298	298	397.952246	4251
299	299	399.243321	4113
300	300	400.534396	4205
301	301	401.825471	4090
302	302	403.116546	4279
303	303	404.407622	4204
304	304	405.698697	4215
305	305	406.989772	4422
306	306	408.280847	4326
307	307	409.571923	4330
308	308	410.862998	4408
309	309	412.154073	4360
310	310	413.445148	4288
311	311	414.736224	4280
312	312	416.027299	4490
313	313	417.318374	4464
314	314	418.609449	4448
315	315	419.900524	4234
316	316	421.191600	4312
317	317	422.482675	4393
318	318	423.773750	4218
319	319	425.064825	4155
320	320	426.355901	4127
321	321	427.646976	4098
322	322	428.938051	4047
323	323	430.229126	3940
324	324	431.520202	3993
325	325	432.811277	3998
326	326	434.102352	4069
327	327	435.393427	3758
328	328	436.684502	3873
329	329	437.975578	3845
330	330	439.266653	3892
331	331	440.557728	3742
332	332	441.848803	3820
333	333	443.139879	3822
334	334	444.430954	3838
335	335	445.722029	3764
336	336	447.013104	3768
337	337	448.304180	3737
338	338	449.595255	3775
339	339	450.886330	3849
340	340	452.177405	3707
341	341	453.468480	3641
342	342	454.759556	3735
343	343	456.050631	3808
344	344	457.341706	3765
345	345	458.632781	3699
346	346	459.923857	3736
347	347	461.214932	3781
348	348	462.506007	3812
349	349	463.797082	3741
350	350	465.088158	3946
351	351	466.379233	3980
352	352	467.670308	3735
353	353	468.961383	4007
354	354	470.252458	3954
355	355	471.543534	3976
356	356	472.834609	4017
357	357	474.125684	4023
358	358	475.416759	4099
359	359	476.707835	3942
360	360	477.998910	4182
361	361	479.289985	4009
362	362	480.581060	4069
363	363	481.872135	4019
364	364	483.163211	4028
365	365	484.454286	4075
366	366	485.745361	4007
367	367	487.036436	3843
368	368	488.327512	3860
369	369	489.618587	3724
370	370	490.909662	3759
371	371	492.200737	3771
372	372	493.491813	3635
373	373	494.782888	3632
374	374	496.073963	3642
375	375	497.365038	3560
376	376	498.656113	3442
377	377	499.947189	3481
378	378	501.238264	3419
379	379	502.529339	3389
380	380	503.820414	3318
381	381	505.111490	3433
382	382	506.402565	3439
383	383	507.693640	3458
384	384	508.984715	3342
385	385	510.275791	3397
386	386	511.566866	3431
387	387	512.857941	3395
388	388	514.149016	3531
389	389	515.440091	3397
390	390	516.731167	3367
391	391	518.022242	3304
392	392	519.313317	3445
393	393	520.604392	3413
394	394	521.895468	3235
395	395	523.186543	3404
396	396	524.477618	3356
397	397	525.768693	3265
398	398	527.059769	3415
399	399	528.350844	3358
400	400	529.641919	3342
401	401	530.932994	3381
402	402	532.224069	3462
403	403	533.515145	3261
404	404	534.806220	3351
405	405	536.097295	3219
406	406	537.388370	3320
407	407	538.679446	3288
408	408	539.970521	3276
409	409	541.261596	3230
410	410	542.552671	3299
411	411	543.843747	3349
412	412	545.134822	3305
413	413	546.425897	3422
414	414	547.716972	3318
415	415	549.008047	3318
416	416	550.299123	3368
417	417	551.590198	3285
418	418	552.881273	3258
419	419	554.172348	3234
420	420	555.463424	3318
421	421	556.754499	3311
422	422	558.045574	3316
423	423	559.336649	3235
424	424	560.627725	3303
425	425	561.918800	3359
426	426	563.209875	3216
427	427	564.500950	3205
428	428	565.792025	3236
429	429	567.083101	3343
430	430	568.374176	3342
431	431	569.665251	3252
432	432	570.956326	3240
433	433	572.247402	3386
434	434	573.538477	3285
435	435	574.829552	3352
436	436	576.120627	3252
437	437	577.411703	3301
438	438	578.702778	3265
439	439	579.993853	3292
440	440	581.284928	3201
441	441	582.576003	3242
442	442	583.867079	3139
443	443	585.158154	3233
444	444	586.449229	3254
445	445	587.740304	3224
446	446	589.031380	3163
447	447	590.322455	3212
448	448	591.613530	3212
449	449	592.904605	3154
450	450	594.195681	3257
451	451	595.486756	3270
452	452	596.777831	3170
453	453	598.068906	3164
454	454	599.359981	3117
455	455	600.651057	3178
456	456	601.942132	3059
457	457	603.233207	3186
458	458	604.524282	3199
459	459	605.815358	3254
460	460	607.106433	3199
461	461	608.397508	3145
462	462	609.688583	3091
463	463	610.979658	3076
464	464	612.270734	3126
465	465	613.561809	3140
466	466	614.852884	3183
467	467	616.143959	3132
468	468	617.435035	3102
469	469	618.726110	3143
470	470	620.017185	3126
471	471	621.308260	3014
472	472	622.599336	3140
473	473	623.890411	3188
474	474	625.181486	3170
475	475	626.472561	3111
476	476	627.763636	3148
477	477	629.054712	3107
478	478	630.345787	3027
479	479	631.636862	3118
480	480	632.927937	3125
481	481	634.219013	3173
482	482	635.510088	3066
483	483	636.801163	3117
484	484	638.092238	3053
485	485	639.383314	3062
486	486	640.674389	3068
487	487	641.965464	3039
488	488	643.256539	3113
489	489	644.547614	3111
490	490	645.838690	3147
491	491	647.129765	3166
492	492	648.420840	3072
493	493	649.711915	3020
494	494	651.002991	3150
495	495	652.294066	2946
496	496	653.585141	3119
497	497	654.876216	3093
498	498	656.167292	3084
499	499	657.458367	3020
500	500	658.749442	3147
501	501	660.040517	3153
502	502	661.331592	3143
503	503	662.622668	3082
504	504	663.913743	3112
505	505	665.204818	3017
506	506	666.495893	3025
507	507	667.786969	3027
508	508	669.078044	3077
509	509	670.369119	3010
510	510	671.660194	3117
511	511	672.951270	3116
512	512	674.242345	3110
513	513	675.533420	3102
514	514	676.824495	3038
515	515	678.115570	3108
516	516	679.406646	3197
517	517	680.697721	2989
518	518	681.988796	3020
519	519	683.279871	2966
520	520	684.570947	3041
521	521	685.862022	3072
522	522	687.153097	3157
523	523	688.444172	3025
524	524	689.735248	3046
525	525	691.026323	3029
526	526	692.317398	3110
527	527	693.608473	3108
528	528	694.899548	3050
529	529	696.190624	3135
530	530	697.481699	3076
531	531	698.772774	3065
532	532	700.063849	3079
533	533	701.354925	3198
534	534	702.646000	3102
535	535	703.937075	2967
536	536	705.228150	3114
537	537	706.519226	3156
538	538	707.810301	3044
539	539	709.101376	3078
540	540	710.392451	3069
541	541	711.683526	3121
542	542	712.974602	3160
543	543	714.265677	2997
544	544	715.556752	3064
545	545	716.847827	3017
546	546	718.138903	3097
547	547	719.429978	3035
548	548	720.721053	3166
549	549	722.012128	3036
550	550	723.303204	3093
551	551	724.594279	3044
552	552	725.885354	3042
553	553	727.176429	3046
554	554	728.467504	3149
555	555	729.758580	3111
556	556	731.049655	3020
557	557	732.340730	3070
558	558	733.631805	2961
559	559	734.922881	3097
560	560	736.213956	3148
561	561	737.505031	3053
562	562	738.796106	3047
563	563	740.087181	3102
564	564	741.378257	3122
565	565	742.669332	3042
566	566	743.960407	3090
567	567	745.251482	3126
568	568	746.542558	3087
569	569	747.833633	3067
570	570	749.124708	3181
571	571	750.415783	3112
572	572	751.706859	3033
573	573	752.997934	3198
574	574	754.289009	3062
575	575	755.580084	3052
576	576	756.871159	3115
577	577	758.162235	3111
578	578	759.453310	3061
579	579	760.744385	3099
580	580	762.035460	2997
581	581	763.326536	3146
582	582	764.617611	3017
583	583	765.908686	2970
584	584	767.199761	3060
585	585	768.490837	3119
586	586	769.781912	3099
587	587	771.072987	3106
588	588	772.364062	3054
589	589	773.655137	3055
590	590	774.946213	3132
591	591	776.237288	3118
592	592	777.528363	3123
593	593	778.819438	3179
594	594	780.110514	3046
595	595	781.401589	3107
596	596	782.692664	3122
597	597	783.983739	3031
598	598	785.274815	3059
599	599	786.565890	3052
600	600	787.856965	3069
601	601	789.148040	3093
602	602	790.439115	3107
603	603	791.730191	3079
604	604	793.021266	3058
605	605	794.312341	3078
606	606	795.603416	3073
607	607	796.894492	3182
608	608	798.185567	3087
609	609	799.476642	3069
610	610	800.767717	3109
611	611	802.058793	3084
612	612	803.349868	3099
613	613	804.640943	3035
614	614	805.932018	3119
615	615	807.223093	3212
616	616	808.514169	3062
617	617	809.805244	3138
618	618	811.096319	3068
619	619	812.387394	3084
620	620	813.678470	3126
621	621	814.969545	3112
622	622	816.260620	3101
623	623	817.551695	3076
624	624	818.842771	3106
625	625	820.133846	3067
626	626	821.424921	3166
627	627	822.715996	3089
628	628	824.007071	3143
629	629	825.298147	3136
630	630	826.589222	3137
631	631	827.880297	3147
632	632	829.171372	3134
633	633	830.462448	3190
634	634	831.753523	3030
635	635	833.044598	3101
636	636	834.335673	3261
637	637	835.626749	3073
638	638	836.917824	3146
639	639	838.208899	3103
640	640	839.499974	3089
641	641	840.791049	3158
642	642	842.082125	3133
643	643	843.373200	3231
644	644	844.664275	3162
645	645	845.955350	3149
646	646	847.246426	3194
647	647	848.537501	3222
648	648	849.828576	3207
649	649	851.119651	3150
650	650	852.410727	3241
651	651	853.701802	3185
652	652	854.992877	3145
653	653	856.283952	3150
654	654	857.575027	3216
655	655	858.866103	3165
656	656	860.157178	3249
657	657	861.448253	3377
658	658	862.739328	3266
659	659	864.030404	3297
660	660	865.321479	3384
661	661	866.612554	3391
662	662	867.903629	3321
663	663	869.194704	3317
664	664	870.485780	3335
665	665	871.776855	3357
666	666	873.067930	3540
667	667	874.359005	3467
668	668	875.650081	3483
669	669	876.941156	3715
670	670	878.232231	3584
671	671	879.523306	3668
672	672	880.814382	3628
673	673	882.105457	3662
674	674	883.396532	3747
675	675	884.687607	3715
676	676	885.978682	3811
677	677	887.269758	3685
678	678	888.560833	3855
679	679	889.851908	3867
680	680	891.142983	3792
681	681	892.434059	3797
682	682	893.725134	3792
683	683	895.016209	3753
684	684	896.307284	3880
685	685	897.598360	3842
686	686	898.889435	3783
687	687	900.180510	3679
688	688	901.471585	3760
689	689	902.762660	3748
690	690	904.053736	3663
691	691	905.344811	3607
692	692	906.635886	3722
693	693	907.926961	3644
694	694	909.218037	3581
695	695	910.509112	3485
696	696	911.800187	3503
697	697	913.091262	3364
698	698	914.382338	3381
699	699	915.673413	3490
700	700	916.964488	3524
701	701	918.255563	3513
702	702	919.546638	3453
703	703	920.837714	3382
704	704	922.128789	3460
705	705	923.419864	3419
706	706	924.710939	3464
707	707	926.002015	3381
708	708	927.293090	3497
709	709	928.584165	3479
710	710	929.875240	3501
711	711	931.166316	3391
712	712	932.457391	3490
713	713	933.748466	3490
714	714	935.039541	3322
715	715	936.330616	3436
716	716	937.621692	3440
717	717	938.912767	3582
718	718	940.203842	3481
719	719	941.494917	3436
720	720	942.785993	3469
721	721	944.077068	3530
722	722	945.368143	3438
723	723	946.659218	3475
724	724	947.950294	3558
725	725	949.241369	3453
726	726	950.532444	3452
727	727	951.823519	3572
728	728	953.114594	3472
729	729	954.405670	3449
730	730	955.696745	3531
731	731	956.987820	3617
732	732	958.278895	3565
733	733	959.569971	3560
734	734	960.861046	3522
735	735	962.152121	3587
736	736	963.443196	3508
737	737	964.734272	3543
738	738	966.025347	3650
739	739	967.316422	3505
740	740	968.607497	3526
741	741	969.898572	3570
742	742	971.189648	3601
743	743	972.480723	3637
744	744	973.771798	3667
745	745	975.062873	3717
746	746	976.353949	3633
747	747	977.645024	3683
748	748	978.936099	3553
749	749	980.227174	3573
750	750	981.518250	3656
751	751	982.809325	3635
752	752	984.100400	3707
753	753	985.391475	3742
754	754	986.682550	3591
755	755	987.973626	3759
756	756	989.264701	3727
757	757	990.555776	3766
758	758	991.846851	3773
759	759	993.137927	3708
760	760	994.429002	3736
761	761	995.720077	3702
762	762	997.011152	3740
763	763	998.302227	3621
764	764	999.593303	3747
765	765	1000.88438	3768
766	766	1002.17545	3750
767	767	1003.46653	3824
768	768	1004.75760	3905
769	769	1006.04868	3727
770	770	1007.33975	3858
771	771	1008.63083	3906
772	772	1009.92191	3824
773	773	1011.21298	3851
774	774	1012.50406	3883
775	775	1013.79513	3809
776	776	1015.08621	3930
777	777	1016.37728	3862
778	778	1017.66836	3866
779	779	1018.95943	3854
780	780	1020.25051	3913
781	781	1021.54158	3887
782	782	1022.83266	3885
783	783	1024.12374	3963
784	784	1025.41481	3867
785	785	1026.70589	3806
786	786	1027.99696	3903
787	787	1029.28804	3970
788	788	1030.57911	3858
789	789	1031.87019	3944
790	790	1033.16126	3920
791	791	1034.45234	3875
792	792	1035.74341	4009
793	793	1037.03449	4119
794	794	1038.32556	4082
795	795	1039.61664	3998
796	796	1040.90771	3996
797	797	1042.19879	4095
798	798	1043.48986	4015
799	799	1044.78094	4079
800	800	1046.07201	4027
801	801	1047.36309	4042
802	802	1048.65416	4037
803	803	1049.94524	4027
804	804	1051.23631	4133
805	805	1052.52739	4155
806	806	1053.81847	4154
807	807	1055.10954	4212
808	808	1056.40062	4185
809	809	1057.69169	4228
810	810	1058.98277	4208
811	811	1060.27384	4173
812	812	1061.56492	4255
813	813	1062.85599	4137
814	814	1064.14707	4150
815	815	1065.43814	4164
816	816	1066.72922	4176
817	817	1068.02029	4196
818	818	1069.31137	4276
819	819	1070.60244	4265
820	820	1071.89352	4305
821	821	1073.18459	4351
822	822	1074.47567	4303
823	823	1075.76674	4360
824	824	1077.05782	4232
825	825	1078.34889	4196
826	826	1079.63997	4324
827	827	1080.93105	4352
828	828	1082.22212	4255
829	829	1083.51320	4406
830	830	1084.80427	4280
831	831	1086.09535	4466
832	832	1087.38642	4282
833	833	1088.67750	4313
834	834	1089.96857	4444
835	835	1091.25965	4360
836	836	1092.55072	4387
837	837	1093.84180	4435
838	838	1095.13287	4367
839	839	1096.42395	4401
840	840	1097.71502	4462
841	841	1099.00610	4451
842	842	1100.29717	4441
843	843	1101.58825	4518
844	844	1102.87932	4388
845	845	1104.17040	4645
846	846	1105.46147	4520
847	847	1106.75255	4586
848	848	1108.04363	4439
849	849	1109.33470	4508
850	850	1110.62578	4635
851	851	1111.91685	4525
852	852	1113.20793	4671
853	853	1114.49900	4609
854	854	1115.79008	4680
855	855	1117.08115	4503
856	856	1118.37223	4590
857	857	1119.66330	4623
858	858	1120.95438	4568
859	859	1122.24545	4516
860	860	1123.53653	4548
861	861	1124.82760	4571
862	862	1126.11868	4719
863	863	1127.40975	4632
864	864	1128.70083	4596
865	865	1129.99190	4550
866	866	1131.28298	4635
867	867	1132.57405	4647
868	868	1133.86513	4522
869	869	1135.15620	4529
870	870	1136.44728	4636
871	871	1137.73836	4599
872	872	1139.02943	4471
873	873	1140.32051	4581
874	874	1141.61158	4560
875	875	1142.90266	4560
876	876	1144.19373	4502
877	877	1145.48481	4499
878	878	1146.77588	4453
879	879	1148.06696	4450
880	880	1149.35803	4453
881	881	1150.64911	4365
882	882	1151.94018	4369
883	883	1153.23126	4308
884	884	1154.52233	4254
885	885	1155.81341	4117
886	886	1157.10448	4143
887	887	1158.39556	4048
888	888	1159.68663	4122
889	889	1160.97771	4093
890	890	1162.26878	3901
891	891	1163.55986	3830
892	892	1164.85094	3706
893	893	1166.14201	3660
894	894	1167.43309	3635
895	895	1168.72416	3439
896	896	1170.01524	3425
897	897	1171.30631	3295
898	898	1172.59739	3181
899	899	1173.88846	3008
900	900	1175.17954	3048
901	901	1176.47061	2930
902	902	1177.76169	2904
903	903	1179.05276	2818
904	904	1180.34384	2600
905	905	1181.63491	2638
906	906	1182.92599	2575
907	907	1184.21706	2555
908	908	1185.50814	2453
909	909	1186.79921	2425
910	910	1188.09029	2186
911	911	1189.38136	2169
912	912	1190.67244	2156
913	913	1191.96351	2105
914	914	1193.25459	2021
915	915	1194.54567	1978
916	916	1195.83674	1872
917	917	1197.12782	1939
918	918	1198.41889	1849
919	919	1199.70997	1841
920	920	1201.00104	1783
921	921	1202.29212	1745
922	922	1203.58319	1724
923	923	1204.87427	1673
924	924	1206.16534	1600
925	925	1207.45642	1561
926	926	1208.74749	1535
927	927	1210.03857	1474
928	928	1211.32964	1458
929	929	1212.62072	1398
930	930	1213.91179	1411
931	931	1215.20287	1448
932	932	1216.49394	1351
933	933	1217.78502	1343
934	934	1219.07609	1421
935	935	1220.36717	1309
936	936	1221.65825	1313
937	937	1222.94932	1208
938	938	1224.24040	1256
939	939	1225.53147	1208
940	940	1226.82255	1206
941	941	1228.11362	1146
942	942	1229.40470	1187
943	943	1230.69577	1044
944	944	1231.98685	1076
945	945	1233.27792	1049
946	946	1234.56900	1091
947	947	1235.86007	1075
948	948	1237.15115	1037
949	949	1238.44222	1015
950	950	1239.73330	985
951	951	1241.02437	942
952	952	1242.31545	968
953	953	1243.60652	945
954	954	1244.89760	919
955	955	1246.18867	943
956	956	1247.47975	871
957	957	1248.77083	926
958	958	1250.06190	844
959	959	1251.35298	870
960	960	1252.64405	930
961	961	1253.93513	838
962	962	1255.22620	835
963	963	1256.51728	824
964	964	1257.80835	820
965	965	1259.09943	768
966	966	1260.39050	773
967	967	1261.68158	703
968	968	1262.97265	710
969	969	1264.26373	779
970	970	1265.55480	725
971	971	1266.84588	798
972	972	1268.13695	730
973	973	1269.42803	694
974	974	1270.71910	708
975	975	1272.01018	708
976	976	1273.30125	697
977	977	1274.59233	709
978	978	1275.88340	682
979	979	1277.17448	736
980	980	1278.46556	662
981	981	1279.75663	731
982	982	1281.04771	674
983	983	1282.33878	649
984	984	1283.62986	641
985	985	1284.92093	677
986	986	1286.21201	647
987	987	1287.50308	678
988	988	1288.79416	688
989	989	1290.08523	659
990	990	1291.37631	672
991	991	1292.66738	624
992	992	1293.95846	675
993	993	1295.24953	653
994	994	1296.54061	669
995	995	1297.83168	693
996	996	1299.12276	667
997	997	1300.41383	691
998	998	1301.70491	696
999	999	1302.99598	661
1000	1000	1304.28706	678
1001	1001	1305.57814	662
1002	1002	1306.86921	679
1003	1003	1308.16029	771
1004	1004	1309.45136	729
1005	1005	1310.74244	761
1006	1006	1312.03351	839
1007	1007	1313.32459	826
1008	1008	1314.61566	938
1009	1009	1315.90674	863
1010	1010	1317.19781	1022
1011	1011	1318.48889	1050
1012	1012	1319.77996	1072
1013	1013	1321.07104	1150
1014	1014	1322.36211	1256
1015	1015	1323.65319	1282
1016	1016	1324.94426	1481
1017	1017	1326.23534	1598
1018	1018	1327.52641	1792
1019	1019	1328.81749	2016
1020	1020	1330.10856	2290
1021	1021	1331.39964	2472
1022	1022	1332.69072	2822
1023	1023	1333.98179	3215
1024	1024	1335.27287	3550
1025	1025	1336.56394	4186
1026	1026	1337.85502	4666
1027	1027	1339.14609	5110
1028	1028	1340.43717	5920
1029	1029	1341.72824	6604
1030	1030	1343.01932	7390
1031	1031	1344.31039	8281
1032	1032	1345.60147	9085
1033	1033	1346.89254	10203
1034	1034	1348.18362	11339
1035	1035	1349.47469	12687
1036	1036	1350.76577	13722
1037	1037	1352.05684	14972
1038	1038	1353.34792	16432
1039	1039	1354.63899	17893
1040	1040	1355.93007	19167
1041	1041	1357.22114	20280
1042	1042	1358.51222	21949
1043	1043	1359.80329	23249
1044	1044	1361.09437	24464
1045	1045	1362.38545	25385
1046	1046	1363.67652	26429
1047	1047	1364.96760	27328
1048	1048	1366.25867	28463
1049	1049	1367.54975	28987
1050	1050	1368.84082	29580
1051	1051	1370.13190	29584
1052	1052	1371.42297	30001
1053	1053	1372.71405	30029
1054	1054	1374.00512	29474
1055	1055	1375.29620	29123
1056	1056	1376.58727	28561
1057	1057	1377.87835	28101
1058	1058	1379.16942	27193
1059	1059	1380.46050	25824
1060	1060	1381.75157	24841
1061	1061	1383.04265	23687
1062	1062	1384.33372	22173
1063	1063	1385.62480	21011
1064	1064	1386.91587	19568
1065	1065	1388.20695	17935
1066	1066	1389.49803	16522
1067	1067	1390.78910	15241
1068	1068	1392.08018	14007
1069	1069	1393.37125	12630
1070	1070	1394.66233	11309
1071	1071	1395.95340	9900
1072	1072	1397.24448	8955
1073	1073	1398.53555	7906
1074	1074	1399.82663	6873
1075	1075	1401.11770	6176
1076	1076	1402.40878	5386
1077	1077	1403.69985	4655
1078	1078	1404.99093	3993
1079	1079	1406.28200	3320
1080	1080	1407.57308	2864
1081	1081	1408.86415	2499
1082	1082	1410.15523	2110
1083	1083	1411.44630	1833
1084	1084	1412.73738	1557
1085	1085	1414.02845	1231
1086	1086	1415.31953	1060
1087	1087	1416.61061	930
1088	1088	1417.90168	766
1089	1089	1419.19276	655
1090	1090	1420.48383	583
1091	1091	1421.77491	475
1092	1092	1423.06598	425
1093	1093	1424.35706	351
1094	1094	1425.64813	319
1095	1095	1426.93921	274
1096	1096	1428.23028	261
1097	1097	1429.52136	226
1098	1098	1430.81243	176
1099	1099	1432.10351	186
1100	1100	1433.39458	172
1101	1101	1434.68566	138
1102	1102	1435.97673	135
1103	1103	1437.26781	152
1104	1104	1438.55888	128
1105	1105	1439.84996	116
1106	1106	1441.14103	108
1107	1107	1442.43211	108
1108	1108	1443.72318	89
1109	1109	1445.01426	79
1110	1110	1446.30534	97
1111	1111	1447.59641	73
1112	1112	1448.88749	74
1113	1113	1450.17856	81
1114	1114	1451.46964	73
1115	1115	1452.76071	68
1116	1116	1454.05179	75
1117	1117	1455.34286	51
1118	1118	1456.63394	67
1119	1119	1457.92501	56
1120	1120	1459.21609	71
1121	1121	1460.50716	62
1122	1122	1461.79824	56
1123	1123	1463.08931	60
1124	1124	1464.38039	70
1125	1125	1465.67146	67
1126	1126	1466.96254	51
1127	1127	1468.25361	46
1128	1128	1469.54469	59
1129	1129	1470.83576	44
1130	1130	1472.12684	37
1131	1131	1473.41792	63
1132	1132	1474.70899	54
1133	1133	1476.00007	39
1134	1134	1477.29114	58
1135	1135	1478.58222	56
1136	1136	1479.87329	68
1137	1137	1481.16437	60
1138	1138	1482.45544	43
1139	1139	1483.74652	51
1140	1140	1485.03759	53
1141	1141	1486.32867	51
1142	1142	1487.61974	51
1143	1143	1488.91082	52
1144	1144	1490.20189	53
1145	1145	1491.49297	56
1146	1146	1492.78404	54
1147	1147	1494.07512	81
1148	1148	1495.36619	49
1149	1149	1496.65727	52
1150	1150	1497.94834	51
1151	1151	1499.23942	57
1152	1152	1500.53049	55
1153	1153	1501.82157	39
1154	1154	1503.11265	49
1155	1155	1504.40372	44
1156	1156	1505.69480	49
1157	1157	1506.98587	54
1158	1158	1508.27695	41
1159	1159	1509.56802	44
1160	1160	1510.85910	44
1161	1161	1512.15017	63
1162	1162	1513.44125	39
1163	1163	1514.73232	50
1164	1164	1516.02340	55
1165	1165	1517.31447	46
1166	1166	1518.60555	46
1167	1167	1519.89662	64
1168	1168	1521.18770	58
1169	1169	1522.47877	51
1170	1170	1523.76985	40
1171	1171	1525.06092	52
1172	1172	1526.35200	51
1173	1173	1527.64307	45
1174	1174	1528.93415	42
1175	1175	1530.22523	52
1176	1176	1531.51630	44
1177	1177	1532.80738	42
1178	1178	1534.09845	48
1179	1179	1535.38953	44
1180	1180	1536.68060	49
1181	1181	1537.97168	42
1182	1182	1539.26275	50
1183	1183	1540.55383	47
1184	1184	1541.84490	54
1185	1185	1543.13598	44
1186	1186	1544.42705	45
1187	1187	1545.71813	40
1188	1188	1547.00920	48
1189	1189	1548.30028	43
1190	1190	1549.59135	40
1191	1191	1550.88243	45
1192	1192	1552.17350	41
1193	1193	1553.46458	59
1194	1194	1554.75565	40
1195	1195	1556.04673	49
1196	1196	1557.33781	50
1197	1197	1558.62888	44
1198	1198	1559.91996	62
1199	1199	1561.21103	44
1200	1200	1562.50211	52
1201	1201	1563.79318	39
1202	1202	1565.08426	49
1203	1203	1566.37533	52
1204	1204	1567.66641	40
1205	1205	1568.95748	37
1206	1206	1570.24856	52
1207	1207	1571.53963	40
1208	1208	1572.83071	48
1209	1209	1574.12178	48
1210	1210	1575.41286	45
1211	1211	1576.70393	44
1212	1212	1577.99501	54
1213	1213	1579.28608	44
1214	1214	1580.57716	50
1215	1215	1581.86823	41
1216	1216	1583.15931	48
1217	1217	1584.45038	41
1218	1218	1585.74146	53
1219	1219	1587.03254	38
1220	1220	1588.32361	54
1221	1221	1589.61469	34
1222	1222	1590.90576	49
1223	1223	1592.19684	54
1224	1224	1593.48791	42
1225	1225	1594.77899	48
1226	1226	1596.07006	45
1227	1227	1597.36114	35
1228	1228	1598.65221	36
1229	1229	1599.94329	47
1230	1230	1601.23436	45
1231	1231	1602.52544	51
1232	1232	1603.81651	37
1233	1233	1605.10759	54
1234	1234	1606.39866	61
1235	1235	1607.68974	47
1236	1236	1608.98081	45
1237	1237	1610.27189	43
1238	1238	1611.56296	53
1239	1239	1612.85404	42
1240	1240	1614.14512	44
1241	1241	1615.43619	61
1242	1242	1616.72727	56
1243	1243	1618.01834	56
1244	1244	1619.30942	45
1245	1245	1620.60049	51
1246	1246	1621.89157	47
1247	1247	1623.18264	74
1248	1248	1624.47372	47
1249	1249	1625.76479	47
1250	1250	1627.05587	64
1251	1251	1628.34694	43
1252	1252	1629.63802	49
1253	1253	1630.92909	49
1254	1254	1632.22017	58
1255	1255	1633.51124	58
1256	1256	1634.80232	55
1257	1257	1636.09339	65
1258	1258	1637.38447	65
1259	1259	1638.67554	55
1260	1260	1639.96662	46
1261	1261	1641.25770	50
1262	1262	1642.54877	60
1263	1263	1643.83985	38
1264	1264	1645.13092	38
1265	1265	1646.42200	60
1266	1266	1647.71307	64
1267	1267	1649.00415	49
1268	1268	1650.29522	54
1269	1269	1651.58630	52
1270	1270	1652.87737	51
1271	1271	1654.16845	54
1272	1272	1655.45952	51
1273	1273	1656.75060	51
1274	1274	1658.04167	66
1275	1275	1659.33275	43
1276	1276	1660.62382	54
1277	1277	1661.91490	49
1278	1278	1663.20597	55
1279	1279	1664.49705	54
1280	1280	1665.78812	50
1281	1281	1667.07920	67
1282	1282	1668.37027	39
1283	1283	1669.66135	49
1284	1284	1670.95243	56
1285	1285	1672.24350	47
1286	1286	1673.53458	52
1287	1287	1674.82565	43
1288	1288	1676.11673	35
1289	1289	1677.40780	40
1290	1290	1678.69888	52
1291	1291	1679.98995	37
1292	1292	1681.28103	57
1293	1293	1682.57210	43
1294	1294	1683.86318	42
1295	1295	1685.15425	34
1296	1296	1686.44533	45
1297	1297	1687.73640	39
1298	1298	1689.02748	43
1299	1299	1690.31855	38
1300	1300	1691.60963	46
1301	1301	1692.90070	44
1302	1302	1694.19178	51
1303	1303	1695.48285	41
1304	1304	1696.77393	44
1305	1305	1698.06501	42
1306	1306	1699.35608	45
1307	1307	1700.64716	36
1308	1308	1701.93823	39
1309	1309	1703.22931	41
1310	1310	1704.52038	49
1311	1311	1705.81146	50
1312	1312	1707.10253	34
1313	1313	1708.39361	35
1314	1314	1709.68468	45
1315	1315	1710.97576	39
1316	1316	1712.26683	55
1317	1317	1713.55791	34
1318	1318	1714.84898	45
1319	1319	1716.14006	29
1320	1320	1717.43113	32
1321	1321	1718.72221	39
1322	1322	1720.01328	48
1323	1323	1721.30436	29
1324	1324	1722.59543	48
1325	1325	1723.88651	36
1326	1326	1725.17758	31
1327	1327	1726.46866	43
1328	1328	1727.75974	41
1329	1329	1729.05081	47
1330	1330	1730.34189	38
1331	1331	1731.63296	30
1332	1332	1732.92404	35
1333	1333	1734.21511	36
1334	1334	1735.50619	39
1335	1335	1736.79726	34
1336	1336	1738.08834	34
1337	1337	1739.37941	33
1338	1338	1740.67049	39
1339	1339	1741.96156	36
1340	1340	1743.25264	40
1341	1341	1744.54371	40
1342	1342	1745.83479	39
1343	1343	1747.12586	27
1344	1344	1748.41694	52
1345	1345	1749.70801	32
1346	1346	1750.99909	49
1347	1347	1752.29016	38
1348	1348	1753.58124	41
1349	1349	1754.87232	36
1350	1350	1756.16339	32
1351	1351	1757.45447	32
1352	1352	1758.74554	39
1353	1353	1760.03662	34
1354	1354	1761.32769	45
1355	1355	1762.61877	42
1356	1356	1763.90984	33
1357	1357	1765.20092	34
1358	1358	1766.49199	48
1359	1359	1767.78307	28
1360	1360	1769.07414	40
1361	1361	1770.36522	43
1362	1362	1771.65629	40
1363	1363	1772.94737	38
1364	1364	1774.23844	44
1365	1365	1775.52952	22
1366	1366	1776.82059	30
1367	1367	1778.11167	32
1368	1368	1779.40274	43
1369	1369	1780.69382	35
1370	1370	1781.98490	35
1371	1371	1783.27597	32
1372	1372	1784.56705	28
1373	1373	1785.85812	27
1374	1374	1787.14920	33
1375	1375	1788.44027	27
1376	1376	1789.73135	30
1377	1377	1791.02242	50
1378	1378	1792.31350	31
1379	1379	1793.60457	36
1380	1380	1794.89565	38
1381	1381	1796.18672	37
1382	1382	1797.47780	43
1383	1383	1798.76887	35
1384	1384	1800.05995	34
1385	1385	1801.35102	29
1386	1386	1802.64210	26
1387	1387	1803.93317	37
1388	1388	1805.22425	43
1389	1389	1806.51532	34
1390	1390	1807.80640	41
1391	1391	1809.09747	37
1392	1392	1810.38855	37
1393	1393	1811.67963	42
1394	1394	1812.97070	43
1395	1395	1814.26178	37
1396	1396	1815.55285	30
1397	1397	1816.84393	43
1398	1398	1818.13500	32
1399	1399	1819.42608	36
1400	1400	1820.71715	32
1401	1401	1822.00823	35
1402	1402	1823.29930	30
1403	1403	1824.59038	37
1404	1404	1825.88145	40
1405	1405	1827.17253	47
1406	1406	1828.46360	36
1407	1407	1829.75468	36
1408	1408	1831.04575	39
1409	1409	1832.33683	28
1410	1410	1833.62790	41
1411	1411	1834.91898	35
1412	1412	1836.21005	22
1413	1413	1837.50113	34
1414	1414	1838.79221	35
1415	1415	1840.08328	38
1416	1416	1841.37436	40
1417	1417	1842.66543	37
1418	1418	1843.95651	38
1419	1419	1845.24758	38
1420	1420	1846.53866	43
1421	1421	1847.82973	50
1422	1422	1849.12081	38
1423	1423	1850.41188	35
1424	1424	1851.70296	32
1425	1425	1852.99403	43
1426	1426	1854.28511	34
1427	1427	1855.57618	32
1428	1428	1856.86726	30
1429	1429	1858.15833	30
1430	1430	1859.44941	45
1431	1431	1860.74048	34
1432	1432	1862.03156	31
1433	1433	1863.32263	38
1434	1434	1864.61371	42
1435	1435	1865.90479	46
1436	1436	1867.19586	38
1437	1437	1868.48694	42
1438	1438	1869.77801	38
1439	1439	1871.06909	44
1440	1440	1872.36016	32
1441	1441	1873.65124	48
1442	1442	1874.94231	39
1443	1443	1876.23339	43
1444	1444	1877.52446	44
1445	1445	1878.81554	33
1446	1446	1880.10661	36
1447	1447	1881.39769	46
1448	1448	1882.68876	36
1449	1449	1883.97984	31
1450	1450	1885.27091	38
1451	1451	1886.56199	36
1452	1452	1887.85306	38
1453	1453	1889.14414	33
1454	1454	1890.43521	39
1455	1455	1891.72629	37
1456	1456	1893.01736	42
1457	1457	1894.30844	36
1458	1458	1895.59952	44
1459	1459	1896.89059	30
1460	1460	1898.18167	26
1461	1461	1899.47274	48
1462	1462	1900.76382	38
1463	1463	1902.05489	34
1464	1464	1903.34597	39
1465	1465	1904.63704	47
1466	1466	1905.92812	40
1467	1467	1907.21919	33
1468	1468	1908.51027	28
1469	1469	1909.80134	42
1470	1470	1911.09242	32
1471	1471	1912.38349	37
1472	1472	1913.67457	35
1473	1473	1914.96564	41
1474	1474	1916.25672	35
1475	1475	1917.54779	31
1476	1476	1918.83887	25
1477	1477	1920.12994	41
1478	1478	1921.42102	40
1479	1479	1922.71210	38
1480	1480	1924.00317	44
1481	1481	1925.29425	39
1482	1482	1926.58532	39
1483	1483	1927.87640	39
1484	1484	1929.16747	31
1485	1485	1930.45855	42
1486	1486	1931.74962	29
1487	1487	1933.04070	36
1488	1488	1934.33177	42
1489	1489	1935.62285	41
1490	1490	1936.91392	35
1491	1491	1938.20500	34
1492	1492	1939.49607	33
1493	1493	1940.78715	30
1494	1494	1942.07822	20
1495	1495	1943.36930	35
1496	1496	1944.66037	30
1497	1497	1945.95145	43
1498	1498	1947.24252	26
1499	1499	1948.53360	29
1500	1500	1949.82468	41
1501	1501	1951.11575	33
1502	1502	1952.40683	39
1503	1503	1953.69790	32
1504	1504	1954.98898	27
1505	1505	1956.28005	28
1506	1506	1957.57113	38
1507	1507	1958.86220	41
1508	1508	1960.15328	31
1509	1509	1961.44435	42
1510	1510	1962.73543	32
1511	1511	1964.02650	35
1512	1512	1965.31758	32
1513	1513	1966.60865	36
1514	1514	1967.89973	41
1515	1515	1969.19080	37
1516	1516	1970.48188	34
1517	1517	1971.77295	26
1518	1518	1973.06403	31
1519	1519	1974.35510	41
1520	1520	1975.64618	34
1521	1521	1976.93725	35
1522	1522	1978.22833	32
1523	1523	1979.51941	36
1524	1524	1980.81048	29
1525	1525	1982.10156	29
1526	1526	1983.39263	30
1527	1527	1984.68371	20
1528	1528	1985.97478	24
1529	1529	1987.26586	46
1530	1530	1988.55693	35
1531	1531	1989.84801	20
1532	1532	1991.13908	30
1533	1533	1992.43016	35
1534	1534	1993.72123	36
1535	1535	1995.01231	34
1536	1536	1996.30338	31
1537	1537	1997.59446	34
1538	1538	1998.88553	34
1539	1539	2000.17661	21
1540	1540	2001.46768	36
1541	1541	2002.75876	20
1542	1542	2004.04983	27
1543	1543	2005.34091	23
1544	1544	2006.63199	25
1545	1545	2007.92306	29
1546	1546	2009.21414	36
1547	1547	2010.50521	33
1548	1548	2011.79629	22
1549	1549	2013.08736	32
1550	1550	2014.37844	41
1551	1551	2015.66951	36
1552	1552	2016.96059	29
1553	1553	2018.25166	35
1554	1554	2019.54274	36
1555	1555	2020.83381	29
1556	1556	2022.12489	32
1557	1557	2023.41596	33
1558	1558	2024.70704	32
1559	1559	2025.99811	33
1560	1560	2027.28919	25
1561	1561	2028.58026	28
1562	1562	2029.87134	31
1563	1563	2031.16241	28
1564	1564	2032.45349	27
1565	1565	2033.74456	28
1566	1566	2035.03564	37
1567	1567	2036.32672	33
1568	1568	2037.61779	24
1569	1569	2038.90887	23
1570	1570	2040.19994	31
1571	1571	2041.49102	32
1572	1572	2042.78209	31
1573	1573	2044.07317	25
1574	1574	2045.36424	29
1575	1575	2046.65532	30
1576	1576	2047.94639	43
1577	1577	2049.23747	35
1578	1578	2050.52854	27
1579	1579	2051.81962	23
1580	1580	2053.11069	21
1581	1581	2054.40177	28
1582	1582	2055.69284	28
1583	1583	2056.98392	28
1584	1584	2058.27499	32
1585	1585	2059.56607	28
1586	1586	2060.85714	25
1587	1587	2062.14822	24
1588	1588	2063.43930	30
1589	1589	2064.73037	28
1590	1590	2066.02145	31
1591	1591	2067.31252	35
1592	1592	2068.60360	37
1593	1593	2069.89467	38
1594	1594	2071.18575	37
1595	1595	2072.47682	37
1596	1596	2073.76790	43
1597	1597	2075.05897	35
1598	1598	2076.35005	30
1599	1599	2077.64112	30
1600	1600	2078.93220	44
1601	1601	2080.22327	28
1602	1602	2081.51435	35
1603	1603	2082.80542	39
1604	1604	2084.09650	29
1605	1605	2085.38757	27
1606	1606	2086.67865	39
1607	1607	2087.96972	28
1608	1608	2089.26080	27
1609	1609	2090.55188	36
1610	1610	2091.84295	29
1611	1611	2093.13403	31
1612	1612	2094.42510	34
1613	1613	2095.71618	24
1614	1614	2097.00725	34
1615	1615	2098.29833	29
1616	1616	2099.58940	30
1617	1617	2100.88048	26
1618	1618	2102.17155	30
1619	1619	2103.46263	28
1620	1620	2104.75370	35
1621	1621	2106.04478	27
1622	1622	2107.33585	31
1623	1623	2108.62693	27
1624	1624	2109.91800	40
1625	1625	2111.20908	27
1626	1626	2112.50015	32
1627	1627	2113.79123	34
1628	1628	2115.08230	38
1629	1629	2116.37338	34
1630	1630	2117.66445	30
1631	1631	2118.95553	30
1632	1632	2120.24661	26
1633	1633	2121.53768	28
1634	1634	2122.82876	30
1635	1635	2124.11983	30
1636	1636	2125.41091	24
1637	1637	2126.70198	26
1638	1638	2127.99306	20
1639	1639	2129.28413	31
1640	1640	2130.57521	23
1641	1641	2131.86628	26
1642	1642	2133.15736	23
1643	1643	2134.44843	31
1644	1644	2135.73951	32
1645	1645	2137.03058	31
1646	1646	2138.32166	33
1647	1647	2139.61273	39
1648	1648	2140.90381	31
1649	1649	2142.19488	26
1650	1650	2143.48596	24
1651	1651	2144.77703	35
1652	1652	2146.06811	26
1653	1653	2147.35919	28
1654	1654	2148.65026	24
1655	1655	2149.94134	16
1656	1656	2151.23241	24
1657	1657	2152.52349	29
1658	1658	2153.81456	28
1659	1659	2155.10564	25
1660	1660	2156.39671	16
1661	1661	2157.68779	23
1662	1662	2158.97886	34
1663	1663	2160.26994	25
1664	1664	2161.56101	28
1665	1665	2162.85209	25
1666	1666	2164.14316	32
1667	1667	2165.43424	32
1668	1668	2166.72531	26
1669	1669	2168.01639	32
1670	1670	2169.30746	19
1671	1671	2170.59854	31
1672	1672	2171.88961	21
1673	1673	2173.18069	26
1674	1674	2174.47177	22
1675	1675	2175.76284	30
1676	1676	2177.05392	36
1677	1677	2178.34499	34
1678	1678	2179.63607	28
1679	1679	2180.92714	28
1680	1680	2182.21822	23
1681	1681	2183.50929	29
1682	1682	2184.80037	34
1683	1683	2186.09144	36
1684	1684	2187.38252	34
1685	1685	2188.67359	23
1686	1686	2189.96467	24
1687	1687	2191.25574	32
1688	1688	2192.54682	27
1689	1689	2193.83789	26
1690	1690	2195.12897	34
1691	1691	2196.42004	26
1692	1692	2197.71112	36
1693	1693	2199.00219	30
1694	1694	2200.29327	33
1695	1695	2201.58434	32
1696	1696	2202.87542	26
1697	1697	2204.16650	27
1698	1698	2205.45757	20
1699	1699	2206.74865	26
1700	1700	2208.03972	27
1701	1701	2209.33080	30
1702	1702	2210.62187	25
1703	1703	2211.91295	29
1704	1704	2213.20402	28
1705	1705	2214.49510	32
1706	1706	2215.78617	32
1707	1707	2217.07725	34
1708	1708	2218.36832	23
1709	1709	2219.65940	33
1710	1710	2220.95047	21
1711	1711	2222.24155	22
1712	1712	2223.53262	34
1713	1713	2224.82370	23
1714	1714	2226.11477	29
1715	1715	2227.40585	31
1716	1716	2228.69692	30
1717	1717	2229.98800	23
1718	1718	2231.27908	29
1719	1719	2232.57015	29
1720	1720	2233.86123	23
1721	1721	2235.15230	23
1722	1722	2236.44338	19
1723	1723	2237.73445	33
1724	1724	2239.02553	31
1725	1725	2240.31660	25
1726	1726	2241.60768	31
1727	1727	2242.89875	31
1728	1728	2244.18983	27
1729	1729	2245.48090	35
1730	1730	2246.77198	24
1731	1731	2248.06305	21
1732	1732	2249.35413	30
1733	1733	2250.64520	18
1734	1734	2251.93628	27
1735	1735	2253.22735	26
1736	1736	2254.51843	21
1737	1737	2255.80950	25
1738	1738	2257.10058	24
1739	1739	2258.39165	23
1740	1740	2259.68273	35
1741	1741	2260.97381	33
1742	1742	2262.26488	18
1743	1743	2263.55596	30
1744	1744	2264.84703	26
1745	1745	2266.13811	35
1746	1746	2267.42918	17
1747	1747	2268.72026	32
1748	1748	2270.01133	29
1749	1749	2271.30241	34
1750	1750	2272.59348	20
1751	1751	2273.88456	15
1752	1752	2275.17563	23
1753	1753	2276.46671	20
1754	1754	2277.75778	19
1755	1755	2279.04886	24
1756	1756	2280.33993	29
1757	1757	2281.63101	25
1758	1758	2282.92208	22
1759	1759	2284.21316	29
1760	1760	2285.50423	24
1761	1761	2286.79531	30
1762	1762	2288.08639	21
1763	1763	2289.37746	30
1764	1764	2290.66854	33
1765	1765	2291.95961	26
1766	1766	2293.25069	31
1767	1767	2294.54176	23
1768	1768	2295.83284	27
1769	1769	2297.12391	20
1770	1770	2298.41499	19
1771	1771	2299.70606	29
1772	1772	2300.99714	28
1773	1773	2302.28821	29
1774	1774	2303.57929	27
1775	1775	2304.87036	26
1776	1776	2306.16144	28
1777	1777	2307.45251	25
1778	1778	2308.74359	25
1779	1779	2310.03466	32
1780	1780	2311.32574	34
1781	1781	2312.61681	18
1782	1782	2313.90789	24
1783	1783	2315.19897	38
1784	1784	2316.49004	24
1785	1785	2317.78112	31
1786	1786	2319.07219	31
1787	1787	2320.36327	25
1788	1788	2321.65434	27
1789	1789	2322.94542	33
1790	1790	2324.23649	28
1791	1791	2325.52757	32
1792	1792	2326.81864	24
1793	1793	2328.10972	29
1794	1794	2329.40079	29
1795	1795	2330.69187	21
1796	1796	2331.98294	41
1797	1797	2333.27402	30
1798	1798	2334.56509	32
1799	1799	2335.85617	14
1800	1800	2337.14724	20
1801	1801	2338.43832	23
1802	1802	2339.72939	21
1803	1803	2341.02047	16
1804	1804	2342.31154	27
1805	1805	2343.60262	28
1806	1806	2344.89370	22
1807	1807	2346.18477	32
1808	1808	2347.47585	31
1809	1809	2348.76692	21
1810	1810	2350.05800	31
1811	1811	2351.34907	22
1812	1812	2352.64015	26
1813	1813	2353.93122	20
1814	1814	2355.22230	25
1815	1815	2356.51337	19
1816	1816	2357.80445	20
1817	1817	2359.09552	31
1818	1818	2360.38660	24
1819	1819	2361.67767	21
1820	1820	2362.96875	23
1821	1821	2364.25982	27
1822	1822	2365.55090	35
1823	1823	2366.84197	31
1824	1824	2368.13305	29
1825	1825	2369.42412	18
1826	1826	2370.71520	16
1827	1827	2372.00628	21
1828	1828	2373.29735	25
1829	1829	2374.58843	26
1830	1830	2375.87950	22
1831	1831	2377.17058	24
1832	1832	2378.46165	21
1833	1833	2379.75273	32
1834	1834	2381.04380	28
1835	1835	2382.33488	23
1836	1836	2383.62595	26
1837	1837	2384.91703	25
1838	1838	2386.20810	20
1839	1839	2387.49918	19
1840	1840	2388.79025	27
1841	1841	2390.08133	29
1842	1842	2391.37240	33
1843	1843	2392.66348	30
1844	1844	2393.95455	25
1845	1845	2395.24563	19
1846	1846	2396.53670	25
1847	1847	2397.82778	15
1848	1848	2399.11886	28
1849	1849	2400.40993	28
1850	1850	2401.70101	25
1851	1851	2402.99208	24
1852	1852	2404.28316	32
1853	1853	2405.57423	24
1854	1854	2406.86531	25
1855	1855	2408.15638	27
1856	1856	2409.44746	23
1857	1857	2410.73853	22
1858	1858	2412.02961	32
1859	1859	2413.32068	19
1860	1860	2414.61176	25
1861	1861	2415.90283	33
1862	1862	2417.19391	22
1863	1863	2418.48498	26
1864	1864	2419.77606	30
1865	1865	2421.06713	25
1866	1866	2422.35821	19
1867	1867	2423.64928	26
1868	1868	2424.94036	31
1869	1869	2426.23143	32
1870	1870	2427.52251	33
1871	1871	2428.81359	27
1872	1872	2430.10466	28
1873	1873	2431.39574	33
1874	1874	2432.68681	32
1875	1875	2433.97789	25
1876	1876	2435.26896	34
1877	1877	2436.56004	27
1878	1878	2437.85111	38
1879	1879	2439.14219	28
1880	1880	2440.43326	35
1881	1881	2441.72434	31
1882	1882	2443.01541	32
1883	1883	2444.30649	37
1884	1884	2445.59756	36
1885	1885	2446.88864	34
1886	1886	2448.17971	28
1887	1887	2449.47079	31
1888	1888	2450.76186	26
1889	1889	2452.05294	31
1890	1890	2453.34401	22
1891	1891	2454.63509	24
1892	1892	2455.92617	38
1893	1893	2457.21724	43
1894	1894	2458.50832	34
1895	1895	2459.79939	35
1896	1896	2461.09047	30
1897	1897	2462.38154	45
1898	1898	2463.67262	26
1899	1899	2464.96369	40
1900	1900	2466.25477	37
1901	1901	2467.54584	30
1902	1902	2468.83692	32
1903	1903	2470.12799	39
1904	1904	2471.41907	28
1905	1905	2472.71014	36
1906	1906	2474.00122	26
1907	1907	2475.29229	41
1908	1908	2476.58337	30
1909	1909	2477.87444	32
1910	1910	2479.16552	37
1911	1911	2480.45659	35
1912	1912	2481.74767	28
1913	1913	2483.03874	31
1914	1914	2484.32982	29
1915	1915	2485.62090	29
1916	1916	2486.91197	26
1917	1917	2488.20305	25
1918	1918	2489.49412	25
1919	1919	2490.78520	29
1920	1920	2492.07627	21
1921	1921	2493.36735	22
1922	1922	2494.65842	39
1923	1923	2495.94950	29
1924	1924	2497.24057	23
1925	1925	2498.53165	21
1926	1926	2499.82272	28
1927	1927	2501.11380	27
1928	1928	2502.40487	27
1929	1929	2503.69595	20
1930	1930	2504.98702	27
1931	1931	2506.27810	22
1932	1932	2507.56917	26
1933	1933	2508.86025	33
1934	1934	2510.15132	21
1935	1935	2511.44240	30
1936	1936	2512.73348	30
1937	1937	2514.02455	26
1938	1938	2515.31563	15
1939	1939	2516.60670	20
1940	1940	2517.89778	17
1941	1941	2519.18885	26
1942	1942	2520.47993	25
1943	1943	2521.77100	23
1944	1944	2523.06208	22
1945	1945	2524.35315	19
1946	1946	2525.64423	30
1947	1947	2526.93530	22
1948	1948	2528.22638	27
1949	1949	2529.51745	28
1950	1950	2530.80853	24
1951	1951	2532.09960	19
1952	1952	2533.39068	23
1953	1953	2534.68175	26
1954	1954	2535.97283	27
1955	1955	2537.26390	26
1956	1956	2538.55498	27
1957	1957	2539.84606	24
1958	1958	2541.13713	32
1959	1959	2542.42821	27
1960	1960	2543.71928	24
1961	1961	2545.01036	24
1962	1962	2546.30143	24
1963	1963	2547.59251	29
1964	1964	2548.88358	25
1965	1965	2550.17466	30
1966	1966	2551.46573	23
1967	1967	2552.75681	40
1968	1968	2554.04788	29
1969	1969	2555.33896	25
1970	1970	2556.63003	12
1971	1971	2557.92111	28
1972	1972	2559.21218	20
1973	1973	2560.50326	26
1974	1974	2561.79433	24
1975	1975	2563.08541	26
1976	1976	2564.37648	23
1977	1977	2565.66756	29
1978	1978	2566.95863	24
1979	1979	2568.24971	22
1980	1980	2569.54079	17
1981	1981	2570.83186	23
1982	1982	2572.12294	24
1983	1983	2573.41401	26
1984	1984	2574.70509	26
1985	1985	2575.99616	29
1986	1986	2577.28724	22
1987	1987	2578.57831	27
1988	1988	2579.86939	22
1989	1989	2581.16046	24
1990	1990	2582.45154	17
1991	1991	2583.74261	27
1992	1992	2585.03369	22
1993	1993	2586.32476	33
1994	1994	2587.61584	34
1995	1995	2588.90691	32
1996	1996	2590.19799	33
1997	1997	2591.48906	24
1998	1998	2592.78014	19
1999	1999	2594.07121	32
2000	2000	2595.36229	20
2001	2001	2596.65337	27
2002	2002	2597.94444	33
2003	2003	2599.23552	17
2004	2004	2600.52659	24
2005	2005	2601.81767	18
2006	2006	2603.10874	30
2007	2007	2604.39982	20
2008	2008	2605.69089	27
2009	2009	2606.98197	17
2010	2010	2608.27304	28
2011	2011	2609.56412	27
2012	2012	2610.85519	20
2013	2013	2612.14627	23
2014	2014	2613.43734	21
2015	2015	2614.72842	26
2016	2016	2616.01949	22
2017	2017	2617.31057	18
2018	2018	2618.60164	32
2019	2019	2619.89272	27
2020	2020	2621.18379	22
2021	2021	2622.47487	28
2022	2022	2623.76595	20
2023	2023	2625.05702	23
2024	2024	2626.34810	18
2025	2025	2627.63917	25
2026	2026	2628.93025	21
2027	2027	2630.22132	22
2028	2028	2631.51240	26
2029	2029	2632.80347	24
2030	2030	2634.09455	22
2031	2031	2635.38562	21
2032	2032	2636.67670	28
2033	2033	2637.96777	25
2034	2034	2639.25885	27
2035	2035	2640.54992	28
2036	2036	2641.84100	27
2037	2037	2643.13207	25
2038	2038	2644.42315	21
2039	2039	2645.71422	19
2040	2040	2647.00530	20
2041	2041	2648.29637	33
2042	2042	2649.58745	27
2043	2043	2650.87852	29
2044	2044	2652.16960	24
2045	2045	2653.46068	19
2046	2046	2654.75175	35
2047	2047	2656.04283	25
2048	2048	2657.33390	37
