	CHNL_k1535-2024	ENERGY_k1535-2024	COUNTS_k1535-2024
1	1	14.5029025	0
2	2	15.7939778	0
3	3	17.0850530	0
4	4	18.3761282	0
5	5	19.6672035	0
6	6	20.9582787	0
7	7	22.2493539	0
8	8	23.5404291	0
9	9	24.8315044	0
10	10	26.1225796	0
11	11	27.4136548	0
12	12	28.7047301	0
13	13	29.9958053	0
14	14	31.2868805	0
15	15	32.5779558	0
16	16	33.8690310	0
17	17	35.1601062	0
18	18	36.4511814	0
19	19	37.7422567	0
20	20	39.0333319	0
21	21	40.3244071	240
22	22	41.6154824	266
23	23	42.9065576	1328
24	24	44.1976328	39080
25	25	45.4887081	332335
26	26	46.7797833	911157
27	27	48.0708585	1300176
28	28	49.3619337	1471445
29	29	50.6530090	1546735
30	30	51.9440842	1383167
31	31	53.2351594	976288
32	32	54.5262347	663094
33	33	55.8173099	531013
34	34	57.1083851	473810
35	35	58.3994604	460058
36	36	59.6905356	453926
37	37	60.9816108	436249
38	38	62.2726860	414449
39	39	63.5637613	390632
40	40	64.8548365	362965
41	41	66.1459117	325359
42	42	67.4369870	297133
43	43	68.7280622	287342
44	44	70.0191374	282344
45	45	71.3102127	283176
46	46	72.6012879	290405
47	47	73.8923631	309022
48	48	75.1834383	337000
49	49	76.4745136	368961
50	50	77.7655888	386749
51	51	79.0566640	383553
52	52	80.3477393	361586
53	53	81.6388145	328300
54	54	82.9298897	290038
55	55	84.2209650	253926
56	56	85.5120402	224892
57	57	86.8031154	208194
58	58	88.0941906	200953
59	59	89.3852659	197885
60	60	90.6763411	193393
61	61	91.9674163	188887
62	62	93.2584916	178363
63	63	94.5495668	164814
64	64	95.8406420	149186
65	65	97.1317173	132988
66	66	98.4227925	118242
67	67	99.7138677	105336
68	68	101.004943	95326
69	69	102.296018	88457
70	70	103.587093	83819
71	71	104.878169	80752
72	72	106.169244	78363
73	73	107.460319	76436
74	74	108.751394	73416
75	75	110.042470	71256
76	76	111.333545	68189
77	77	112.624620	65328
78	78	113.915695	62798
79	79	115.206770	61019
80	80	116.497845	59100
81	81	117.788921	57732
82	82	119.079996	57192
83	83	120.371071	57412
84	84	121.662146	58178
85	85	122.953222	59906
86	86	124.244297	62284
87	87	125.535372	63071
88	88	126.826447	62563
89	89	128.117522	61750
90	90	129.408598	60914
91	91	130.699673	59333
92	92	131.990748	56707
93	93	133.281823	54601
94	94	134.572899	51875
95	95	135.863974	49738
96	96	137.155049	47345
97	97	138.446124	46220
98	98	139.737200	45583
99	99	141.028275	45003
100	100	142.319350	44636
101	101	143.610425	44708
102	102	144.901500	45219
103	103	146.192576	45243
104	104	147.483651	45064
105	105	148.774726	45198
106	106	150.065801	45104
107	107	151.356877	44224
108	108	152.647952	43890
109	109	153.939027	43020
110	110	155.230102	41797
111	111	156.521178	41269
112	112	157.812253	40838
113	113	159.103328	39954
114	114	160.394403	39496
115	115	161.685478	39362
116	116	162.976554	39029
117	117	164.267629	39481
118	118	165.558704	39518
119	119	166.849779	39352
120	120	168.140855	39632
121	121	169.431930	39655
122	122	170.723005	39840
123	123	172.014080	40075
124	124	173.305156	39840
125	125	174.596231	40001
126	126	175.887306	40274
127	127	177.178381	40659
128	128	178.469456	40574
129	129	179.760532	40726
130	130	181.051607	40802
131	131	182.342682	40823
132	132	183.633757	41400
133	133	184.924833	41898
134	134	186.215908	42142
135	135	187.506983	42508
136	136	188.798058	43445
137	137	190.089134	44473
138	138	191.380209	46023
139	139	192.671284	47978
140	140	193.962359	49607
141	141	195.253434	52001
142	142	196.544510	53214
143	143	197.835585	55467
144	144	199.126660	56667
145	145	200.417735	57772
146	146	201.708811	57710
147	147	202.999886	56952
148	148	204.290961	55760
149	149	205.582036	53862
150	150	206.873112	51576
151	151	208.164187	49502
152	152	209.455262	48011
153	153	210.746337	47691
154	154	212.037412	48181
155	155	213.328488	50562
156	156	214.619563	55453
157	157	215.910638	63549
158	158	217.201713	74344
159	159	218.492789	89551
160	160	219.783864	107552
161	161	221.074939	129131
162	162	222.366014	152636
163	163	223.657089	176029
164	164	224.948165	196454
165	165	226.239240	213325
166	166	227.530315	223610
167	167	228.821390	226670
168	168	230.112466	221058
169	169	231.403541	207683
170	170	232.694616	187448
171	171	233.985691	164618
172	172	235.276767	138968
173	173	236.567842	115048
174	174	237.858917	92808
175	175	239.149992	73939
176	176	240.441067	58585
177	177	241.732143	46299
178	178	243.023218	38471
179	179	244.314293	32906
180	180	245.605368	29777
181	181	246.896444	28091
182	182	248.187519	27594
183	183	249.478594	28024
184	184	250.769669	28804
185	185	252.060745	30193
186	186	253.351820	31470
187	187	254.642895	33490
188	188	255.933970	34640
189	189	257.225045	35491
190	190	258.516121	35582
191	191	259.807196	35931
192	192	261.098271	35708
193	193	262.389346	35364
194	194	263.680422	34382
195	195	264.971497	33379
196	196	266.262572	31805
197	197	267.553647	29961
198	198	268.844723	29116
199	199	270.135798	27669
200	200	271.426873	26732
201	201	272.717948	25847
202	202	274.009023	25487
203	203	275.300099	25516
204	204	276.591174	25509
205	205	277.882249	25686
206	206	279.173324	26476
207	207	280.464400	26990
208	208	281.755475	27078
209	209	283.046550	27299
210	210	284.337625	27531
211	211	285.628701	27422
212	212	286.919776	26919
213	213	288.210851	26006
214	214	289.501926	25300
215	215	290.793001	24150
216	216	292.084077	23309
217	217	293.375152	22540
218	218	294.666227	21856
219	219	295.957302	20997
220	220	297.248378	20998
221	221	298.539453	21157
222	222	299.830528	21737
223	223	301.121603	22197
224	224	302.412679	24061
225	225	303.703754	25674
226	226	304.994829	26986
227	227	306.285904	29171
228	228	307.576979	32279
229	229	308.868055	34796
230	230	310.159130	37735
231	231	311.450205	40259
232	232	312.741280	43735
233	233	314.032356	46138
234	234	315.323431	48680
235	235	316.614506	49886
236	236	317.905581	50947
237	237	319.196657	51262
238	238	320.487732	50988
239	239	321.778807	49155
240	240	323.069882	47161
241	241	324.360957	43899
242	242	325.652033	40760
243	243	326.943108	37282
244	244	328.234183	33601
245	245	329.525258	30347
246	246	330.816334	26873
247	247	332.107409	23860
248	248	333.398484	21327
249	249	334.689559	19437
250	250	335.980635	17952
251	251	337.271710	16369
252	252	338.562785	15838
253	253	339.853860	14794
254	254	341.144935	14587
255	255	342.436011	14325
256	256	343.727086	14035
257	257	345.018161	13911
258	258	346.309236	13994
259	259	347.600312	13608
260	260	348.891387	13630
261	261	350.182462	13662
262	262	351.473537	13575
263	263	352.764612	13620
264	264	354.055688	13472
265	265	355.346763	13535
266	266	356.637838	13405
267	267	357.928913	13363
268	268	359.219989	13378
269	269	360.511064	13521
270	270	361.802139	13201
271	271	363.093214	13287
272	272	364.384290	13036
273	273	365.675365	13423
274	274	366.966440	13033
275	275	368.257515	13261
276	276	369.548590	13219
277	277	370.839666	13612
278	278	372.130741	13684
279	279	373.421816	13620
280	280	374.712891	14254
281	281	376.003967	14386
282	282	377.295042	14651
283	283	378.586117	14547
284	284	379.877192	15026
285	285	381.168268	15021
286	286	382.459343	15218
287	287	383.750418	15466
288	288	385.041493	15448
289	289	386.332568	15393
290	290	387.623644	15186
291	291	388.914719	15064
292	292	390.205794	14581
293	293	391.496869	14272
294	294	392.787945	13604
295	295	394.079020	13146
296	296	395.370095	12585
297	297	396.661170	12420
298	298	397.952246	11964
299	299	399.243321	11879
300	300	400.534396	11370
301	301	401.825471	11078
302	302	403.116546	10750
303	303	404.407622	10940
304	304	405.698697	10511
305	305	406.989772	10437
306	306	408.280847	10628
307	307	409.571923	10405
308	308	410.862998	10489
309	309	412.154073	10748
310	310	413.445148	10671
311	311	414.736224	11026
312	312	416.027299	11004
313	313	417.318374	11159
314	314	418.609449	11577
315	315	419.900524	11742
316	316	421.191600	12420
317	317	422.482675	12919
318	318	423.773750	13265
319	319	425.064825	13972
320	320	426.355901	14435
321	321	427.646976	15221
322	322	428.938051	15533
323	323	430.229126	16323
324	324	431.520202	16635
325	325	432.811277	16799
326	326	434.102352	17121
327	327	435.393427	17206
328	328	436.684502	17344
329	329	437.975578	17211
330	330	439.266653	16723
331	331	440.557728	16392
332	332	441.848803	15649
333	333	443.139879	14997
334	334	444.430954	14342
335	335	445.722029	13809
336	336	447.013104	13122
337	337	448.304180	12529
338	338	449.595255	12026
339	339	450.886330	11660
340	340	452.177405	11152
341	341	453.468480	10849
342	342	454.759556	10631
343	343	456.050631	10625
344	344	457.341706	10440
345	345	458.632781	10737
346	346	459.923857	10740
347	347	461.214932	11200
348	348	462.506007	11425
349	349	463.797082	12100
350	350	465.088158	12862
351	351	466.379233	13450
352	352	467.670308	14319
353	353	468.961383	15013
354	354	470.252458	16055
355	355	471.543534	16885
356	356	472.834609	18106
357	357	474.125684	18662
358	358	475.416759	19761
359	359	476.707835	20236
360	360	477.998910	20586
361	361	479.289985	21215
362	362	480.581060	21069
363	363	481.872135	20891
364	364	483.163211	20571
365	365	484.454286	19943
366	366	485.745361	19196
367	367	487.036436	18443
368	368	488.327512	16865
369	369	489.618587	15718
370	370	490.909662	15129
371	371	492.200737	13952
372	372	493.491813	13034
373	373	494.782888	12426
374	374	496.073963	11543
375	375	497.365038	11060
376	376	498.656113	10751
377	377	499.947189	9945
378	378	501.238264	9821
379	379	502.529339	9608
380	380	503.820414	9172
381	381	505.111490	9454
382	382	506.402565	9200
383	383	507.693640	9392
384	384	508.984715	9263
385	385	510.275791	9442
386	386	511.566866	9420
387	387	512.857941	9436
388	388	514.149016	9707
389	389	515.440091	9564
390	390	516.731167	9911
391	391	518.022242	10036
392	392	519.313317	10619
393	393	520.604392	10751
394	394	521.895468	11280
395	395	523.186543	11725
396	396	524.477618	12479
397	397	525.768693	13234
398	398	527.059769	14436
399	399	528.350844	15443
400	400	529.641919	16899
401	401	530.932994	18780
402	402	532.224069	20572
403	403	533.515145	22600
404	404	534.806220	25115
405	405	536.097295	27205
406	406	537.388370	30259
407	407	538.679446	32526
408	408	539.970521	35089
409	409	541.261596	37517
410	410	542.552671	39538
411	411	543.843747	40981
412	412	545.134822	42846
413	413	546.425897	43542
414	414	547.716972	44068
415	415	549.008047	43415
416	416	550.299123	42411
417	417	551.590198	40941
418	418	552.881273	38579
419	419	554.172348	36525
420	420	555.463424	34168
421	421	556.754499	31351
422	422	558.045574	28257
423	423	559.336649	25585
424	424	560.627725	22900
425	425	561.918800	20302
426	426	563.209875	18122
427	427	564.500950	16128
428	428	565.792025	14137
429	429	567.083101	12813
430	430	568.374176	11608
431	431	569.665251	10636
432	432	570.956326	9856
433	433	572.247402	9136
434	434	573.538477	8785
435	435	574.829552	8394
436	436	576.120627	8026
437	437	577.411703	7820
438	438	578.702778	7832
439	439	579.993853	7489
440	440	581.284928	7420
441	441	582.576003	7370
442	442	583.867079	7362
443	443	585.158154	7173
444	444	586.449229	7079
445	445	587.740304	7273
446	446	589.031380	7113
447	447	590.322455	7082
448	448	591.613530	7251
449	449	592.904605	7066
450	450	594.195681	7235
451	451	595.486756	7003
452	452	596.777831	7091
453	453	598.068906	6997
454	454	599.359981	7171
455	455	600.651057	6939
456	456	601.942132	6782
457	457	603.233207	7034
458	458	604.524282	6868
459	459	605.815358	7010
460	460	607.106433	7082
461	461	608.397508	7109
462	462	609.688583	7228
463	463	610.979658	7100
464	464	612.270734	6960
465	465	613.561809	7042
466	466	614.852884	7051
467	467	616.143959	7084
468	468	617.435035	7008
469	469	618.726110	7090
470	470	620.017185	7057
471	471	621.308260	6890
472	472	622.599336	7168
473	473	623.890411	7000
474	474	625.181486	6918
475	475	626.472561	6836
476	476	627.763636	7020
477	477	629.054712	6880
478	478	630.345787	7013
479	479	631.636862	6862
480	480	632.927937	6849
481	481	634.219013	6813
482	482	635.510088	6766
483	483	636.801163	6860
484	484	638.092238	6835
485	485	639.383314	6750
486	486	640.674389	6892
487	487	641.965464	6831
488	488	643.256539	6740
489	489	644.547614	6743
490	490	645.838690	6741
491	491	647.129765	6737
492	492	648.420840	6929
493	493	649.711915	6866
494	494	651.002991	6737
495	495	652.294066	6949
496	496	653.585141	6997
497	497	654.876216	7022
498	498	656.167292	7062
499	499	657.458367	7359
500	500	658.749442	7431
501	501	660.040517	7655
502	502	661.331592	7852
503	503	662.622668	7928
504	504	663.913743	8271
505	505	665.204818	8460
506	506	666.495893	8903
507	507	667.786969	9127
508	508	669.078044	9579
509	509	670.369119	9897
510	510	671.660194	10261
511	511	672.951270	10652
512	512	674.242345	11224
513	513	675.533420	11612
514	514	676.824495	11952
515	515	678.115570	12059
516	516	679.406646	12158
517	517	680.697721	12172
518	518	681.988796	12278
519	519	683.279871	12268
520	520	684.570947	12292
521	521	685.862022	11733
522	522	687.153097	11634
523	523	688.444172	11286
524	524	689.735248	10680
525	525	691.026323	10471
526	526	692.317398	9996
527	527	693.608473	9477
528	528	694.899548	9093
529	529	696.190624	8528
530	530	697.481699	8234
531	531	698.772774	8069
532	532	700.063849	7684
533	533	701.354925	7439
534	534	702.646000	7278
535	535	703.937075	7065
536	536	705.228150	6832
537	537	706.519226	6808
538	538	707.810301	6891
539	539	709.101376	6883
540	540	710.392451	6703
541	541	711.683526	6746
542	542	712.974602	7053
543	543	714.265677	6913
544	544	715.556752	6900
545	545	716.847827	7008
546	546	718.138903	6858
547	547	719.429978	7127
548	548	720.721053	7245
549	549	722.012128	7177
550	550	723.303204	7246
551	551	724.594279	7435
552	552	725.885354	7440
553	553	727.176429	7560
554	554	728.467504	7604
555	555	729.758580	7695
556	556	731.049655	7661
557	557	732.340730	7791
558	558	733.631805	7939
559	559	734.922881	7922
560	560	736.213956	7888
561	561	737.505031	8155
562	562	738.796106	8045
563	563	740.087181	8023
564	564	741.378257	7943
565	565	742.669332	7791
566	566	743.960407	7725
567	567	745.251482	7724
568	568	746.542558	7624
569	569	747.833633	7398
570	570	749.124708	7166
571	571	750.415783	6970
572	572	751.706859	6591
573	573	752.997934	6373
574	574	754.289009	6113
575	575	755.580084	5844
576	576	756.871159	5637
577	577	758.162235	5500
578	578	759.453310	5233
579	579	760.744385	5049
580	580	762.035460	4794
581	581	763.326536	4659
582	582	764.617611	4477
583	583	765.908686	4605
584	584	767.199761	4593
585	585	768.490837	4460
586	586	769.781912	4566
587	587	771.072987	4587
588	588	772.364062	4636
589	589	773.655137	4624
590	590	774.946213	4760
591	591	776.237288	4881
592	592	777.528363	5109
593	593	778.819438	5042
594	594	780.110514	5158
595	595	781.401589	5280
596	596	782.692664	5508
597	597	783.983739	5562
598	598	785.274815	5608
599	599	786.565890	5655
600	600	787.856965	5802
601	601	789.148040	5888
602	602	790.439115	5932
603	603	791.730191	6010
604	604	793.021266	6268
605	605	794.312341	6324
606	606	795.603416	6266
607	607	796.894492	6400
608	608	798.185567	6268
609	609	799.476642	6391
610	610	800.767717	6491
611	611	802.058793	6601
612	612	803.349868	6526
613	613	804.640943	6623
614	614	805.932018	6680
615	615	807.223093	6360
616	616	808.514169	6486
617	617	809.805244	6236
618	618	811.096319	6161
619	619	812.387394	6003
620	620	813.678470	6063
621	621	814.969545	5785
622	622	816.260620	5599
623	623	817.551695	5488
624	624	818.842771	5309
625	625	820.133846	5226
626	626	821.424921	5134
627	627	822.715996	5267
628	628	824.007071	5300
629	629	825.298147	5346
630	630	826.589222	5691
631	631	827.880297	5834
632	632	829.171372	6206
633	633	830.462448	6673
634	634	831.753523	7058
635	635	833.044598	7694
636	636	834.335673	8604
637	637	835.626749	9276
638	638	836.917824	10220
639	639	838.208899	11291
640	640	839.499974	12304
641	641	840.791049	13354
642	642	842.082125	14423
643	643	843.373200	15690
644	644	844.664275	16571
645	645	845.955350	17537
646	646	847.246426	18246
647	647	848.537501	19170
648	648	849.828576	19895
649	649	851.119651	20518
650	650	852.410727	20822
651	651	853.701802	20851
652	652	854.992877	20970
653	653	856.283952	20777
654	654	857.575027	20024
655	655	858.866103	19746
656	656	860.157178	19043
657	657	861.448253	18080
658	658	862.739328	17081
659	659	864.030404	16051
660	660	865.321479	15048
661	661	866.612554	13758
662	662	867.903629	12865
663	663	869.194704	11709
664	664	870.485780	10609
665	665	871.776855	9789
666	666	873.067930	8869
667	667	874.359005	8093
668	668	875.650081	7527
669	669	876.941156	6943
670	670	878.232231	6556
671	671	879.523306	6340
672	672	880.814382	6255
673	673	882.105457	6196
674	674	883.396532	6213
675	675	884.687607	6252
676	676	885.978682	6584
677	677	887.269758	7107
678	678	888.560833	7544
679	679	889.851908	8262
680	680	891.142983	8854
681	681	892.434059	9329
682	682	893.725134	10103
683	683	895.016209	10960
684	684	896.307284	11528
685	685	897.598360	12405
686	686	898.889435	12976
687	687	900.180510	13636
688	688	901.471585	14044
689	689	902.762660	14421
690	690	904.053736	14844
691	691	905.344811	15151
692	692	906.635886	15365
693	693	907.926961	15185
694	694	909.218037	15233
695	695	910.509112	14969
696	696	911.800187	14691
697	697	913.091262	14373
698	698	914.382338	13528
699	699	915.673413	13014
700	700	916.964488	12406
701	701	918.255563	11551
702	702	919.546638	10937
703	703	920.837714	10147
704	704	922.128789	9166
705	705	923.419864	8448
706	706	924.710939	7717
707	707	926.002015	7082
708	708	927.293090	6307
709	709	928.584165	5744
710	710	929.875240	5163
711	711	931.166316	4703
712	712	932.457391	4251
713	713	933.748466	3837
714	714	935.039541	3494
715	715	936.330616	3189
716	716	937.621692	2911
717	717	938.912767	2766
718	718	940.203842	2574
719	719	941.494917	2474
720	720	942.785993	2276
721	721	944.077068	2145
722	722	945.368143	2108
723	723	946.659218	2083
724	724	947.950294	1975
725	725	949.241369	1944
726	726	950.532444	1864
727	727	951.823519	1869
728	728	953.114594	1851
729	729	954.405670	1819
730	730	955.696745	1863
731	731	956.987820	1784
732	732	958.278895	1832
733	733	959.569971	1886
734	734	960.861046	1761
735	735	962.152121	1833
736	736	963.443196	1787
737	737	964.734272	1848
738	738	966.025347	1828
739	739	967.316422	1800
740	740	968.607497	1835
741	741	969.898572	1852
742	742	971.189648	1868
743	743	972.480723	1891
744	744	973.771798	1865
745	745	975.062873	1879
746	746	976.353949	1919
747	747	977.645024	1874
748	748	978.936099	1902
749	749	980.227174	1921
750	750	981.518250	1927
751	751	982.809325	2034
752	752	984.100400	1983
753	753	985.391475	1972
754	754	986.682550	2006
755	755	987.973626	2036
756	756	989.264701	2018
757	757	990.555776	2083
758	758	991.846851	2102
759	759	993.137927	2123
760	760	994.429002	2162
761	761	995.720077	2109
762	762	997.011152	2256
763	763	998.302227	2178
764	764	999.593303	2207
765	765	1000.88438	2185
766	766	1002.17545	2237
767	767	1003.46653	2299
768	768	1004.75760	2351
769	769	1006.04868	2180
770	770	1007.33975	2259
771	771	1008.63083	2240
772	772	1009.92191	2290
773	773	1011.21298	2262
774	774	1012.50406	2321
775	775	1013.79513	2243
776	776	1015.08621	2374
777	777	1016.37728	2344
778	778	1017.66836	2334
779	779	1018.95943	2379
780	780	1020.25051	2333
781	781	1021.54158	2291
782	782	1022.83266	2314
783	783	1024.12374	2350
784	784	1025.41481	2456
785	785	1026.70589	2284
786	786	1027.99696	2257
787	787	1029.28804	2286
788	788	1030.57911	2285
789	789	1031.87019	2172
790	790	1033.16126	2262
791	791	1034.45234	2212
792	792	1035.74341	2130
793	793	1037.03449	2162
794	794	1038.32556	2130
795	795	1039.61664	2138
796	796	1040.90771	2008
797	797	1042.19879	2079
798	798	1043.48986	2025
799	799	1044.78094	2120
800	800	1046.07201	2032
801	801	1047.36309	2023
802	802	1048.65416	1945
803	803	1049.94524	1957
804	804	1051.23631	1816
805	805	1052.52739	1855
806	806	1053.81847	1772
807	807	1055.10954	1813
808	808	1056.40062	1772
809	809	1057.69169	1774
810	810	1058.98277	1587
811	811	1060.27384	1531
812	812	1061.56492	1602
813	813	1062.85599	1593
814	814	1064.14707	1584
815	815	1065.43814	1574
816	816	1066.72922	1519
817	817	1068.02029	1530
818	818	1069.31137	1514
819	819	1070.60244	1501
820	820	1071.89352	1475
821	821	1073.18459	1490
822	822	1074.47567	1523
823	823	1075.76674	1521
824	824	1077.05782	1573
825	825	1078.34889	1507
826	826	1079.63997	1446
827	827	1080.93105	1422
828	828	1082.22212	1477
829	829	1083.51320	1515
830	830	1084.80427	1472
831	831	1086.09535	1490
832	832	1087.38642	1401
833	833	1088.67750	1455
834	834	1089.96857	1496
835	835	1091.25965	1496
836	836	1092.55072	1443
837	837	1093.84180	1398
838	838	1095.13287	1468
839	839	1096.42395	1428
840	840	1097.71502	1500
841	841	1099.00610	1392
842	842	1100.29717	1449
843	843	1101.58825	1448
844	844	1102.87932	1367
845	845	1104.17040	1405
846	846	1105.46147	1296
847	847	1106.75255	1391
848	848	1108.04363	1357
849	849	1109.33470	1331
850	850	1110.62578	1417
851	851	1111.91685	1377
852	852	1113.20793	1372
853	853	1114.49900	1295
854	854	1115.79008	1273
855	855	1117.08115	1360
856	856	1118.37223	1312
857	857	1119.66330	1262
858	858	1120.95438	1352
859	859	1122.24545	1395
860	860	1123.53653	1301
861	861	1124.82760	1319
862	862	1126.11868	1271
863	863	1127.40975	1249
864	864	1128.70083	1358
865	865	1129.99190	1273
866	866	1131.28298	1319
867	867	1132.57405	1330
868	868	1133.86513	1328
869	869	1135.15620	1333
870	870	1136.44728	1326
871	871	1137.73836	1339
872	872	1139.02943	1335
873	873	1140.32051	1314
874	874	1141.61158	1259
875	875	1142.90266	1350
876	876	1144.19373	1325
877	877	1145.48481	1326
878	878	1146.77588	1380
879	879	1148.06696	1395
880	880	1149.35803	1425
881	881	1150.64911	1487
882	882	1151.94018	1470
883	883	1153.23126	1431
884	884	1154.52233	1481
885	885	1155.81341	1490
886	886	1157.10448	1517
887	887	1158.39556	1521
888	888	1159.68663	1541
889	889	1160.97771	1562
890	890	1162.26878	1638
891	891	1163.55986	1578
892	892	1164.85094	1565
893	893	1166.14201	1518
894	894	1167.43309	1651
895	895	1168.72416	1544
896	896	1170.01524	1529
897	897	1171.30631	1558
898	898	1172.59739	1563
899	899	1173.88846	1599
900	900	1175.17954	1527
901	901	1176.47061	1549
902	902	1177.76169	1505
903	903	1179.05276	1491
904	904	1180.34384	1478
905	905	1181.63491	1456
906	906	1182.92599	1463
907	907	1184.21706	1541
908	908	1185.50814	1466
909	909	1186.79921	1461
910	910	1188.09029	1418
911	911	1189.38136	1465
912	912	1190.67244	1371
913	913	1191.96351	1389
914	914	1193.25459	1346
915	915	1194.54567	1476
916	916	1195.83674	1269
917	917	1197.12782	1393
918	918	1198.41889	1300
919	919	1199.70997	1321
920	920	1201.00104	1285
921	921	1202.29212	1339
922	922	1203.58319	1258
923	923	1204.87427	1386
924	924	1206.16534	1385
925	925	1207.45642	1280
926	926	1208.74749	1237
927	927	1210.03857	1233
928	928	1211.32964	1323
929	929	1212.62072	1260
930	930	1213.91179	1262
931	931	1215.20287	1318
932	932	1216.49394	1310
933	933	1217.78502	1336
934	934	1219.07609	1236
935	935	1220.36717	1247
936	936	1221.65825	1298
937	937	1222.94932	1285
938	938	1224.24040	1279
939	939	1225.53147	1269
940	940	1226.82255	1222
941	941	1228.11362	1260
942	942	1229.40470	1290
943	943	1230.69577	1190
944	944	1231.98685	1232
945	945	1233.27792	1226
946	946	1234.56900	1322
947	947	1235.86007	1197
948	948	1237.15115	1210
949	949	1238.44222	1197
950	950	1239.73330	1192
951	951	1241.02437	1279
952	952	1242.31545	1244
953	953	1243.60652	1259
954	954	1244.89760	1187
955	955	1246.18867	1228
956	956	1247.47975	1235
957	957	1248.77083	1236
958	958	1250.06190	1187
959	959	1251.35298	1308
960	960	1252.64405	1214
961	961	1253.93513	1257
962	962	1255.22620	1164
963	963	1256.51728	1231
964	964	1257.80835	1266
965	965	1259.09943	1260
966	966	1260.39050	1291
967	967	1261.68158	1209
968	968	1262.97265	1256
969	969	1264.26373	1291
970	970	1265.55480	1238
971	971	1266.84588	1275
972	972	1268.13695	1301
973	973	1269.42803	1266
974	974	1270.71910	1286
975	975	1272.01018	1261
976	976	1273.30125	1265
977	977	1274.59233	1279
978	978	1275.88340	1294
979	979	1277.17448	1254
980	980	1278.46556	1289
981	981	1279.75663	1262
982	982	1281.04771	1295
983	983	1282.33878	1269
984	984	1283.62986	1287
985	985	1284.92093	1362
986	986	1286.21201	1238
987	987	1287.50308	1286
988	988	1288.79416	1254
989	989	1290.08523	1292
990	990	1291.37631	1230
991	991	1292.66738	1258
992	992	1293.95846	1249
993	993	1295.24953	1249
994	994	1296.54061	1206
995	995	1297.83168	1132
996	996	1299.12276	1186
997	997	1300.41383	1176
998	998	1301.70491	1191
999	999	1302.99598	1198
1000	1000	1304.28706	1212
1001	1001	1305.57814	1138
1002	1002	1306.86921	1193
1003	1003	1308.16029	1126
1004	1004	1309.45136	1120
1005	1005	1310.74244	1079
1006	1006	1312.03351	1089
1007	1007	1313.32459	1097
1008	1008	1314.61566	1099
1009	1009	1315.90674	1104
1010	1010	1317.19781	1070
1011	1011	1318.48889	1043
1012	1012	1319.77996	1082
1013	1013	1321.07104	1024
1014	1014	1322.36211	1056
1015	1015	1323.65319	1023
1016	1016	1324.94426	1039
1017	1017	1326.23534	1103
1018	1018	1327.52641	1064
1019	1019	1328.81749	1052
1020	1020	1330.10856	1069
1021	1021	1331.39964	1070
1022	1022	1332.69072	1081
1023	1023	1333.98179	1056
1024	1024	1335.27287	1039
1025	1025	1336.56394	1089
1026	1026	1337.85502	1110
1027	1027	1339.14609	1045
1028	1028	1340.43717	1047
1029	1029	1341.72824	1070
1030	1030	1343.01932	1024
1031	1031	1344.31039	1090
1032	1032	1345.60147	1139
1033	1033	1346.89254	1060
1034	1034	1348.18362	1109
1035	1035	1349.47469	1141
1036	1036	1350.76577	1180
1037	1037	1352.05684	1082
1038	1038	1353.34792	1171
1039	1039	1354.63899	1230
1040	1040	1355.93007	1270
1041	1041	1357.22114	1168
1042	1042	1358.51222	1230
1043	1043	1359.80329	1147
1044	1044	1361.09437	1305
1045	1045	1362.38545	1214
1046	1046	1363.67652	1224
1047	1047	1364.96760	1223
1048	1048	1366.25867	1256
1049	1049	1367.54975	1296
1050	1050	1368.84082	1259
1051	1051	1370.13190	1235
1052	1052	1371.42297	1324
1053	1053	1372.71405	1292
1054	1054	1374.00512	1280
1055	1055	1375.29620	1337
1056	1056	1376.58727	1272
1057	1057	1377.87835	1332
1058	1058	1379.16942	1356
1059	1059	1380.46050	1312
1060	1060	1381.75157	1247
1061	1061	1383.04265	1250
1062	1062	1384.33372	1250
1063	1063	1385.62480	1274
1064	1064	1386.91587	1315
1065	1065	1388.20695	1299
1066	1066	1389.49803	1354
1067	1067	1390.78910	1320
1068	1068	1392.08018	1290
1069	1069	1393.37125	1310
1070	1070	1394.66233	1382
1071	1071	1395.95340	1310
1072	1072	1397.24448	1285
1073	1073	1398.53555	1310
1074	1074	1399.82663	1348
1075	1075	1401.11770	1383
1076	1076	1402.40878	1410
1077	1077	1403.69985	1334
1078	1078	1404.99093	1435
1079	1079	1406.28200	1339
1080	1080	1407.57308	1461
1081	1081	1408.86415	1388
1082	1082	1410.15523	1372
1083	1083	1411.44630	1405
1084	1084	1412.73738	1369
1085	1085	1414.02845	1347
1086	1086	1415.31953	1353
1087	1087	1416.61061	1276
1088	1088	1417.90168	1348
1089	1089	1419.19276	1341
1090	1090	1420.48383	1269
1091	1091	1421.77491	1263
1092	1092	1423.06598	1205
1093	1093	1424.35706	1195
1094	1094	1425.64813	1231
1095	1095	1426.93921	1220
1096	1096	1428.23028	1146
1097	1097	1429.52136	1163
1098	1098	1430.81243	1096
1099	1099	1432.10351	1070
1100	1100	1433.39458	1146
1101	1101	1434.68566	1059
1102	1102	1435.97673	1074
1103	1103	1437.26781	1002
1104	1104	1438.55888	1040
1105	1105	1439.84996	1014
1106	1106	1441.14103	1075
1107	1107	1442.43211	996
1108	1108	1443.72318	995
1109	1109	1445.01426	988
1110	1110	1446.30534	997
1111	1111	1447.59641	1007
1112	1112	1448.88749	1004
1113	1113	1450.17856	1051
1114	1114	1451.46964	1059
1115	1115	1452.76071	1128
1116	1116	1454.05179	1104
1117	1117	1455.34286	1107
1118	1118	1456.63394	1119
1119	1119	1457.92501	1137
1120	1120	1459.21609	1147
1121	1121	1460.50716	1216
1122	1122	1461.79824	1182
1123	1123	1463.08931	1311
1124	1124	1464.38039	1302
1125	1125	1465.67146	1428
1126	1126	1466.96254	1524
1127	1127	1468.25361	1464
1128	1128	1469.54469	1638
1129	1129	1470.83576	1728
1130	1130	1472.12684	1744
1131	1131	1473.41792	1961
1132	1132	1474.70899	1855
1133	1133	1476.00007	1987
1134	1134	1477.29114	2012
1135	1135	1478.58222	2105
1136	1136	1479.87329	2284
1137	1137	1481.16437	2197
1138	1138	1482.45544	2348
1139	1139	1483.74652	2509
1140	1140	1485.03759	2514
1141	1141	1486.32867	2638
1142	1142	1487.61974	2599
1143	1143	1488.91082	2680
1144	1144	1490.20189	2829
1145	1145	1491.49297	2811
1146	1146	1492.78404	2860
1147	1147	1494.07512	2911
1148	1148	1495.36619	2903
1149	1149	1496.65727	2997
1150	1150	1497.94834	2990
1151	1151	1499.23942	2951
1152	1152	1500.53049	2956
1153	1153	1501.82157	2841
1154	1154	1503.11265	2923
1155	1155	1504.40372	2882
1156	1156	1505.69480	2931
1157	1157	1506.98587	2865
1158	1158	1508.27695	2786
1159	1159	1509.56802	2853
1160	1160	1510.85910	2766
1161	1161	1512.15017	2879
1162	1162	1513.44125	2608
1163	1163	1514.73232	2764
1164	1164	1516.02340	2681
1165	1165	1517.31447	2701
1166	1166	1518.60555	2617
1167	1167	1519.89662	2597
1168	1168	1521.18770	2497
1169	1169	1522.47877	2457
1170	1170	1523.76985	2505
1171	1171	1525.06092	2470
1172	1172	1526.35200	2409
1173	1173	1527.64307	2413
1174	1174	1528.93415	2362
1175	1175	1530.22523	2313
1176	1176	1531.51630	2256
1177	1177	1532.80738	2264
1178	1178	1534.09845	2136
1179	1179	1535.38953	2116
1180	1180	1536.68060	2117
1181	1181	1537.97168	1981
1182	1182	1539.26275	1875
1183	1183	1540.55383	1855
1184	1184	1541.84490	1864
1185	1185	1543.13598	1830
1186	1186	1544.42705	1712
1187	1187	1545.71813	1692
1188	1188	1547.00920	1699
1189	1189	1548.30028	1646
1190	1190	1549.59135	1573
1191	1191	1550.88243	1494
1192	1192	1552.17350	1471
1193	1193	1553.46458	1387
1194	1194	1554.75565	1371
1195	1195	1556.04673	1300
1196	1196	1557.33781	1276
1197	1197	1558.62888	1249
1198	1198	1559.91996	1210
1199	1199	1561.21103	1135
1200	1200	1562.50211	1171
1201	1201	1563.79318	1198
1202	1202	1565.08426	1090
1203	1203	1566.37533	1126
1204	1204	1567.66641	1063
1205	1205	1568.95748	1025
1206	1206	1570.24856	1032
1207	1207	1571.53963	1073
1208	1208	1572.83071	1061
1209	1209	1574.12178	1029
1210	1210	1575.41286	1050
1211	1211	1576.70393	1032
1212	1212	1577.99501	1044
1213	1213	1579.28608	1024
1214	1214	1580.57716	949
1215	1215	1581.86823	932
1216	1216	1583.15931	1026
1217	1217	1584.45038	979
1218	1218	1585.74146	925
1219	1219	1587.03254	984
1220	1220	1588.32361	936
1221	1221	1589.61469	979
1222	1222	1590.90576	956
1223	1223	1592.19684	954
1224	1224	1593.48791	953
1225	1225	1594.77899	931
1226	1226	1596.07006	886
1227	1227	1597.36114	938
1228	1228	1598.65221	924
1229	1229	1599.94329	843
1230	1230	1601.23436	908
1231	1231	1602.52544	849
1232	1232	1603.81651	901
1233	1233	1605.10759	906
1234	1234	1606.39866	896
1235	1235	1607.68974	893
1236	1236	1608.98081	839
1237	1237	1610.27189	879
1238	1238	1611.56296	950
1239	1239	1612.85404	890
1240	1240	1614.14512	816
1241	1241	1615.43619	886
1242	1242	1616.72727	893
1243	1243	1618.01834	915
1244	1244	1619.30942	891
1245	1245	1620.60049	890
1246	1246	1621.89157	895
1247	1247	1623.18264	851
1248	1248	1624.47372	861
1249	1249	1625.76479	939
1250	1250	1627.05587	853
1251	1251	1628.34694	849
1252	1252	1629.63802	872
1253	1253	1630.92909	870
1254	1254	1632.22017	911
1255	1255	1633.51124	864
1256	1256	1634.80232	862
1257	1257	1636.09339	843
1258	1258	1637.38447	829
1259	1259	1638.67554	878
1260	1260	1639.96662	890
1261	1261	1641.25770	880
1262	1262	1642.54877	889
1263	1263	1643.83985	906
1264	1264	1645.13092	866
1265	1265	1646.42200	878
1266	1266	1647.71307	896
1267	1267	1649.00415	933
1268	1268	1650.29522	886
1269	1269	1651.58630	899
1270	1270	1652.87737	829
1271	1271	1654.16845	891
1272	1272	1655.45952	897
1273	1273	1656.75060	855
1274	1274	1658.04167	861
1275	1275	1659.33275	900
1276	1276	1660.62382	829
1277	1277	1661.91490	890
1278	1278	1663.20597	874
1279	1279	1664.49705	879
1280	1280	1665.78812	847
1281	1281	1667.07920	869
1282	1282	1668.37027	862
1283	1283	1669.66135	881
1284	1284	1670.95243	900
1285	1285	1672.24350	890
1286	1286	1673.53458	923
1287	1287	1674.82565	881
1288	1288	1676.11673	882
1289	1289	1677.40780	845
1290	1290	1678.69888	919
1291	1291	1679.98995	913
1292	1292	1681.28103	874
1293	1293	1682.57210	879
1294	1294	1683.86318	931
1295	1295	1685.15425	915
1296	1296	1686.44533	894
1297	1297	1687.73640	881
1298	1298	1689.02748	938
1299	1299	1690.31855	838
1300	1300	1691.60963	900
1301	1301	1692.90070	913
1302	1302	1694.19178	892
1303	1303	1695.48285	930
1304	1304	1696.77393	890
1305	1305	1698.06501	913
1306	1306	1699.35608	897
1307	1307	1700.64716	964
1308	1308	1701.93823	859
1309	1309	1703.22931	860
1310	1310	1704.52038	928
1311	1311	1705.81146	911
1312	1312	1707.10253	926
1313	1313	1708.39361	888
1314	1314	1709.68468	886
1315	1315	1710.97576	922
1316	1316	1712.26683	897
1317	1317	1713.55791	837
1318	1318	1714.84898	884
1319	1319	1716.14006	896
1320	1320	1717.43113	917
1321	1321	1718.72221	894
1322	1322	1720.01328	906
1323	1323	1721.30436	876
1324	1324	1722.59543	851
1325	1325	1723.88651	855
1326	1326	1725.17758	889
1327	1327	1726.46866	989
1328	1328	1727.75974	873
1329	1329	1729.05081	884
1330	1330	1730.34189	848
1331	1331	1731.63296	900
1332	1332	1732.92404	862
1333	1333	1734.21511	931
1334	1334	1735.50619	888
1335	1335	1736.79726	886
1336	1336	1738.08834	894
1337	1337	1739.37941	873
1338	1338	1740.67049	873
1339	1339	1741.96156	874
1340	1340	1743.25264	851
1341	1341	1744.54371	891
1342	1342	1745.83479	885
1343	1343	1747.12586	859
1344	1344	1748.41694	874
1345	1345	1749.70801	848
1346	1346	1750.99909	931
1347	1347	1752.29016	915
1348	1348	1753.58124	879
1349	1349	1754.87232	831
1350	1350	1756.16339	894
1351	1351	1757.45447	909
1352	1352	1758.74554	902
1353	1353	1760.03662	859
1354	1354	1761.32769	900
1355	1355	1762.61877	899
1356	1356	1763.90984	835
1357	1357	1765.20092	935
1358	1358	1766.49199	901
1359	1359	1767.78307	947
1360	1360	1769.07414	897
1361	1361	1770.36522	888
1362	1362	1771.65629	907
1363	1363	1772.94737	887
1364	1364	1774.23844	872
1365	1365	1775.52952	910
1366	1366	1776.82059	932
1367	1367	1778.11167	880
1368	1368	1779.40274	883
1369	1369	1780.69382	817
1370	1370	1781.98490	922
1371	1371	1783.27597	972
1372	1372	1784.56705	908
1373	1373	1785.85812	885
1374	1374	1787.14920	909
1375	1375	1788.44027	906
1376	1376	1789.73135	922
1377	1377	1791.02242	900
1378	1378	1792.31350	877
1379	1379	1793.60457	929
1380	1380	1794.89565	925
1381	1381	1796.18672	834
1382	1382	1797.47780	840
1383	1383	1798.76887	894
1384	1384	1800.05995	877
1385	1385	1801.35102	847
1386	1386	1802.64210	861
1387	1387	1803.93317	883
1388	1388	1805.22425	923
1389	1389	1806.51532	866
1390	1390	1807.80640	863
1391	1391	1809.09747	882
1392	1392	1810.38855	868
1393	1393	1811.67963	866
1394	1394	1812.97070	879
1395	1395	1814.26178	895
1396	1396	1815.55285	905
1397	1397	1816.84393	864
1398	1398	1818.13500	914
1399	1399	1819.42608	882
1400	1400	1820.71715	829
1401	1401	1822.00823	888
1402	1402	1823.29930	861
1403	1403	1824.59038	861
1404	1404	1825.88145	895
1405	1405	1827.17253	820
1406	1406	1828.46360	911
1407	1407	1829.75468	838
1408	1408	1831.04575	861
1409	1409	1832.33683	833
1410	1410	1833.62790	851
1411	1411	1834.91898	830
1412	1412	1836.21005	797
1413	1413	1837.50113	844
1414	1414	1838.79221	881
1415	1415	1840.08328	852
1416	1416	1841.37436	867
1417	1417	1842.66543	839
1418	1418	1843.95651	793
1419	1419	1845.24758	831
1420	1420	1846.53866	862
1421	1421	1847.82973	829
1422	1422	1849.12081	868
1423	1423	1850.41188	833
1424	1424	1851.70296	859
1425	1425	1852.99403	887
1426	1426	1854.28511	838
1427	1427	1855.57618	795
1428	1428	1856.86726	835
1429	1429	1858.15833	827
1430	1430	1859.44941	833
1431	1431	1860.74048	803
1432	1432	1862.03156	860
1433	1433	1863.32263	877
1434	1434	1864.61371	807
1435	1435	1865.90479	860
1436	1436	1867.19586	826
1437	1437	1868.48694	769
1438	1438	1869.77801	887
1439	1439	1871.06909	811
1440	1440	1872.36016	833
1441	1441	1873.65124	877
1442	1442	1874.94231	870
1443	1443	1876.23339	807
1444	1444	1877.52446	897
1445	1445	1878.81554	798
1446	1446	1880.10661	788
1447	1447	1881.39769	875
1448	1448	1882.68876	870
1449	1449	1883.97984	912
1450	1450	1885.27091	799
1451	1451	1886.56199	840
1452	1452	1887.85306	852
1453	1453	1889.14414	856
1454	1454	1890.43521	850
1455	1455	1891.72629	865
1456	1456	1893.01736	815
1457	1457	1894.30844	855
1458	1458	1895.59952	782
1459	1459	1896.89059	820
1460	1460	1898.18167	786
1461	1461	1899.47274	820
1462	1462	1900.76382	824
1463	1463	1902.05489	842
1464	1464	1903.34597	877
1465	1465	1904.63704	846
1466	1466	1905.92812	849
1467	1467	1907.21919	904
1468	1468	1908.51027	872
1469	1469	1909.80134	846
1470	1470	1911.09242	831
1471	1471	1912.38349	899
1472	1472	1913.67457	852
1473	1473	1914.96564	883
1474	1474	1916.25672	855
1475	1475	1917.54779	880
1476	1476	1918.83887	852
1477	1477	1920.12994	869
1478	1478	1921.42102	866
1479	1479	1922.71210	895
1480	1480	1924.00317	870
1481	1481	1925.29425	875
1482	1482	1926.58532	910
1483	1483	1927.87640	910
1484	1484	1929.16747	926
1485	1485	1930.45855	934
1486	1486	1931.74962	978
1487	1487	1933.04070	920
1488	1488	1934.33177	978
1489	1489	1935.62285	997
1490	1490	1936.91392	1040
1491	1491	1938.20500	977
1492	1492	1939.49607	1068
1493	1493	1940.78715	998
1494	1494	1942.07822	1031
1495	1495	1943.36930	1117
1496	1496	1944.66037	1086
1497	1497	1945.95145	1109
1498	1498	1947.24252	1156
1499	1499	1948.53360	1133
1500	1500	1949.82468	1214
1501	1501	1951.11575	1229
1502	1502	1952.40683	1222
1503	1503	1953.69790	1298
1504	1504	1954.98898	1406
1505	1505	1956.28005	1349
1506	1506	1957.57113	1448
1507	1507	1958.86220	1601
1508	1508	1960.15328	1582
1509	1509	1961.44435	1579
1510	1510	1962.73543	1659
1511	1511	1964.02650	1632
1512	1512	1965.31758	1745
1513	1513	1966.60865	1788
1514	1514	1967.89973	1800
1515	1515	1969.19080	1827
1516	1516	1970.48188	1897
1517	1517	1971.77295	1837
1518	1518	1973.06403	2050
1519	1519	1974.35510	2010
1520	1520	1975.64618	2027
1521	1521	1976.93725	2055
1522	1522	1978.22833	2039
1523	1523	1979.51941	2065
1524	1524	1980.81048	2084
1525	1525	1982.10156	2089
1526	1526	1983.39263	2098
1527	1527	1984.68371	2081
1528	1528	1985.97478	2079
1529	1529	1987.26586	2145
1530	1530	1988.55693	2015
1531	1531	1989.84801	1984
1532	1532	1991.13908	1969
1533	1533	1992.43016	1962
1534	1534	1993.72123	1889
1535	1535	1995.01231	1875
1536	1536	1996.30338	1836
1537	1537	1997.59446	1882
1538	1538	1998.88553	1804
1539	1539	2000.17661	1775
1540	1540	2001.46768	1708
1541	1541	2002.75876	1633
1542	1542	2004.04983	1616
1543	1543	2005.34091	1629
1544	1544	2006.63199	1575
1545	1545	2007.92306	1494
1546	1546	2009.21414	1410
1547	1547	2010.50521	1379
1548	1548	2011.79629	1407
1549	1549	2013.08736	1317
1550	1550	2014.37844	1297
1551	1551	2015.66951	1322
1552	1552	2016.96059	1263
1553	1553	2018.25166	1251
1554	1554	2019.54274	1199
1555	1555	2020.83381	1207
1556	1556	2022.12489	1191
1557	1557	2023.41596	1143
1558	1558	2024.70704	1174
1559	1559	2025.99811	1097
1560	1560	2027.28919	1155
1561	1561	2028.58026	1092
1562	1562	2029.87134	1168
1563	1563	2031.16241	1135
1564	1564	2032.45349	1069
1565	1565	2033.74456	1067
1566	1566	2035.03564	1128
1567	1567	2036.32672	1135
1568	1568	2037.61779	1157
1569	1569	2038.90887	1096
1570	1570	2040.19994	1047
1571	1571	2041.49102	1098
1572	1572	2042.78209	1074
1573	1573	2044.07317	1108
1574	1574	2045.36424	1103
1575	1575	2046.65532	1133
1576	1576	2047.94639	1068
1577	1577	2049.23747	1125
1578	1578	2050.52854	1141
1579	1579	2051.81962	1111
1580	1580	2053.11069	1112
1581	1581	2054.40177	1144
1582	1582	2055.69284	1085
1583	1583	2056.98392	1071
1584	1584	2058.27499	1088
1585	1585	2059.56607	1096
1586	1586	2060.85714	1164
1587	1587	2062.14822	1176
1588	1588	2063.43930	1148
1589	1589	2064.73037	1153
1590	1590	2066.02145	1101
1591	1591	2067.31252	1129
1592	1592	2068.60360	1115
1593	1593	2069.89467	1104
1594	1594	2071.18575	1114
1595	1595	2072.47682	1128
1596	1596	2073.76790	1154
1597	1597	2075.05897	1152
1598	1598	2076.35005	1148
1599	1599	2077.64112	1138
1600	1600	2078.93220	1126
1601	1601	2080.22327	1102
1602	1602	2081.51435	1098
1603	1603	2082.80542	1158
1604	1604	2084.09650	1122
1605	1605	2085.38757	1147
1606	1606	2086.67865	1207
1607	1607	2087.96972	1147
1608	1608	2089.26080	1092
1609	1609	2090.55188	1135
1610	1610	2091.84295	1082
1611	1611	2093.13403	1076
1612	1612	2094.42510	1174
1613	1613	2095.71618	1143
1614	1614	2097.00725	1115
1615	1615	2098.29833	1053
1616	1616	2099.58940	1128
1617	1617	2100.88048	1132
1618	1618	2102.17155	1102
1619	1619	2103.46263	1188
1620	1620	2104.75370	1147
1621	1621	2106.04478	1165
1622	1622	2107.33585	1129
1623	1623	2108.62693	1179
1624	1624	2109.91800	1219
1625	1625	2111.20908	1175
1626	1626	2112.50015	1177
1627	1627	2113.79123	1113
1628	1628	2115.08230	1183
1629	1629	2116.37338	1232
1630	1630	2117.66445	1164
1631	1631	2118.95553	1144
1632	1632	2120.24661	1193
1633	1633	2121.53768	1191
1634	1634	2122.82876	1165
1635	1635	2124.11983	1180
1636	1636	2125.41091	1223
1637	1637	2126.70198	1147
1638	1638	2127.99306	1191
1639	1639	2129.28413	1154
1640	1640	2130.57521	1212
1641	1641	2131.86628	1145
1642	1642	2133.15736	1190
1643	1643	2134.44843	1115
1644	1644	2135.73951	1196
1645	1645	2137.03058	1218
1646	1646	2138.32166	1240
1647	1647	2139.61273	1194
1648	1648	2140.90381	1260
1649	1649	2142.19488	1181
1650	1650	2143.48596	1196
1651	1651	2144.77703	1188
1652	1652	2146.06811	1181
1653	1653	2147.35919	1218
1654	1654	2148.65026	1234
1655	1655	2149.94134	1216
1656	1656	2151.23241	1224
1657	1657	2152.52349	1242
1658	1658	2153.81456	1235
1659	1659	2155.10564	1258
1660	1660	2156.39671	1226
1661	1661	2157.68779	1218
1662	1662	2158.97886	1264
1663	1663	2160.26994	1222
1664	1664	2161.56101	1223
1665	1665	2162.85209	1235
1666	1666	2164.14316	1287
1667	1667	2165.43424	1296
1668	1668	2166.72531	1229
1669	1669	2168.01639	1196
1670	1670	2169.30746	1240
1671	1671	2170.59854	1251
1672	1672	2171.88961	1262
1673	1673	2173.18069	1213
1674	1674	2174.47177	1259
1675	1675	2175.76284	1282
1676	1676	2177.05392	1248
1677	1677	2178.34499	1244
1678	1678	2179.63607	1245
1679	1679	2180.92714	1294
1680	1680	2182.21822	1246
1681	1681	2183.50929	1246
1682	1682	2184.80037	1207
1683	1683	2186.09144	1273
1684	1684	2187.38252	1244
1685	1685	2188.67359	1254
1686	1686	2189.96467	1299
1687	1687	2191.25574	1232
1688	1688	2192.54682	1260
1689	1689	2193.83789	1323
1690	1690	2195.12897	1315
1691	1691	2196.42004	1266
1692	1692	2197.71112	1282
1693	1693	2199.00219	1266
1694	1694	2200.29327	1301
1695	1695	2201.58434	1257
1696	1696	2202.87542	1246
1697	1697	2204.16650	1222
1698	1698	2205.45757	1281
1699	1699	2206.74865	1257
1700	1700	2208.03972	1286
1701	1701	2209.33080	1271
1702	1702	2210.62187	1246
1703	1703	2211.91295	1179
1704	1704	2213.20402	1193
1705	1705	2214.49510	1189
1706	1706	2215.78617	1200
1707	1707	2217.07725	1225
1708	1708	2218.36832	1179
1709	1709	2219.65940	1221
1710	1710	2220.95047	1181
1711	1711	2222.24155	1165
1712	1712	2223.53262	1200
1713	1713	2224.82370	1170
1714	1714	2226.11477	1171
1715	1715	2227.40585	1118
1716	1716	2228.69692	1151
1717	1717	2229.98800	1036
1718	1718	2231.27908	1100
1719	1719	2232.57015	1049
1720	1720	2233.86123	1100
1721	1721	2235.15230	1100
1722	1722	2236.44338	1050
1723	1723	2237.73445	1063
1724	1724	2239.02553	1036
1725	1725	2240.31660	995
1726	1726	2241.60768	1058
1727	1727	2242.89875	1024
1728	1728	2244.18983	1047
1729	1729	2245.48090	973
1730	1730	2246.77198	920
1731	1731	2248.06305	949
1732	1732	2249.35413	959
1733	1733	2250.64520	948
1734	1734	2251.93628	918
1735	1735	2253.22735	874
1736	1736	2254.51843	843
1737	1737	2255.80950	836
1738	1738	2257.10058	835
1739	1739	2258.39165	792
1740	1740	2259.68273	830
1741	1741	2260.97381	834
1742	1742	2262.26488	777
1743	1743	2263.55596	785
1744	1744	2264.84703	707
1745	1745	2266.13811	745
1746	1746	2267.42918	705
1747	1747	2268.72026	726
1748	1748	2270.01133	705
1749	1749	2271.30241	703
1750	1750	2272.59348	736
1751	1751	2273.88456	660
1752	1752	2275.17563	707
1753	1753	2276.46671	627
1754	1754	2277.75778	646
1755	1755	2279.04886	618
1756	1756	2280.33993	596
1757	1757	2281.63101	565
1758	1758	2282.92208	632
1759	1759	2284.21316	603
1760	1760	2285.50423	600
1761	1761	2286.79531	564
1762	1762	2288.08639	540
1763	1763	2289.37746	540
1764	1764	2290.66854	517
1765	1765	2291.95961	567
1766	1766	2293.25069	518
1767	1767	2294.54176	518
1768	1768	2295.83284	552
1769	1769	2297.12391	548
1770	1770	2298.41499	512
1771	1771	2299.70606	484
1772	1772	2300.99714	474
1773	1773	2302.28821	520
1774	1774	2303.57929	467
1775	1775	2304.87036	514
1776	1776	2306.16144	489
1777	1777	2307.45251	475
1778	1778	2308.74359	447
1779	1779	2310.03466	448
1780	1780	2311.32574	446
1781	1781	2312.61681	442
1782	1782	2313.90789	395
1783	1783	2315.19897	393
1784	1784	2316.49004	428
1785	1785	2317.78112	426
1786	1786	2319.07219	405
1787	1787	2320.36327	423
1788	1788	2321.65434	434
1789	1789	2322.94542	407
1790	1790	2324.23649	401
1791	1791	2325.52757	406
1792	1792	2326.81864	427
1793	1793	2328.10972	391
1794	1794	2329.40079	350
1795	1795	2330.69187	362
1796	1796	2331.98294	360
1797	1797	2333.27402	376
1798	1798	2334.56509	365
1799	1799	2335.85617	379
1800	1800	2337.14724	352
1801	1801	2338.43832	381
1802	1802	2339.72939	300
1803	1803	2341.02047	344
1804	1804	2342.31154	328
1805	1805	2343.60262	349
1806	1806	2344.89370	334
1807	1807	2346.18477	343
1808	1808	2347.47585	325
1809	1809	2348.76692	354
1810	1810	2350.05800	334
1811	1811	2351.34907	327
1812	1812	2352.64015	347
1813	1813	2353.93122	297
1814	1814	2355.22230	297
1815	1815	2356.51337	326
1816	1816	2357.80445	298
1817	1817	2359.09552	301
1818	1818	2360.38660	298
1819	1819	2361.67767	317
1820	1820	2362.96875	297
1821	1821	2364.25982	319
1822	1822	2365.55090	299
1823	1823	2366.84197	297
1824	1824	2368.13305	285
1825	1825	2369.42412	288
1826	1826	2370.71520	298
1827	1827	2372.00628	303
1828	1828	2373.29735	296
1829	1829	2374.58843	328
1830	1830	2375.87950	329
1831	1831	2377.17058	297
1832	1832	2378.46165	318
1833	1833	2379.75273	308
1834	1834	2381.04380	330
1835	1835	2382.33488	313
1836	1836	2383.62595	360
1837	1837	2384.91703	354
1838	1838	2386.20810	399
1839	1839	2387.49918	355
1840	1840	2388.79025	394
1841	1841	2390.08133	382
1842	1842	2391.37240	406
1843	1843	2392.66348	393
1844	1844	2393.95455	472
1845	1845	2395.24563	454
1846	1846	2396.53670	466
1847	1847	2397.82778	504
1848	1848	2399.11886	574
1849	1849	2400.40993	593
1850	1850	2401.70101	635
1851	1851	2402.99208	680
1852	1852	2404.28316	726
1853	1853	2405.57423	762
1854	1854	2406.86531	808
1855	1855	2408.15638	906
1856	1856	2409.44746	889
1857	1857	2410.73853	948
1858	1858	2412.02961	1149
1859	1859	2413.32068	1195
1860	1860	2414.61176	1294
1861	1861	2415.90283	1354
1862	1862	2417.19391	1573
1863	1863	2418.48498	1629
1864	1864	2419.77606	1644
1865	1865	2421.06713	1895
1866	1866	2422.35821	1978
1867	1867	2423.64928	2038
1868	1868	2424.94036	2253
1869	1869	2426.23143	2482
1870	1870	2427.52251	2571
1871	1871	2428.81359	2774
1872	1872	2430.10466	2939
1873	1873	2431.39574	3139
1874	1874	2432.68681	3216
1875	1875	2433.97789	3453
1876	1876	2435.26896	3500
1877	1877	2436.56004	3815
1878	1878	2437.85111	3991
1879	1879	2439.14219	4157
1880	1880	2440.43326	4345
1881	1881	2441.72434	4462
1882	1882	2443.01541	4618
1883	1883	2444.30649	4800
1884	1884	2445.59756	4771
1885	1885	2446.88864	5015
1886	1886	2448.17971	5043
1887	1887	2449.47079	5145
1888	1888	2450.76186	5270
1889	1889	2452.05294	5328
1890	1890	2453.34401	5271
1891	1891	2454.63509	5328
1892	1892	2455.92617	5210
1893	1893	2457.21724	5140
1894	1894	2458.50832	5292
1895	1895	2459.79939	5272
1896	1896	2461.09047	5002
1897	1897	2462.38154	5031
1898	1898	2463.67262	4931
1899	1899	2464.96369	4851
1900	1900	2466.25477	4622
1901	1901	2467.54584	4522
1902	1902	2468.83692	4341
1903	1903	2470.12799	4261
1904	1904	2471.41907	3926
1905	1905	2472.71014	3815
1906	1906	2474.00122	3790
1907	1907	2475.29229	3483
1908	1908	2476.58337	3194
1909	1909	2477.87444	3310
1910	1910	2479.16552	2958
1911	1911	2480.45659	2829
1912	1912	2481.74767	2583
1913	1913	2483.03874	2375
1914	1914	2484.32982	2275
1915	1915	2485.62090	2124
1916	1916	2486.91197	1954
1917	1917	2488.20305	1784
1918	1918	2489.49412	1681
1919	1919	2490.78520	1592
1920	1920	2492.07627	1458
1921	1921	2493.36735	1375
1922	1922	2494.65842	1194
1923	1923	2495.94950	1129
1924	1924	2497.24057	1025
1925	1925	2498.53165	977
1926	1926	2499.82272	921
1927	1927	2501.11380	799
1928	1928	2502.40487	765
1929	1929	2503.69595	652
1930	1930	2504.98702	631
1931	1931	2506.27810	601
1932	1932	2507.56917	597
1933	1933	2508.86025	570
1934	1934	2510.15132	479
1935	1935	2511.44240	457
1936	1936	2512.73348	465
1937	1937	2514.02455	449
1938	1938	2515.31563	370
1939	1939	2516.60670	409
1940	1940	2517.89778	375
1941	1941	2519.18885	380
1942	1942	2520.47993	330
1943	1943	2521.77100	327
1944	1944	2523.06208	327
1945	1945	2524.35315	321
1946	1946	2525.64423	320
1947	1947	2526.93530	299
1948	1948	2528.22638	298
1949	1949	2529.51745	295
1950	1950	2530.80853	277
1951	1951	2532.09960	284
1952	1952	2533.39068	292
1953	1953	2534.68175	300
1954	1954	2535.97283	286
1955	1955	2537.26390	272
1956	1956	2538.55498	246
1957	1957	2539.84606	253
1958	1958	2541.13713	250
1959	1959	2542.42821	225
1960	1960	2543.71928	253
1961	1961	2545.01036	230
1962	1962	2546.30143	242
1963	1963	2547.59251	253
1964	1964	2548.88358	214
1965	1965	2550.17466	227
1966	1966	2551.46573	240
1967	1967	2552.75681	218
1968	1968	2554.04788	234
1969	1969	2555.33896	199
1970	1970	2556.63003	210
1971	1971	2557.92111	206
1972	1972	2559.21218	207
1973	1973	2560.50326	199
1974	1974	2561.79433	204
1975	1975	2563.08541	193
1976	1976	2564.37648	205
1977	1977	2565.66756	179
1978	1978	2566.95863	183
1979	1979	2568.24971	215
1980	1980	2569.54079	182
1981	1981	2570.83186	179
1982	1982	2572.12294	192
1983	1983	2573.41401	156
1984	1984	2574.70509	179
1985	1985	2575.99616	205
1986	1986	2577.28724	185
1987	1987	2578.57831	184
1988	1988	2579.86939	188
1989	1989	2581.16046	176
1990	1990	2582.45154	194
1991	1991	2583.74261	175
1992	1992	2585.03369	190
1993	1993	2586.32476	173
1994	1994	2587.61584	169
1995	1995	2588.90691	192
1996	1996	2590.19799	170
1997	1997	2591.48906	159
1998	1998	2592.78014	163
1999	1999	2594.07121	166
2000	2000	2595.36229	176
2001	2001	2596.65337	178
2002	2002	2597.94444	173
2003	2003	2599.23552	172
2004	2004	2600.52659	189
2005	2005	2601.81767	165
2006	2006	2603.10874	167
2007	2007	2604.39982	186
2008	2008	2605.69089	167
2009	2009	2606.98197	191
2010	2010	2608.27304	180
2011	2011	2609.56412	203
2012	2012	2610.85519	191
2013	2013	2612.14627	176
2014	2014	2613.43734	191
2015	2015	2614.72842	170
2016	2016	2616.01949	179
2017	2017	2617.31057	177
2018	2018	2618.60164	181
2019	2019	2619.89272	204
2020	2020	2621.18379	158
2021	2021	2622.47487	164
2022	2022	2623.76595	188
2023	2023	2625.05702	180
2024	2024	2626.34810	159
2025	2025	2627.63917	165
2026	2026	2628.93025	175
2027	2027	2630.22132	180
2028	2028	2631.51240	162
2029	2029	2632.80347	163
2030	2030	2634.09455	163
2031	2031	2635.38562	169
2032	2032	2636.67670	175
2033	2033	2637.96777	164
2034	2034	2639.25885	184
2035	2035	2640.54992	180
2036	2036	2641.84100	178
2037	2037	2643.13207	195
2038	2038	2644.42315	193
2039	2039	2645.71422	193
2040	2040	2647.00530	180
2041	2041	2648.29637	187
2042	2042	2649.58745	182
2043	2043	2650.87852	167
2044	2044	2652.16960	188
2045	2045	2653.46068	172
2046	2046	2654.75175	179
2047	2047	2656.04283	162
2048	2048	2657.33390	169
