	CHNL_k1500-2024	ENERGY_k1500-2024	COUNTS_k1500-2024
1	1	14.5029025	0
2	2	15.7939778	0
3	3	17.0850530	0
4	4	18.3761282	0
5	5	19.6672035	0
6	6	20.9582787	0
7	7	22.2493539	0
8	8	23.5404291	0
9	9	24.8315044	0
10	10	26.1225796	0
11	11	27.4136548	0
12	12	28.7047301	0
13	13	29.9958053	0
14	14	31.2868805	0
15	15	32.5779558	0
16	16	33.8690310	0
17	17	35.1601062	0
18	18	36.4511814	0
19	19	37.7422567	0
20	20	39.0333319	0
21	21	40.3244071	33
22	22	41.6154824	17
23	23	42.9065576	42
24	24	44.1976328	424
25	25	45.4887081	3353
26	26	46.7797833	9715
27	27	48.0708585	14452
28	28	49.3619337	17149
29	29	50.6530090	19056
30	30	51.9440842	17890
31	31	53.2351594	14327
32	32	54.5262347	11454
33	33	55.8173099	9653
34	34	57.1083851	8449
35	35	58.3994604	7758
36	36	59.6905356	7235
37	37	60.9816108	6961
38	38	62.2726860	6424
39	39	63.5637613	5889
40	40	64.8548365	5500
41	41	66.1459117	5262
42	42	67.4369870	5068
43	43	68.7280622	4789
44	44	70.0191374	4568
45	45	71.3102127	4376
46	46	72.6012879	4223
47	47	73.8923631	4072
48	48	75.1834383	3953
49	49	76.4745136	3945
50	50	77.7655888	3614
51	51	79.0566640	3440
52	52	80.3477393	3491
53	53	81.6388145	3318
54	54	82.9298897	3280
55	55	84.2209650	3250
56	56	85.5120402	3368
57	57	86.8031154	3435
58	58	88.0941906	3263
59	59	89.3852659	3164
60	60	90.6763411	2920
61	61	91.9674163	2983
62	62	93.2584916	2740
63	63	94.5495668	2666
64	64	95.8406420	2537
65	65	97.1317173	2317
66	66	98.4227925	2167
67	67	99.7138677	2114
68	68	101.004943	1957
69	69	102.296018	1957
70	70	103.587093	1793
71	71	104.878169	1865
72	72	106.169244	1731
73	73	107.460319	1717
74	74	108.751394	1620
75	75	110.042470	1650
76	76	111.333545	1599
77	77	112.624620	1481
78	78	113.915695	1464
79	79	115.206770	1537
80	80	116.497845	1428
81	81	117.788921	1405
82	82	119.079996	1406
83	83	120.371071	1416
84	84	121.662146	1394
85	85	122.953222	1381
86	86	124.244297	1341
87	87	125.535372	1327
88	88	126.826447	1278
89	89	128.117522	1284
90	90	129.408598	1275
91	91	130.699673	1297
92	92	131.990748	1220
93	93	133.281823	1284
94	94	134.572899	1257
95	95	135.863974	1222
96	96	137.155049	1247
97	97	138.446124	1193
98	98	139.737200	1185
99	99	141.028275	1152
100	100	142.319350	1196
101	101	143.610425	1231
102	102	144.901500	1163
103	103	146.192576	1177
104	104	147.483651	1103
105	105	148.774726	1126
106	106	150.065801	935
107	107	151.356877	748
108	108	152.647952	673
109	109	153.939027	639
110	110	155.230102	634
111	111	156.521178	577
112	112	157.812253	603
113	113	159.103328	655
114	114	160.394403	546
115	115	161.685478	629
116	116	162.976554	583
117	117	164.267629	580
118	118	165.558704	574
119	119	166.849779	626
120	120	168.140855	631
121	121	169.431930	621
122	122	170.723005	634
123	123	172.014080	535
124	124	173.305156	628
125	125	174.596231	600
126	126	175.887306	627
127	127	177.178381	627
128	128	178.469456	681
129	129	179.760532	630
130	130	181.051607	655
131	131	182.342682	670
132	132	183.633757	625
133	133	184.924833	597
134	134	186.215908	571
135	135	187.506983	650
136	136	188.798058	636
137	137	190.089134	667
138	138	191.380209	662
139	139	192.671284	643
140	140	193.962359	639
141	141	195.253434	638
142	142	196.544510	642
143	143	197.835585	653
144	144	199.126660	637
145	145	200.417735	652
146	146	201.708811	654
147	147	202.999886	629
148	148	204.290961	684
149	149	205.582036	653
150	150	206.873112	661
151	151	208.164187	646
152	152	209.455262	700
153	153	210.746337	615
154	154	212.037412	604
155	155	213.328488	690
156	156	214.619563	626
157	157	215.910638	619
158	158	217.201713	559
159	159	218.492789	619
160	160	219.783864	594
161	161	221.074939	613
162	162	222.366014	625
163	163	223.657089	638
164	164	224.948165	675
165	165	226.239240	620
166	166	227.530315	658
167	167	228.821390	661
168	168	230.112466	656
169	169	231.403541	684
170	170	232.694616	642
171	171	233.985691	672
172	172	235.276767	651
173	173	236.567842	621
174	174	237.858917	565
175	175	239.149992	598
176	176	240.441067	572
177	177	241.732143	560
178	178	243.023218	567
179	179	244.314293	547
180	180	245.605368	534
181	181	246.896444	609
182	182	248.187519	552
183	183	249.478594	596
184	184	250.769669	549
185	185	252.060745	603
186	186	253.351820	545
187	187	254.642895	556
188	188	255.933970	582
189	189	257.225045	585
190	190	258.516121	528
191	191	259.807196	545
192	192	261.098271	562
193	193	262.389346	586
194	194	263.680422	568
195	195	264.971497	561
196	196	266.262572	591
197	197	267.553647	570
198	198	268.844723	538
199	199	270.135798	568
200	200	271.426873	531
201	201	272.717948	543
202	202	274.009023	561
203	203	275.300099	527
204	204	276.591174	560
205	205	277.882249	581
206	206	279.173324	558
207	207	280.464400	565
208	208	281.755475	542
209	209	283.046550	529
210	210	284.337625	571
211	211	285.628701	570
212	212	286.919776	501
213	213	288.210851	529
214	214	289.501926	491
215	215	290.793001	494
216	216	292.084077	502
217	217	293.375152	512
218	218	294.666227	456
219	219	295.957302	445
220	220	297.248378	466
221	221	298.539453	466
222	222	299.830528	387
223	223	301.121603	435
224	224	302.412679	498
225	225	303.703754	429
226	226	304.994829	439
227	227	306.285904	398
228	228	307.576979	412
229	229	308.868055	422
230	230	310.159130	426
231	231	311.450205	425
232	232	312.741280	424
233	233	314.032356	468
234	234	315.323431	423
235	235	316.614506	430
236	236	317.905581	464
237	237	319.196657	446
238	238	320.487732	416
239	239	321.778807	442
240	240	323.069882	515
241	241	324.360957	486
242	242	325.652033	521
243	243	326.943108	507
244	244	328.234183	523
245	245	329.525258	526
246	246	330.816334	568
247	247	332.107409	556
248	248	333.398484	580
249	249	334.689559	524
250	250	335.980635	521
251	251	337.271710	500
252	252	338.562785	469
253	253	339.853860	459
254	254	341.144935	466
255	255	342.436011	445
256	256	343.727086	429
257	257	345.018161	438
258	258	346.309236	398
259	259	347.600312	390
260	260	348.891387	394
261	261	350.182462	390
262	262	351.473537	347
263	263	352.764612	330
264	264	354.055688	363
265	265	355.346763	367
266	266	356.637838	326
267	267	357.928913	353
268	268	359.219989	371
269	269	360.511064	407
270	270	361.802139	353
271	271	363.093214	342
272	272	364.384290	352
273	273	365.675365	358
274	274	366.966440	366
275	275	368.257515	335
276	276	369.548590	334
277	277	370.839666	344
278	278	372.130741	306
279	279	373.421816	338
280	280	374.712891	324
281	281	376.003967	303
282	282	377.295042	326
283	283	378.586117	346
284	284	379.877192	338
285	285	381.168268	335
286	286	382.459343	318
287	287	383.750418	312
288	288	385.041493	288
289	289	386.332568	322
290	290	387.623644	297
291	291	388.914719	263
292	292	390.205794	303
293	293	391.496869	289
294	294	392.787945	321
295	295	394.079020	332
296	296	395.370095	295
297	297	396.661170	312
298	298	397.952246	306
299	299	399.243321	291
300	300	400.534396	268
301	301	401.825471	256
302	302	403.116546	308
303	303	404.407622	303
304	304	405.698697	290
305	305	406.989772	311
306	306	408.280847	274
307	307	409.571923	301
308	308	410.862998	289
309	309	412.154073	308
310	310	413.445148	311
311	311	414.736224	318
312	312	416.027299	290
313	313	417.318374	308
314	314	418.609449	306
315	315	419.900524	287
316	316	421.191600	272
317	317	422.482675	284
318	318	423.773750	283
319	319	425.064825	269
320	320	426.355901	285
321	321	427.646976	286
322	322	428.938051	274
323	323	430.229126	278
324	324	431.520202	288
325	325	432.811277	270
326	326	434.102352	319
327	327	435.393427	281
328	328	436.684502	257
329	329	437.975578	309
330	330	439.266653	307
331	331	440.557728	294
332	332	441.848803	289
333	333	443.139879	284
334	334	444.430954	336
335	335	445.722029	264
336	336	447.013104	305
337	337	448.304180	290
338	338	449.595255	301
339	339	450.886330	288
340	340	452.177405	296
341	341	453.468480	270
342	342	454.759556	278
343	343	456.050631	298
344	344	457.341706	249
345	345	458.632781	288
346	346	459.923857	282
347	347	461.214932	310
348	348	462.506007	284
349	349	463.797082	351
350	350	465.088158	336
351	351	466.379233	336
352	352	467.670308	384
353	353	468.961383	381
354	354	470.252458	446
355	355	471.543534	420
356	356	472.834609	439
357	357	474.125684	465
358	358	475.416759	477
359	359	476.707835	515
360	360	477.998910	471
361	361	479.289985	479
362	362	480.581060	516
363	363	481.872135	439
364	364	483.163211	466
365	365	484.454286	459
366	366	485.745361	469
367	367	487.036436	445
368	368	488.327512	398
369	369	489.618587	418
370	370	490.909662	391
371	371	492.200737	361
372	372	493.491813	364
373	373	494.782888	337
374	374	496.073963	313
375	375	497.365038	285
376	376	498.656113	304
377	377	499.947189	257
378	378	501.238264	255
379	379	502.529339	235
380	380	503.820414	255
381	381	505.111490	246
382	382	506.402565	256
383	383	507.693640	255
384	384	508.984715	231
385	385	510.275791	252
386	386	511.566866	251
387	387	512.857941	236
388	388	514.149016	230
389	389	515.440091	235
390	390	516.731167	217
391	391	518.022242	204
392	392	519.313317	229
393	393	520.604392	251
394	394	521.895468	236
395	395	523.186543	235
396	396	524.477618	235
397	397	525.768693	229
398	398	527.059769	225
399	399	528.350844	217
400	400	529.641919	226
401	401	530.932994	230
402	402	532.224069	219
403	403	533.515145	244
404	404	534.806220	254
405	405	536.097295	241
406	406	537.388370	227
407	407	538.679446	244
408	408	539.970521	233
409	409	541.261596	245
410	410	542.552671	210
411	411	543.843747	230
412	412	545.134822	246
413	413	546.425897	260
414	414	547.716972	250
415	415	549.008047	232
416	416	550.299123	211
417	417	551.590198	275
418	418	552.881273	241
419	419	554.172348	245
420	420	555.463424	252
421	421	556.754499	245
422	422	558.045574	240
423	423	559.336649	254
424	424	560.627725	240
425	425	561.918800	255
426	426	563.209875	247
427	427	564.500950	250
428	428	565.792025	258
429	429	567.083101	266
430	430	568.374176	258
431	431	569.665251	267
432	432	570.956326	280
433	433	572.247402	227
434	434	573.538477	238
435	435	574.829552	245
436	436	576.120627	267
437	437	577.411703	233
438	438	578.702778	247
439	439	579.993853	269
440	440	581.284928	268
441	441	582.576003	236
442	442	583.867079	227
443	443	585.158154	218
444	444	586.449229	244
445	445	587.740304	232
446	446	589.031380	214
447	447	590.322455	217
448	448	591.613530	208
449	449	592.904605	212
450	450	594.195681	192
451	451	595.486756	210
452	452	596.777831	207
453	453	598.068906	211
454	454	599.359981	192
455	455	600.651057	197
456	456	601.942132	168
457	457	603.233207	209
458	458	604.524282	193
459	459	605.815358	199
460	460	607.106433	173
461	461	608.397508	170
462	462	609.688583	208
463	463	610.979658	203
464	464	612.270734	202
465	465	613.561809	194
466	466	614.852884	172
467	467	616.143959	200
468	468	617.435035	180
469	469	618.726110	192
470	470	620.017185	185
471	471	621.308260	186
472	472	622.599336	198
473	473	623.890411	193
474	474	625.181486	208
475	475	626.472561	195
476	476	627.763636	207
477	477	629.054712	174
478	478	630.345787	189
479	479	631.636862	184
480	480	632.927937	170
481	481	634.219013	184
482	482	635.510088	162
483	483	636.801163	165
484	484	638.092238	191
485	485	639.383314	153
486	486	640.674389	186
487	487	641.965464	184
488	488	643.256539	156
489	489	644.547614	187
490	490	645.838690	184
491	491	647.129765	172
492	492	648.420840	184
493	493	649.711915	183
494	494	651.002991	182
495	495	652.294066	181
496	496	653.585141	151
497	497	654.876216	169
498	498	656.167292	170
499	499	657.458367	170
500	500	658.749442	191
501	501	660.040517	181
502	502	661.331592	180
503	503	662.622668	164
504	504	663.913743	193
505	505	665.204818	165
506	506	666.495893	182
507	507	667.786969	164
508	508	669.078044	178
509	509	670.369119	165
510	510	671.660194	177
511	511	672.951270	170
512	512	674.242345	177
513	513	675.533420	171
514	514	676.824495	165
515	515	678.115570	192
516	516	679.406646	170
517	517	680.697721	177
518	518	681.988796	188
519	519	683.279871	176
520	520	684.570947	194
521	521	685.862022	185
522	522	687.153097	166
523	523	688.444172	169
524	524	689.735248	179
525	525	691.026323	174
526	526	692.317398	153
527	527	693.608473	188
528	528	694.899548	152
529	529	696.190624	165
530	530	697.481699	189
531	531	698.772774	174
532	532	700.063849	174
533	533	701.354925	176
534	534	702.646000	165
535	535	703.937075	177
536	536	705.228150	194
537	537	706.519226	166
538	538	707.810301	153
539	539	709.101376	186
540	540	710.392451	144
541	541	711.683526	188
542	542	712.974602	184
543	543	714.265677	169
544	544	715.556752	185
545	545	716.847827	182
546	546	718.138903	178
547	547	719.429978	167
548	548	720.721053	173
549	549	722.012128	168
550	550	723.303204	199
551	551	724.594279	197
552	552	725.885354	195
553	553	727.176429	175
554	554	728.467504	174
555	555	729.758580	199
556	556	731.049655	178
557	557	732.340730	172
558	558	733.631805	179
559	559	734.922881	178
560	560	736.213956	178
561	561	737.505031	178
562	562	738.796106	161
563	563	740.087181	187
564	564	741.378257	165
565	565	742.669332	171
566	566	743.960407	177
567	567	745.251482	179
568	568	746.542558	162
569	569	747.833633	163
570	570	749.124708	183
571	571	750.415783	162
572	572	751.706859	148
573	573	752.997934	189
574	574	754.289009	175
575	575	755.580084	192
576	576	756.871159	174
577	577	758.162235	152
578	578	759.453310	172
579	579	760.744385	173
580	580	762.035460	191
581	581	763.326536	178
582	582	764.617611	161
583	583	765.908686	165
584	584	767.199761	147
585	585	768.490837	184
586	586	769.781912	161
587	587	771.072987	193
588	588	772.364062	161
589	589	773.655137	151
590	590	774.946213	198
591	591	776.237288	165
592	592	777.528363	173
593	593	778.819438	136
594	594	780.110514	152
595	595	781.401589	167
596	596	782.692664	173
597	597	783.983739	155
598	598	785.274815	170
599	599	786.565890	153
600	600	787.856965	154
601	601	789.148040	141
602	602	790.439115	182
603	603	791.730191	142
604	604	793.021266	144
605	605	794.312341	152
606	606	795.603416	146
607	607	796.894492	156
608	608	798.185567	135
609	609	799.476642	155
610	610	800.767717	140
611	611	802.058793	124
612	612	803.349868	111
613	613	804.640943	163
614	614	805.932018	150
615	615	807.223093	135
616	616	808.514169	133
617	617	809.805244	126
618	618	811.096319	151
619	619	812.387394	118
620	620	813.678470	136
621	621	814.969545	115
622	622	816.260620	131
623	623	817.551695	134
624	624	818.842771	137
625	625	820.133846	142
626	626	821.424921	136
627	627	822.715996	135
628	628	824.007071	129
629	629	825.298147	120
630	630	826.589222	125
631	631	827.880297	146
632	632	829.171372	145
633	633	830.462448	138
634	634	831.753523	119
635	635	833.044598	137
636	636	834.335673	126
637	637	835.626749	106
638	638	836.917824	124
639	639	838.208899	136
640	640	839.499974	149
641	641	840.791049	113
642	642	842.082125	129
643	643	843.373200	148
644	644	844.664275	141
645	645	845.955350	130
646	646	847.246426	141
647	647	848.537501	139
648	648	849.828576	157
649	649	851.119651	140
650	650	852.410727	123
651	651	853.701802	134
652	652	854.992877	135
653	653	856.283952	116
654	654	857.575027	141
655	655	858.866103	122
656	656	860.157178	143
657	657	861.448253	157
658	658	862.739328	127
659	659	864.030404	115
660	660	865.321479	132
661	661	866.612554	157
662	662	867.903629	146
663	663	869.194704	147
664	664	870.485780	128
665	665	871.776855	131
666	666	873.067930	130
667	667	874.359005	142
668	668	875.650081	153
669	669	876.941156	117
670	670	878.232231	126
671	671	879.523306	130
672	672	880.814382	146
673	673	882.105457	113
674	674	883.396532	140
675	675	884.687607	111
676	676	885.978682	131
677	677	887.269758	116
678	678	888.560833	148
679	679	889.851908	124
680	680	891.142983	123
681	681	892.434059	125
682	682	893.725134	128
683	683	895.016209	121
684	684	896.307284	143
685	685	897.598360	136
686	686	898.889435	100
687	687	900.180510	113
688	688	901.471585	125
689	689	902.762660	132
690	690	904.053736	127
691	691	905.344811	109
692	692	906.635886	123
693	693	907.926961	125
694	694	909.218037	143
695	695	910.509112	130
696	696	911.800187	133
697	697	913.091262	119
698	698	914.382338	133
699	699	915.673413	114
700	700	916.964488	132
701	701	918.255563	111
702	702	919.546638	110
703	703	920.837714	116
704	704	922.128789	135
705	705	923.419864	120
706	706	924.710939	127
707	707	926.002015	122
708	708	927.293090	115
709	709	928.584165	121
710	710	929.875240	105
711	711	931.166316	133
712	712	932.457391	126
713	713	933.748466	106
714	714	935.039541	105
715	715	936.330616	123
716	716	937.621692	116
717	717	938.912767	134
718	718	940.203842	125
719	719	941.494917	108
720	720	942.785993	116
721	721	944.077068	116
722	722	945.368143	113
723	723	946.659218	111
724	724	947.950294	111
725	725	949.241369	128
726	726	950.532444	98
727	727	951.823519	117
728	728	953.114594	119
729	729	954.405670	115
730	730	955.696745	105
731	731	956.987820	100
732	732	958.278895	117
733	733	959.569971	100
734	734	960.861046	102
735	735	962.152121	106
736	736	963.443196	105
737	737	964.734272	83
738	738	966.025347	109
739	739	967.316422	111
740	740	968.607497	105
741	741	969.898572	94
742	742	971.189648	103
743	743	972.480723	104
744	744	973.771798	104
745	745	975.062873	119
746	746	976.353949	114
747	747	977.645024	134
748	748	978.936099	101
749	749	980.227174	104
750	750	981.518250	103
751	751	982.809325	107
752	752	984.100400	106
753	753	985.391475	113
754	754	986.682550	130
755	755	987.973626	126
756	756	989.264701	106
757	757	990.555776	122
758	758	991.846851	102
759	759	993.137927	130
760	760	994.429002	117
761	761	995.720077	136
762	762	997.011152	123
763	763	998.302227	98
764	764	999.593303	91
765	765	1000.88438	101
766	766	1002.17545	106
767	767	1003.46653	105
768	768	1004.75760	116
769	769	1006.04868	91
770	770	1007.33975	103
771	771	1008.63083	117
772	772	1009.92191	109
773	773	1011.21298	99
774	774	1012.50406	106
775	775	1013.79513	129
776	776	1015.08621	112
777	777	1016.37728	102
778	778	1017.66836	116
779	779	1018.95943	118
780	780	1020.25051	91
781	781	1021.54158	120
782	782	1022.83266	120
783	783	1024.12374	108
784	784	1025.41481	110
785	785	1026.70589	98
786	786	1027.99696	104
787	787	1029.28804	110
788	788	1030.57911	114
789	789	1031.87019	114
790	790	1033.16126	121
791	791	1034.45234	106
792	792	1035.74341	116
793	793	1037.03449	118
794	794	1038.32556	117
795	795	1039.61664	99
796	796	1040.90771	121
797	797	1042.19879	117
798	798	1043.48986	119
799	799	1044.78094	101
800	800	1046.07201	117
801	801	1047.36309	125
802	802	1048.65416	121
803	803	1049.94524	118
804	804	1051.23631	114
805	805	1052.52739	116
806	806	1053.81847	138
807	807	1055.10954	121
808	808	1056.40062	122
809	809	1057.69169	138
810	810	1058.98277	102
811	811	1060.27384	98
812	812	1061.56492	119
813	813	1062.85599	123
814	814	1064.14707	119
815	815	1065.43814	137
816	816	1066.72922	99
817	817	1068.02029	95
818	818	1069.31137	114
819	819	1070.60244	121
820	820	1071.89352	96
821	821	1073.18459	97
822	822	1074.47567	107
823	823	1075.76674	108
824	824	1077.05782	108
825	825	1078.34889	130
826	826	1079.63997	103
827	827	1080.93105	117
828	828	1082.22212	105
829	829	1083.51320	103
830	830	1084.80427	92
831	831	1086.09535	125
832	832	1087.38642	104
833	833	1088.67750	95
834	834	1089.96857	88
835	835	1091.25965	111
836	836	1092.55072	95
837	837	1093.84180	95
838	838	1095.13287	114
839	839	1096.42395	111
840	840	1097.71502	118
841	841	1099.00610	115
842	842	1100.29717	100
843	843	1101.58825	107
844	844	1102.87932	98
845	845	1104.17040	105
846	846	1105.46147	101
847	847	1106.75255	97
848	848	1108.04363	92
849	849	1109.33470	79
850	850	1110.62578	109
851	851	1111.91685	99
852	852	1113.20793	89
853	853	1114.49900	91
854	854	1115.79008	97
855	855	1117.08115	103
856	856	1118.37223	106
857	857	1119.66330	88
858	858	1120.95438	88
859	859	1122.24545	92
860	860	1123.53653	100
861	861	1124.82760	89
862	862	1126.11868	101
863	863	1127.40975	101
864	864	1128.70083	91
865	865	1129.99190	99
866	866	1131.28298	96
867	867	1132.57405	85
868	868	1133.86513	104
869	869	1135.15620	114
870	870	1136.44728	105
871	871	1137.73836	115
872	872	1139.02943	107
873	873	1140.32051	90
874	874	1141.61158	85
875	875	1142.90266	104
876	876	1144.19373	97
877	877	1145.48481	88
878	878	1146.77588	101
879	879	1148.06696	99
880	880	1149.35803	83
881	881	1150.64911	108
882	882	1151.94018	105
883	883	1153.23126	103
884	884	1154.52233	91
885	885	1155.81341	97
886	886	1157.10448	92
887	887	1158.39556	103
888	888	1159.68663	99
889	889	1160.97771	98
890	890	1162.26878	93
891	891	1163.55986	90
892	892	1164.85094	81
893	893	1166.14201	91
894	894	1167.43309	85
895	895	1168.72416	111
896	896	1170.01524	89
897	897	1171.30631	87
898	898	1172.59739	93
899	899	1173.88846	96
900	900	1175.17954	74
901	901	1176.47061	92
902	902	1177.76169	96
903	903	1179.05276	94
904	904	1180.34384	80
905	905	1181.63491	81
906	906	1182.92599	82
907	907	1184.21706	78
908	908	1185.50814	70
909	909	1186.79921	98
910	910	1188.09029	75
911	911	1189.38136	89
912	912	1190.67244	77
913	913	1191.96351	86
914	914	1193.25459	91
915	915	1194.54567	82
916	916	1195.83674	92
917	917	1197.12782	77
918	918	1198.41889	70
919	919	1199.70997	67
920	920	1201.00104	71
921	921	1202.29212	67
922	922	1203.58319	71
923	923	1204.87427	69
924	924	1206.16534	77
925	925	1207.45642	78
926	926	1208.74749	64
927	927	1210.03857	80
928	928	1211.32964	73
929	929	1212.62072	88
930	930	1213.91179	76
931	931	1215.20287	65
932	932	1216.49394	72
933	933	1217.78502	79
934	934	1219.07609	90
935	935	1220.36717	77
936	936	1221.65825	68
937	937	1222.94932	71
938	938	1224.24040	78
939	939	1225.53147	76
940	940	1226.82255	82
941	941	1228.11362	82
942	942	1229.40470	70
943	943	1230.69577	74
944	944	1231.98685	55
945	945	1233.27792	79
946	946	1234.56900	70
947	947	1235.86007	59
948	948	1237.15115	74
949	949	1238.44222	74
950	950	1239.73330	60
951	951	1241.02437	55
952	952	1242.31545	69
953	953	1243.60652	60
954	954	1244.89760	70
955	955	1246.18867	73
956	956	1247.47975	63
957	957	1248.77083	70
958	958	1250.06190	79
959	959	1251.35298	62
960	960	1252.64405	70
961	961	1253.93513	76
962	962	1255.22620	79
963	963	1256.51728	67
964	964	1257.80835	67
965	965	1259.09943	80
966	966	1260.39050	69
967	967	1261.68158	60
968	968	1262.97265	70
969	969	1264.26373	68
970	970	1265.55480	79
971	971	1266.84588	60
972	972	1268.13695	76
973	973	1269.42803	65
974	974	1270.71910	76
975	975	1272.01018	63
976	976	1273.30125	79
977	977	1274.59233	80
978	978	1275.88340	70
979	979	1277.17448	57
980	980	1278.46556	86
981	981	1279.75663	71
982	982	1281.04771	80
983	983	1282.33878	70
984	984	1283.62986	67
985	985	1284.92093	83
986	986	1286.21201	67
987	987	1287.50308	66
988	988	1288.79416	77
989	989	1290.08523	88
990	990	1291.37631	76
991	991	1292.66738	84
992	992	1293.95846	81
993	993	1295.24953	64
994	994	1296.54061	74
995	995	1297.83168	62
996	996	1299.12276	74
997	997	1300.41383	76
998	998	1301.70491	81
999	999	1302.99598	58
1000	1000	1304.28706	74
1001	1001	1305.57814	84
1002	1002	1306.86921	86
1003	1003	1308.16029	77
1004	1004	1309.45136	81
1005	1005	1310.74244	81
1006	1006	1312.03351	72
1007	1007	1313.32459	66
1008	1008	1314.61566	75
1009	1009	1315.90674	84
1010	1010	1317.19781	81
1011	1011	1318.48889	66
1012	1012	1319.77996	78
1013	1013	1321.07104	65
1014	1014	1322.36211	70
1015	1015	1323.65319	71
1016	1016	1324.94426	78
1017	1017	1326.23534	85
1018	1018	1327.52641	80
1019	1019	1328.81749	65
1020	1020	1330.10856	74
1021	1021	1331.39964	95
1022	1022	1332.69072	91
1023	1023	1333.98179	90
1024	1024	1335.27287	82
1025	1025	1336.56394	83
1026	1026	1337.85502	84
1027	1027	1339.14609	78
1028	1028	1340.43717	90
1029	1029	1341.72824	98
1030	1030	1343.01932	86
1031	1031	1344.31039	103
1032	1032	1345.60147	103
1033	1033	1346.89254	97
1034	1034	1348.18362	98
1035	1035	1349.47469	113
1036	1036	1350.76577	108
1037	1037	1352.05684	113
1038	1038	1353.34792	113
1039	1039	1354.63899	124
1040	1040	1355.93007	112
1041	1041	1357.22114	128
1042	1042	1358.51222	132
1043	1043	1359.80329	123
1044	1044	1361.09437	136
1045	1045	1362.38545	142
1046	1046	1363.67652	142
1047	1047	1364.96760	171
1048	1048	1366.25867	148
1049	1049	1367.54975	159
1050	1050	1368.84082	168
1051	1051	1370.13190	161
1052	1052	1371.42297	172
1053	1053	1372.71405	180
1054	1054	1374.00512	162
1055	1055	1375.29620	171
1056	1056	1376.58727	161
1057	1057	1377.87835	176
1058	1058	1379.16942	173
1059	1059	1380.46050	158
1060	1060	1381.75157	145
1061	1061	1383.04265	145
1062	1062	1384.33372	160
1063	1063	1385.62480	171
1064	1064	1386.91587	167
1065	1065	1388.20695	131
1066	1066	1389.49803	133
1067	1067	1390.78910	135
1068	1068	1392.08018	111
1069	1069	1393.37125	131
1070	1070	1394.66233	123
1071	1071	1395.95340	131
1072	1072	1397.24448	114
1073	1073	1398.53555	97
1074	1074	1399.82663	99
1075	1075	1401.11770	102
1076	1076	1402.40878	94
1077	1077	1403.69985	99
1078	1078	1404.99093	106
1079	1079	1406.28200	83
1080	1080	1407.57308	80
1081	1081	1408.86415	76
1082	1082	1410.15523	73
1083	1083	1411.44630	67
1084	1084	1412.73738	100
1085	1085	1414.02845	74
1086	1086	1415.31953	74
1087	1087	1416.61061	76
1088	1088	1417.90168	68
1089	1089	1419.19276	68
1090	1090	1420.48383	61
1091	1091	1421.77491	79
1092	1092	1423.06598	63
1093	1093	1424.35706	61
1094	1094	1425.64813	68
1095	1095	1426.93921	68
1096	1096	1428.23028	65
1097	1097	1429.52136	79
1098	1098	1430.81243	49
1099	1099	1432.10351	59
1100	1100	1433.39458	65
1101	1101	1434.68566	82
1102	1102	1435.97673	65
1103	1103	1437.26781	62
1104	1104	1438.55888	64
1105	1105	1439.84996	64
1106	1106	1441.14103	64
1107	1107	1442.43211	54
1108	1108	1443.72318	65
1109	1109	1445.01426	58
1110	1110	1446.30534	77
1111	1111	1447.59641	52
1112	1112	1448.88749	53
1113	1113	1450.17856	40
1114	1114	1451.46964	56
1115	1115	1452.76071	62
1116	1116	1454.05179	60
1117	1117	1455.34286	58
1118	1118	1456.63394	62
1119	1119	1457.92501	57
1120	1120	1459.21609	57
1121	1121	1460.50716	47
1122	1122	1461.79824	59
1123	1123	1463.08931	60
1124	1124	1464.38039	62
1125	1125	1465.67146	68
1126	1126	1466.96254	68
1127	1127	1468.25361	55
1128	1128	1469.54469	51
1129	1129	1470.83576	59
1130	1130	1472.12684	47
1131	1131	1473.41792	53
1132	1132	1474.70899	51
1133	1133	1476.00007	55
1134	1134	1477.29114	58
1135	1135	1478.58222	64
1136	1136	1479.87329	60
1137	1137	1481.16437	47
1138	1138	1482.45544	47
1139	1139	1483.74652	45
1140	1140	1485.03759	47
1141	1141	1486.32867	69
1142	1142	1487.61974	72
1143	1143	1488.91082	58
1144	1144	1490.20189	67
1145	1145	1491.49297	66
1146	1146	1492.78404	53
1147	1147	1494.07512	54
1148	1148	1495.36619	56
1149	1149	1496.65727	47
1150	1150	1497.94834	58
1151	1151	1499.23942	63
1152	1152	1500.53049	57
1153	1153	1501.82157	46
1154	1154	1503.11265	51
1155	1155	1504.40372	47
1156	1156	1505.69480	50
1157	1157	1506.98587	56
1158	1158	1508.27695	59
1159	1159	1509.56802	49
1160	1160	1510.85910	45
1161	1161	1512.15017	52
1162	1162	1513.44125	50
1163	1163	1514.73232	61
1164	1164	1516.02340	49
1165	1165	1517.31447	51
1166	1166	1518.60555	44
1167	1167	1519.89662	46
1168	1168	1521.18770	57
1169	1169	1522.47877	49
1170	1170	1523.76985	42
1171	1171	1525.06092	53
1172	1172	1526.35200	51
1173	1173	1527.64307	55
1174	1174	1528.93415	42
1175	1175	1530.22523	57
1176	1176	1531.51630	46
1177	1177	1532.80738	44
1178	1178	1534.09845	48
1179	1179	1535.38953	54
1180	1180	1536.68060	49
1181	1181	1537.97168	46
1182	1182	1539.26275	53
1183	1183	1540.55383	60
1184	1184	1541.84490	48
1185	1185	1543.13598	49
1186	1186	1544.42705	44
1187	1187	1545.71813	49
1188	1188	1547.00920	50
1189	1189	1548.30028	50
1190	1190	1549.59135	46
1191	1191	1550.88243	38
1192	1192	1552.17350	56
1193	1193	1553.46458	47
1194	1194	1554.75565	49
1195	1195	1556.04673	56
1196	1196	1557.33781	54
1197	1197	1558.62888	49
1198	1198	1559.91996	46
1199	1199	1561.21103	53
1200	1200	1562.50211	51
1201	1201	1563.79318	52
1202	1202	1565.08426	42
1203	1203	1566.37533	53
1204	1204	1567.66641	26
1205	1205	1568.95748	35
1206	1206	1570.24856	53
1207	1207	1571.53963	34
1208	1208	1572.83071	33
1209	1209	1574.12178	68
1210	1210	1575.41286	61
1211	1211	1576.70393	56
1212	1212	1577.99501	51
1213	1213	1579.28608	53
1214	1214	1580.57716	43
1215	1215	1581.86823	57
1216	1216	1583.15931	46
1217	1217	1584.45038	42
1218	1218	1585.74146	52
1219	1219	1587.03254	48
1220	1220	1588.32361	49
1221	1221	1589.61469	44
1222	1222	1590.90576	42
1223	1223	1592.19684	38
1224	1224	1593.48791	51
1225	1225	1594.77899	51
1226	1226	1596.07006	29
1227	1227	1597.36114	46
1228	1228	1598.65221	49
1229	1229	1599.94329	45
1230	1230	1601.23436	52
1231	1231	1602.52544	54
1232	1232	1603.81651	50
1233	1233	1605.10759	50
1234	1234	1606.39866	40
1235	1235	1607.68974	55
1236	1236	1608.98081	66
1237	1237	1610.27189	56
1238	1238	1611.56296	49
1239	1239	1612.85404	56
1240	1240	1614.14512	51
1241	1241	1615.43619	54
1242	1242	1616.72727	58
1243	1243	1618.01834	40
1244	1244	1619.30942	45
1245	1245	1620.60049	60
1246	1246	1621.89157	57
1247	1247	1623.18264	59
1248	1248	1624.47372	48
1249	1249	1625.76479	48
1250	1250	1627.05587	52
1251	1251	1628.34694	46
1252	1252	1629.63802	62
1253	1253	1630.92909	56
1254	1254	1632.22017	72
1255	1255	1633.51124	55
1256	1256	1634.80232	61
1257	1257	1636.09339	53
1258	1258	1637.38447	56
1259	1259	1638.67554	53
1260	1260	1639.96662	57
1261	1261	1641.25770	75
1262	1262	1642.54877	58
1263	1263	1643.83985	55
1264	1264	1645.13092	53
1265	1265	1646.42200	44
1266	1266	1647.71307	55
1267	1267	1649.00415	55
1268	1268	1650.29522	58
1269	1269	1651.58630	63
1270	1270	1652.87737	69
1271	1271	1654.16845	69
1272	1272	1655.45952	69
1273	1273	1656.75060	51
1274	1274	1658.04167	58
1275	1275	1659.33275	48
1276	1276	1660.62382	43
1277	1277	1661.91490	57
1278	1278	1663.20597	57
1279	1279	1664.49705	49
1280	1280	1665.78812	60
1281	1281	1667.07920	44
1282	1282	1668.37027	49
1283	1283	1669.66135	56
1284	1284	1670.95243	46
1285	1285	1672.24350	55
1286	1286	1673.53458	50
1287	1287	1674.82565	42
1288	1288	1676.11673	59
1289	1289	1677.40780	59
1290	1290	1678.69888	55
1291	1291	1679.98995	62
1292	1292	1681.28103	58
1293	1293	1682.57210	55
1294	1294	1683.86318	46
1295	1295	1685.15425	46
1296	1296	1686.44533	50
1297	1297	1687.73640	53
1298	1298	1689.02748	56
1299	1299	1690.31855	49
1300	1300	1691.60963	31
1301	1301	1692.90070	54
1302	1302	1694.19178	52
1303	1303	1695.48285	51
1304	1304	1696.77393	58
1305	1305	1698.06501	50
1306	1306	1699.35608	38
1307	1307	1700.64716	54
1308	1308	1701.93823	54
1309	1309	1703.22931	52
1310	1310	1704.52038	40
1311	1311	1705.81146	38
1312	1312	1707.10253	35
1313	1313	1708.39361	36
1314	1314	1709.68468	55
1315	1315	1710.97576	45
1316	1316	1712.26683	40
1317	1317	1713.55791	54
1318	1318	1714.84898	46
1319	1319	1716.14006	41
1320	1320	1717.43113	39
1321	1321	1718.72221	39
1322	1322	1720.01328	50
1323	1323	1721.30436	33
1324	1324	1722.59543	40
1325	1325	1723.88651	47
1326	1326	1725.17758	46
1327	1327	1726.46866	40
1328	1328	1727.75974	48
1329	1329	1729.05081	46
1330	1330	1730.34189	37
1331	1331	1731.63296	31
1332	1332	1732.92404	44
1333	1333	1734.21511	47
1334	1334	1735.50619	36
1335	1335	1736.79726	40
1336	1336	1738.08834	35
1337	1337	1739.37941	35
1338	1338	1740.67049	44
1339	1339	1741.96156	32
1340	1340	1743.25264	41
1341	1341	1744.54371	46
1342	1342	1745.83479	40
1343	1343	1747.12586	60
1344	1344	1748.41694	31
1345	1345	1749.70801	40
1346	1346	1750.99909	43
1347	1347	1752.29016	46
1348	1348	1753.58124	37
1349	1349	1754.87232	48
1350	1350	1756.16339	48
1351	1351	1757.45447	36
1352	1352	1758.74554	32
1353	1353	1760.03662	41
1354	1354	1761.32769	42
1355	1355	1762.61877	38
1356	1356	1763.90984	40
1357	1357	1765.20092	31
1358	1358	1766.49199	44
1359	1359	1767.78307	38
1360	1360	1769.07414	30
1361	1361	1770.36522	35
1362	1362	1771.65629	40
1363	1363	1772.94737	23
1364	1364	1774.23844	49
1365	1365	1775.52952	42
1366	1366	1776.82059	49
1367	1367	1778.11167	24
1368	1368	1779.40274	48
1369	1369	1780.69382	31
1370	1370	1781.98490	35
1371	1371	1783.27597	37
1372	1372	1784.56705	47
1373	1373	1785.85812	48
1374	1374	1787.14920	40
1375	1375	1788.44027	49
1376	1376	1789.73135	27
1377	1377	1791.02242	37
1378	1378	1792.31350	41
1379	1379	1793.60457	41
1380	1380	1794.89565	39
1381	1381	1796.18672	37
1382	1382	1797.47780	45
1383	1383	1798.76887	36
1384	1384	1800.05995	42
1385	1385	1801.35102	32
1386	1386	1802.64210	37
1387	1387	1803.93317	34
1388	1388	1805.22425	39
1389	1389	1806.51532	31
1390	1390	1807.80640	38
1391	1391	1809.09747	32
1392	1392	1810.38855	39
1393	1393	1811.67963	38
1394	1394	1812.97070	38
1395	1395	1814.26178	32
1396	1396	1815.55285	39
1397	1397	1816.84393	30
1398	1398	1818.13500	29
1399	1399	1819.42608	45
1400	1400	1820.71715	44
1401	1401	1822.00823	32
1402	1402	1823.29930	53
1403	1403	1824.59038	38
1404	1404	1825.88145	32
1405	1405	1827.17253	31
1406	1406	1828.46360	38
1407	1407	1829.75468	34
1408	1408	1831.04575	43
1409	1409	1832.33683	48
1410	1410	1833.62790	42
1411	1411	1834.91898	35
1412	1412	1836.21005	39
1413	1413	1837.50113	42
1414	1414	1838.79221	33
1415	1415	1840.08328	39
1416	1416	1841.37436	38
1417	1417	1842.66543	49
1418	1418	1843.95651	37
1419	1419	1845.24758	38
1420	1420	1846.53866	35
1421	1421	1847.82973	39
1422	1422	1849.12081	45
1423	1423	1850.41188	42
1424	1424	1851.70296	30
1425	1425	1852.99403	40
1426	1426	1854.28511	46
1427	1427	1855.57618	46
1428	1428	1856.86726	32
1429	1429	1858.15833	41
1430	1430	1859.44941	37
1431	1431	1860.74048	27
1432	1432	1862.03156	43
1433	1433	1863.32263	30
1434	1434	1864.61371	30
1435	1435	1865.90479	43
1436	1436	1867.19586	33
1437	1437	1868.48694	37
1438	1438	1869.77801	40
1439	1439	1871.06909	28
1440	1440	1872.36016	44
1441	1441	1873.65124	41
1442	1442	1874.94231	32
1443	1443	1876.23339	45
1444	1444	1877.52446	37
1445	1445	1878.81554	43
1446	1446	1880.10661	39
1447	1447	1881.39769	45
1448	1448	1882.68876	41
1449	1449	1883.97984	27
1450	1450	1885.27091	28
1451	1451	1886.56199	46
1452	1452	1887.85306	46
1453	1453	1889.14414	42
1454	1454	1890.43521	31
1455	1455	1891.72629	34
1456	1456	1893.01736	43
1457	1457	1894.30844	45
1458	1458	1895.59952	37
1459	1459	1896.89059	31
1460	1460	1898.18167	42
1461	1461	1899.47274	27
1462	1462	1900.76382	36
1463	1463	1902.05489	46
1464	1464	1903.34597	52
1465	1465	1904.63704	37
1466	1466	1905.92812	40
1467	1467	1907.21919	39
1468	1468	1908.51027	44
1469	1469	1909.80134	37
1470	1470	1911.09242	48
1471	1471	1912.38349	28
1472	1472	1913.67457	35
1473	1473	1914.96564	40
1474	1474	1916.25672	41
1475	1475	1917.54779	34
1476	1476	1918.83887	53
1477	1477	1920.12994	35
1478	1478	1921.42102	30
1479	1479	1922.71210	21
1480	1480	1924.00317	42
1481	1481	1925.29425	42
1482	1482	1926.58532	32
1483	1483	1927.87640	43
1484	1484	1929.16747	39
1485	1485	1930.45855	44
1486	1486	1931.74962	35
1487	1487	1933.04070	31
1488	1488	1934.33177	42
1489	1489	1935.62285	34
1490	1490	1936.91392	42
1491	1491	1938.20500	33
1492	1492	1939.49607	39
1493	1493	1940.78715	39
1494	1494	1942.07822	37
1495	1495	1943.36930	27
1496	1496	1944.66037	26
1497	1497	1945.95145	33
1498	1498	1947.24252	30
1499	1499	1948.53360	43
1500	1500	1949.82468	23
1501	1501	1951.11575	35
1502	1502	1952.40683	20
1503	1503	1953.69790	36
1504	1504	1954.98898	31
1505	1505	1956.28005	38
1506	1506	1957.57113	39
1507	1507	1958.86220	33
1508	1508	1960.15328	28
1509	1509	1961.44435	32
1510	1510	1962.73543	33
1511	1511	1964.02650	34
1512	1512	1965.31758	35
1513	1513	1966.60865	40
1514	1514	1967.89973	44
1515	1515	1969.19080	19
1516	1516	1970.48188	45
1517	1517	1971.77295	24
1518	1518	1973.06403	37
1519	1519	1974.35510	36
1520	1520	1975.64618	33
1521	1521	1976.93725	38
1522	1522	1978.22833	37
1523	1523	1979.51941	31
1524	1524	1980.81048	32
1525	1525	1982.10156	25
1526	1526	1983.39263	37
1527	1527	1984.68371	25
1528	1528	1985.97478	36
1529	1529	1987.26586	50
1530	1530	1988.55693	43
1531	1531	1989.84801	43
1532	1532	1991.13908	40
1533	1533	1992.43016	41
1534	1534	1993.72123	36
1535	1535	1995.01231	29
1536	1536	1996.30338	34
1537	1537	1997.59446	38
1538	1538	1998.88553	33
1539	1539	2000.17661	30
1540	1540	2001.46768	47
1541	1541	2002.75876	48
1542	1542	2004.04983	38
1543	1543	2005.34091	24
1544	1544	2006.63199	39
1545	1545	2007.92306	39
1546	1546	2009.21414	35
1547	1547	2010.50521	30
1548	1548	2011.79629	37
1549	1549	2013.08736	36
1550	1550	2014.37844	26
1551	1551	2015.66951	41
1552	1552	2016.96059	33
1553	1553	2018.25166	20
1554	1554	2019.54274	29
1555	1555	2020.83381	20
1556	1556	2022.12489	35
1557	1557	2023.41596	35
1558	1558	2024.70704	35
1559	1559	2025.99811	33
1560	1560	2027.28919	41
1561	1561	2028.58026	32
1562	1562	2029.87134	23
1563	1563	2031.16241	37
1564	1564	2032.45349	26
1565	1565	2033.74456	41
1566	1566	2035.03564	24
1567	1567	2036.32672	20
1568	1568	2037.61779	25
1569	1569	2038.90887	24
1570	1570	2040.19994	45
1571	1571	2041.49102	28
1572	1572	2042.78209	40
1573	1573	2044.07317	43
1574	1574	2045.36424	23
1575	1575	2046.65532	34
1576	1576	2047.94639	37
1577	1577	2049.23747	21
1578	1578	2050.52854	36
1579	1579	2051.81962	42
1580	1580	2053.11069	31
1581	1581	2054.40177	32
1582	1582	2055.69284	36
1583	1583	2056.98392	27
1584	1584	2058.27499	32
1585	1585	2059.56607	31
1586	1586	2060.85714	46
1587	1587	2062.14822	38
1588	1588	2063.43930	35
1589	1589	2064.73037	46
1590	1590	2066.02145	34
1591	1591	2067.31252	30
1592	1592	2068.60360	34
1593	1593	2069.89467	30
1594	1594	2071.18575	39
1595	1595	2072.47682	42
1596	1596	2073.76790	34
1597	1597	2075.05897	42
1598	1598	2076.35005	30
1599	1599	2077.64112	37
1600	1600	2078.93220	33
1601	1601	2080.22327	36
1602	1602	2081.51435	23
1603	1603	2082.80542	26
1604	1604	2084.09650	27
1605	1605	2085.38757	36
1606	1606	2086.67865	36
1607	1607	2087.96972	33
1608	1608	2089.26080	32
1609	1609	2090.55188	28
1610	1610	2091.84295	45
1611	1611	2093.13403	24
1612	1612	2094.42510	24
1613	1613	2095.71618	27
1614	1614	2097.00725	32
1615	1615	2098.29833	35
1616	1616	2099.58940	39
1617	1617	2100.88048	27
1618	1618	2102.17155	34
1619	1619	2103.46263	33
1620	1620	2104.75370	26
1621	1621	2106.04478	40
1622	1622	2107.33585	35
1623	1623	2108.62693	41
1624	1624	2109.91800	29
1625	1625	2111.20908	31
1626	1626	2112.50015	34
1627	1627	2113.79123	27
1628	1628	2115.08230	23
1629	1629	2116.37338	41
1630	1630	2117.66445	27
1631	1631	2118.95553	36
1632	1632	2120.24661	38
1633	1633	2121.53768	31
1634	1634	2122.82876	41
1635	1635	2124.11983	29
1636	1636	2125.41091	30
1637	1637	2126.70198	38
1638	1638	2127.99306	38
1639	1639	2129.28413	26
1640	1640	2130.57521	35
1641	1641	2131.86628	28
1642	1642	2133.15736	32
1643	1643	2134.44843	35
1644	1644	2135.73951	33
1645	1645	2137.03058	26
1646	1646	2138.32166	35
1647	1647	2139.61273	41
1648	1648	2140.90381	20
1649	1649	2142.19488	34
1650	1650	2143.48596	41
1651	1651	2144.77703	19
1652	1652	2146.06811	29
1653	1653	2147.35919	44
1654	1654	2148.65026	28
1655	1655	2149.94134	27
1656	1656	2151.23241	25
1657	1657	2152.52349	37
1658	1658	2153.81456	24
1659	1659	2155.10564	36
1660	1660	2156.39671	31
1661	1661	2157.68779	25
1662	1662	2158.97886	32
1663	1663	2160.26994	39
1664	1664	2161.56101	27
1665	1665	2162.85209	37
1666	1666	2164.14316	28
1667	1667	2165.43424	29
1668	1668	2166.72531	32
1669	1669	2168.01639	31
1670	1670	2169.30746	25
1671	1671	2170.59854	32
1672	1672	2171.88961	42
1673	1673	2173.18069	33
1674	1674	2174.47177	36
1675	1675	2175.76284	31
1676	1676	2177.05392	30
1677	1677	2178.34499	29
1678	1678	2179.63607	32
1679	1679	2180.92714	28
1680	1680	2182.21822	35
1681	1681	2183.50929	33
1682	1682	2184.80037	32
1683	1683	2186.09144	32
1684	1684	2187.38252	28
1685	1685	2188.67359	33
1686	1686	2189.96467	40
1687	1687	2191.25574	31
1688	1688	2192.54682	32
1689	1689	2193.83789	35
1690	1690	2195.12897	26
1691	1691	2196.42004	40
1692	1692	2197.71112	26
1693	1693	2199.00219	40
1694	1694	2200.29327	36
1695	1695	2201.58434	29
1696	1696	2202.87542	31
1697	1697	2204.16650	29
1698	1698	2205.45757	19
1699	1699	2206.74865	33
1700	1700	2208.03972	24
1701	1701	2209.33080	30
1702	1702	2210.62187	30
1703	1703	2211.91295	42
1704	1704	2213.20402	37
1705	1705	2214.49510	35
1706	1706	2215.78617	27
1707	1707	2217.07725	36
1708	1708	2218.36832	34
1709	1709	2219.65940	21
1710	1710	2220.95047	26
1711	1711	2222.24155	20
1712	1712	2223.53262	25
1713	1713	2224.82370	38
1714	1714	2226.11477	36
1715	1715	2227.40585	23
1716	1716	2228.69692	26
1717	1717	2229.98800	38
1718	1718	2231.27908	29
1719	1719	2232.57015	30
1720	1720	2233.86123	32
1721	1721	2235.15230	32
1722	1722	2236.44338	27
1723	1723	2237.73445	27
1724	1724	2239.02553	30
1725	1725	2240.31660	27
1726	1726	2241.60768	40
1727	1727	2242.89875	32
1728	1728	2244.18983	27
1729	1729	2245.48090	33
1730	1730	2246.77198	28
1731	1731	2248.06305	26
1732	1732	2249.35413	24
1733	1733	2250.64520	29
1734	1734	2251.93628	29
1735	1735	2253.22735	28
1736	1736	2254.51843	22
1737	1737	2255.80950	35
1738	1738	2257.10058	29
1739	1739	2258.39165	32
1740	1740	2259.68273	27
1741	1741	2260.97381	31
1742	1742	2262.26488	23
1743	1743	2263.55596	27
1744	1744	2264.84703	35
1745	1745	2266.13811	28
1746	1746	2267.42918	24
1747	1747	2268.72026	32
1748	1748	2270.01133	29
1749	1749	2271.30241	24
1750	1750	2272.59348	34
1751	1751	2273.88456	19
1752	1752	2275.17563	24
1753	1753	2276.46671	26
1754	1754	2277.75778	30
1755	1755	2279.04886	30
1756	1756	2280.33993	19
1757	1757	2281.63101	28
1758	1758	2282.92208	28
1759	1759	2284.21316	27
1760	1760	2285.50423	28
1761	1761	2286.79531	33
1762	1762	2288.08639	36
1763	1763	2289.37746	27
1764	1764	2290.66854	27
1765	1765	2291.95961	27
1766	1766	2293.25069	32
1767	1767	2294.54176	26
1768	1768	2295.83284	23
1769	1769	2297.12391	40
1770	1770	2298.41499	18
1771	1771	2299.70606	27
1772	1772	2300.99714	21
1773	1773	2302.28821	30
1774	1774	2303.57929	31
1775	1775	2304.87036	26
1776	1776	2306.16144	29
1777	1777	2307.45251	26
1778	1778	2308.74359	37
1779	1779	2310.03466	31
1780	1780	2311.32574	31
1781	1781	2312.61681	28
1782	1782	2313.90789	41
1783	1783	2315.19897	32
1784	1784	2316.49004	20
1785	1785	2317.78112	27
1786	1786	2319.07219	21
1787	1787	2320.36327	18
1788	1788	2321.65434	30
1789	1789	2322.94542	24
1790	1790	2324.23649	19
1791	1791	2325.52757	35
1792	1792	2326.81864	42
1793	1793	2328.10972	34
1794	1794	2329.40079	37
1795	1795	2330.69187	30
1796	1796	2331.98294	27
1797	1797	2333.27402	26
1798	1798	2334.56509	23
1799	1799	2335.85617	22
1800	1800	2337.14724	37
1801	1801	2338.43832	26
1802	1802	2339.72939	27
1803	1803	2341.02047	26
1804	1804	2342.31154	26
1805	1805	2343.60262	23
1806	1806	2344.89370	31
1807	1807	2346.18477	24
1808	1808	2347.47585	34
1809	1809	2348.76692	30
1810	1810	2350.05800	17
1811	1811	2351.34907	31
1812	1812	2352.64015	29
1813	1813	2353.93122	22
1814	1814	2355.22230	31
1815	1815	2356.51337	34
1816	1816	2357.80445	25
1817	1817	2359.09552	32
1818	1818	2360.38660	34
1819	1819	2361.67767	29
1820	1820	2362.96875	26
1821	1821	2364.25982	29
1822	1822	2365.55090	34
1823	1823	2366.84197	29
1824	1824	2368.13305	27
1825	1825	2369.42412	22
1826	1826	2370.71520	31
1827	1827	2372.00628	23
1828	1828	2373.29735	29
1829	1829	2374.58843	25
1830	1830	2375.87950	30
1831	1831	2377.17058	29
1832	1832	2378.46165	28
1833	1833	2379.75273	40
1834	1834	2381.04380	28
1835	1835	2382.33488	31
1836	1836	2383.62595	34
1837	1837	2384.91703	26
1838	1838	2386.20810	26
1839	1839	2387.49918	36
1840	1840	2388.79025	32
1841	1841	2390.08133	37
1842	1842	2391.37240	27
1843	1843	2392.66348	28
1844	1844	2393.95455	23
1845	1845	2395.24563	30
1846	1846	2396.53670	33
1847	1847	2397.82778	27
1848	1848	2399.11886	31
1849	1849	2400.40993	31
1850	1850	2401.70101	35
1851	1851	2402.99208	34
1852	1852	2404.28316	32
1853	1853	2405.57423	25
1854	1854	2406.86531	28
1855	1855	2408.15638	28
1856	1856	2409.44746	20
1857	1857	2410.73853	31
1858	1858	2412.02961	32
1859	1859	2413.32068	29
1860	1860	2414.61176	32
1861	1861	2415.90283	20
1862	1862	2417.19391	31
1863	1863	2418.48498	25
1864	1864	2419.77606	23
1865	1865	2421.06713	27
1866	1866	2422.35821	22
1867	1867	2423.64928	29
1868	1868	2424.94036	31
1869	1869	2426.23143	29
1870	1870	2427.52251	34
1871	1871	2428.81359	28
1872	1872	2430.10466	26
1873	1873	2431.39574	36
1874	1874	2432.68681	35
1875	1875	2433.97789	32
1876	1876	2435.26896	34
1877	1877	2436.56004	29
1878	1878	2437.85111	41
1879	1879	2439.14219	36
1880	1880	2440.43326	41
1881	1881	2441.72434	35
1882	1882	2443.01541	34
1883	1883	2444.30649	32
1884	1884	2445.59756	34
1885	1885	2446.88864	35
1886	1886	2448.17971	31
1887	1887	2449.47079	36
1888	1888	2450.76186	31
1889	1889	2452.05294	31
1890	1890	2453.34401	54
1891	1891	2454.63509	40
1892	1892	2455.92617	32
1893	1893	2457.21724	28
1894	1894	2458.50832	47
1895	1895	2459.79939	34
1896	1896	2461.09047	33
1897	1897	2462.38154	46
1898	1898	2463.67262	35
1899	1899	2464.96369	31
1900	1900	2466.25477	40
1901	1901	2467.54584	33
1902	1902	2468.83692	46
1903	1903	2470.12799	31
1904	1904	2471.41907	32
1905	1905	2472.71014	26
1906	1906	2474.00122	41
1907	1907	2475.29229	30
1908	1908	2476.58337	29
1909	1909	2477.87444	33
1910	1910	2479.16552	42
1911	1911	2480.45659	36
1912	1912	2481.74767	32
1913	1913	2483.03874	43
1914	1914	2484.32982	34
1915	1915	2485.62090	38
1916	1916	2486.91197	25
1917	1917	2488.20305	31
1918	1918	2489.49412	24
1919	1919	2490.78520	30
1920	1920	2492.07627	38
1921	1921	2493.36735	32
1922	1922	2494.65842	23
1923	1923	2495.94950	27
1924	1924	2497.24057	27
1925	1925	2498.53165	29
1926	1926	2499.82272	27
1927	1927	2501.11380	31
1928	1928	2502.40487	27
1929	1929	2503.69595	29
1930	1930	2504.98702	26
1931	1931	2506.27810	30
1932	1932	2507.56917	25
1933	1933	2508.86025	23
1934	1934	2510.15132	27
1935	1935	2511.44240	26
1936	1936	2512.73348	31
1937	1937	2514.02455	39
1938	1938	2515.31563	36
1939	1939	2516.60670	27
1940	1940	2517.89778	24
1941	1941	2519.18885	23
1942	1942	2520.47993	10
1943	1943	2521.77100	33
1944	1944	2523.06208	25
1945	1945	2524.35315	20
1946	1946	2525.64423	20
1947	1947	2526.93530	25
1948	1948	2528.22638	25
1949	1949	2529.51745	17
1950	1950	2530.80853	30
1951	1951	2532.09960	34
1952	1952	2533.39068	27
1953	1953	2534.68175	24
1954	1954	2535.97283	29
1955	1955	2537.26390	24
1956	1956	2538.55498	35
1957	1957	2539.84606	22
1958	1958	2541.13713	19
1959	1959	2542.42821	16
1960	1960	2543.71928	25
1961	1961	2545.01036	27
1962	1962	2546.30143	27
1963	1963	2547.59251	31
1964	1964	2548.88358	30
1965	1965	2550.17466	30
1966	1966	2551.46573	28
1967	1967	2552.75681	34
1968	1968	2554.04788	28
1969	1969	2555.33896	22
1970	1970	2556.63003	25
1971	1971	2557.92111	24
1972	1972	2559.21218	24
1973	1973	2560.50326	27
1974	1974	2561.79433	20
1975	1975	2563.08541	32
1976	1976	2564.37648	27
1977	1977	2565.66756	30
1978	1978	2566.95863	31
1979	1979	2568.24971	32
1980	1980	2569.54079	32
1981	1981	2570.83186	26
1982	1982	2572.12294	32
1983	1983	2573.41401	27
1984	1984	2574.70509	26
1985	1985	2575.99616	22
1986	1986	2577.28724	29
1987	1987	2578.57831	34
1988	1988	2579.86939	22
1989	1989	2581.16046	33
1990	1990	2582.45154	38
1991	1991	2583.74261	30
1992	1992	2585.03369	32
1993	1993	2586.32476	23
1994	1994	2587.61584	31
1995	1995	2588.90691	32
1996	1996	2590.19799	18
1997	1997	2591.48906	36
1998	1998	2592.78014	33
1999	1999	2594.07121	32
2000	2000	2595.36229	25
2001	2001	2596.65337	25
2002	2002	2597.94444	24
2003	2003	2599.23552	19
2004	2004	2600.52659	31
2005	2005	2601.81767	29
2006	2006	2603.10874	31
2007	2007	2604.39982	22
2008	2008	2605.69089	33
2009	2009	2606.98197	39
2010	2010	2608.27304	29
2011	2011	2609.56412	24
2012	2012	2610.85519	31
2013	2013	2612.14627	30
2014	2014	2613.43734	25
2015	2015	2614.72842	21
2016	2016	2616.01949	21
2017	2017	2617.31057	25
2018	2018	2618.60164	20
2019	2019	2619.89272	26
2020	2020	2621.18379	26
2021	2021	2622.47487	17
2022	2022	2623.76595	29
2023	2023	2625.05702	27
2024	2024	2626.34810	29
2025	2025	2627.63917	25
2026	2026	2628.93025	30
2027	2027	2630.22132	17
2028	2028	2631.51240	27
2029	2029	2632.80347	21
2030	2030	2634.09455	20
2031	2031	2635.38562	27
2032	2032	2636.67670	24
2033	2033	2637.96777	32
2034	2034	2639.25885	15
2035	2035	2640.54992	32
2036	2036	2641.84100	24
2037	2037	2643.13207	29
2038	2038	2644.42315	27
2039	2039	2645.71422	27
2040	2040	2647.00530	24
2041	2041	2648.29637	25
2042	2042	2649.58745	26
2043	2043	2650.87852	35
2044	2044	2652.16960	32
2045	2045	2653.46068	39
2046	2046	2654.75175	31
2047	2047	2656.04283	27
2048	2048	2657.33390	31
