$SPEC_ID:
GAMWIN
$SPEC_REM:


$DETDESC:

$DATE_MEA:
07/25/2024 08:50:19
$MEAS_TIM:
600000.00 607345.53
$MCA_CAL:
3
1.77081182599068E-001 7.50874429941177E-002 0.00000000000000E+000
$DATA:
0 2047
0
0
0
0
0
0
0
0
0
0
0
0
0
0
0
0
0
0
0
0
0
12884
12707
12670
12551
12932
12801
12935
12867
12573
12084
12017
11767
11873
11599
11791
11846
11818
11901
12201
12222
12415
12455
12501
12187
12533
12373
12547
13481
14298
15030
16153
16513
16852
17478
17680
18444
18440
18900
18776
18512
18468
18036
17614
17414
16706
15982
14930
14185
12983
12066
11270
10346
9682
9012
8549
8219
7835
7218
7010
6687
6098
5935
5543
5118
4980
4777
4606
4454
4347
4213
4178
4035
4156
4034
4094
4107
4050
3954
4004
3882
3930
3996
3874
4000
3916
4042
3936
3916
4175
3982
4175
4060
4164
4183
4169
4168
4085
4275
4227
4177
4078
4131
4051
4241
4085
4234
4064
4227
4063
4170
4081
4103
4043
4136
4020
4081
4082
4068
3978
4071
4065
4032
4156
4186
4024
4186
4248
4058
4173
4296
4216
4347
4334
4283
4356
4389
4302
4359
4330
4416
4353
4438
4412
4496
4414
4552
4420
4424
4343
4351
4429
4237
4114
4063
4120
4141
4170
4177
4155
4142
4176
4210
4182
4261
4181
4351
4287
4374
4341
4255
4549
4375
4429
4461
4652
4418
4520
4475
4285
4289
4238
4290
4017
4095
3874
3881
3989
3888
3842
3602
3682
3680
3692
3601
3624
3505
3643
3711
3529
3687
3497
3583
3695
3607
3677
3669
3675
3613
3639
3631
3707
3624
3663
3755
3677
3785
3733
3826
3725
3730
3674
3630
3553
3477
3383
3486
3399
3440
3445
3433
3312
3292
3179
3329
3091
3165
3186
3250
3293
3192
3237
3200
3259
3484
3320
3335
3342
3299
3397
3474
3387
3526
3463
3448
3505
3563
3478
3534
3517
3473
3537
3500
3443
3516
3632
3513
3428
3393
3226
3315
3213
3166
3121
3061
3066
2883
3100
2802
2929
2844
2804
2814
2651
2721
2773
2701
2712
2677
2690
2700
2630
2699
2559
2662
2622
2579
2640
2663
2584
2525
2521
2608
2607
2640
2601
2495
2645
2475
2526
2555
2533
2493
2553
2455
2599
2474
2532
2473
2471
2433
2548
2495
2487
2493
2533
2431
2301
2481
2471
2383
2490
2539
2458
2417
2459
2425
2385
2423
2348
2442
2466
2370
2341
2413
2447
2409
2400
2458
2410
2501
2393
2396
2446
2477
2434
2537
2482
2566
2553
2625
2436
2649
2706
2660
2784
2812
2770
2826
2940
2872
2857
2996
3003
2940
3003
2965
2932
3006
3006
3071
2963
2932
3038
2956
2993
2957
2847
2900
2837
2661
2739
2695
2551
2575
2448
2424
2311
2344
2249
2237
2228
2219
2182
2111
2128
2068
2005
1961
1981
1962
1978
1959
1895
1942
1966
1927
1966
1960
1915
1877
1963
1927
1929
1920
1904
1881
1962
1945
2007
1986
1944
1956
2050
1928
2051
2025
2008
1955
1999
2004
2062
2035
2154
2038
2119
2110
2085
2130
2052
2101
2078
2042
2141
2063
2069
2082
2151
2097
2057
2032
2014
2020
1982
1913
1957
1957
1967
1907
1950
1937
1880
1827
1861
1853
1929
1942
1759
1793
1712
1780
1768
1761
1711
1736
1683
1694
1676
1583
1695
1701
1647
1672
1601
1662
1631
1537
1675
1561
1701
1628
1645
1491
1570
1588
1523
1646
1535
1584
1541
1575
1480
1539
1487
1452
1496
1599
1517
1453
1495
1577
1538
1510
1537
1487
1523
1556
1519
1572
1472
1557
1520
1441
1508
1457
1542
1427
1507
1485
1530
1461
1581
1389
1523
1452
1496
1511
1448
1454
1533
1459
1506
1495
1419
1394
1436
1439
1473
1476
1468
1441
1470
1481
1434
1428
1400
1457
1397
1431
1452
1445
1425
1479
1358
1480
1497
1442
1467
1434
1384
1420
1369
1321
1343
1437
1425
1399
1382
1395
1366
1342
1332
1314
1436
1435
1343
1335
1368
1444
1392
1376
1366
1380
1334
1388
1356
1358
1290
1313
1375
1256
1309
1302
1286
1286
1343
1269
1298
1301
1311
1246
1272
1308
1241
1307
1239
1283
1227
1237
1292
1282
1267
1243
1210
1324
1285
1237
1230
1210
1217
1249
1254
1239
1205
1207
1183
1235
1230
1284
1245
1184
1221
1231
1247
1190
1156
1201
1204
1234
1195
1225
1143
1220
1198
1202
1232
1195
1175
1211
1194
1251
1223
1179
1166
1181
1163
1191
1208
1161
1232
1149
1175
1265
1147
1214
1169
1150
1194
1178
1122
1234
1217
1124
1147
1129
1193
1161
1147
1170
1148
1067
1160
1032
1199
1150
1140
1142
1221
1105
1112
1147
1135
1102
1089
1087
1134
1136
1102
1088
1135
1087
1058
1060
1107
1112
1047
1035
970
1017
1049
1013
1014
1074
1092
960
1025
1042
1056
1041
999
997
1030
1008
955
1027
980
971
992
946
995
912
990
986
989
968
1001
1002
1017
927
938
929
949
927
943
930
966
964
965
923
925
939
882
873
919
920
908
931
931
962
920
935
907
887
899
878
944
923
919
885
862
898
835
869
866
894
883
908
847
786
908
836
850
868
882
879
877
865
911
850
881
862
842
921
905
834
823
867
841
865
875
813
845
811
775
865
804
813
843
810
879
813
792
857
831
792
818
770
779
813
802
782
797
803
779
762
816
737
740
769
769
769
758
734
737
697
739
731
645
716
705
702
720
679
702
654
688
712
675
660
642
710
657
642
624
664
680
657
684
636
644
601
624
613
651
589
614
632
631
648
593
605
604
655
624
580
578
662
651
597
574
607
579
594
610
562
534
549
600
598
528
577
596
598
588
542
521
555
560
553
547
517
540
546
494
550
494
486
537
538
537
501
463
530
528
526
527
520
532
505
493
495
488
466
549
507
520
483
500
475
486
519
463
494
486
480
454
520
439
459
487
468
461
462
470
498
471
473
460
462
459
458
476
467
454
445
432
435
434
461
432
462
501
468
438
429
451
441
429
478
449
485
496
493
451
403
462
485
467
437
443
416
466
464
460
440
436
450
472
467
458
475
504
511
535
492
524
479
509
504
546
518
501
525
550
597
538
546
560
557
608
589
643
641
577
605
596
627
641
636
608
675
641
696
684
703
725
737
770
719
787
752
759
705
777
793
775
843
819
913
820
839
833
843
829
823
787
872
842
813
878
873
775
824
836
846
790
754
791
777
795
754
793
734
729
778
762
709
758
742
657
681
700
718
659
699
663
651
613
590
572
618
544
583
524
524
539
534
540
499
512
487
456
520
461
494
441
439
436
406
486
438
431
413
394
386
415
393
389
385
385
363
384
363
353
383
307
339
353
361
358
318
328
348
348
321
334
303
308
312
309
316
345
306
319
301
336
287
331
317
328
316
333
309
349
286
291
292
326
307
272
329
273
306
289
301
297
301
293
292
292
262
298
275
264
295
324
274
268
289
291
303
290
277
256
278
288
263
257
273
261
262
279
290
272
277
259
268
286
278
267
290
302
283
294
306
254
270
257
272
272
251
283
281
278
252
290
279
255
260
281
285
266
295
267
287
265
277
273
255
275
265
272
305
325
282
267
272
283
263
294
295
289
286
286
279
299
276
290
274
278
324
282
285
297
256
299
284
303
272
289
291
325
285
294
294
260
292
273
261
262
267
282
289
313
310
287
318
260
278
259
268
295
272
249
291
293
303
262
271
282
257
277
279
265
257
271
280
252
283
283
237
234
247
253
254
237
271
257
259
244
272
257
246
242
248
260
230
218
255
242
226
240
233
249
255
206
233
237
207
228
250
237
234
232
207
238
206
241
219
222
234
204
211
217
243
219
222
239
244
204
199
204
232
219
218
228
215
227
226
209
205
223
214
222
217
220
231
237
195
212
209
192
194
180
198
198
202
225
189
199
215
190
189
220
192
195
202
184
247
227
207
204
202
182
210
204
178
200
194
199
201
205
186
198
181
178
216
178
215
177
212
188
212
187
199
170
211
191
181
176
224
175
196
156
194
205
172
214
176
169
174
202
203
196
188
198
174
188
186
185
197
197
181
197
197
169
215
203
185
183
188
206
177
186
216
190
199
181
141
197
208
178
171
197
189
198
206
204
205
200
195
186
195
181
208
198
166
183
177
183
167
179
210
204
184
218
178
179
168
188
195
179
198
169
176
209
222
185
216
198
176
174
199
187
186
175
177
199
193
183
186
186
194
207
218
180
201
179
194
189
200
191
205
208
212
185
192
175
200
168
175
183
217
197
174
186
187
179
169
182
203
164
188
182
186
158
195
169
177
211
172
203
183
174
203
193
172
177
206
191
179
184
199
189
208
169
176
180
177
186
192
194
171
168
173
186
178
188
195
172
179
162
170
167
165
172
178
169
167
167
188
181
194
176
177
179
172
173
171
175
157
170
169
168
180
181
180
151
172
194
169
184
174
154
154
148
167
160
153
148
174
168
159
164
174
150
159
177
148
170
162
162
151
172
159
158
183
151
158
165
170
163
150
160
156
155
152
162
147
179
174
176
168
180
161
139
155
156
154
176
133
167
140
175
169
166
168
149
150
163
137
153
157
147
156
159
144
177
163
146
162
146
140
186
157
148
137
126
163
178
175
163
135
159
154
138
149
166
154
159
136
134
151
141
136
137
140
152
157
136
138
162
139
138
134
155
147
126
139
132
160
163
121
158
142
134
143
130
138
165
142
144
152
141
150
133
137
142
114
137
150
146
132
137
155
139
146
133
151
140
136
151
148
102
140
154
146
145
133
129
125
122
160
136
164
133
136
113
119
123
131
143
131
136
126
143
154
126
150
143
114
134
144
129
154
136
165
126
148
128
134
146
150
130
133
147
130
146
135
143
140
120
149
134
110
155
141
141
142
134
134
122
108
142
144
139
139
153
131
130
164
154
137
153
148
134
145
157
139
148
138
151
158
149
139
148
178
140
160
176
156
167
167
159
136
157
143
180
170
141
158
164
151
163
178
163
162
153
141
153
153
173
146
154
137
153
179
183
147
172
151
145
186
137
157
171
153
136
133
143
166
132
149
173
152
164
147
167
155
146
140
141
143
142
139
140
159
132
129
120
161
145
127
139
141
131
141
123
146
132
135
142
133
100
142
117
142
107
140
125
128
111
101
114
137
116
106
120
146
114
107
121
104
128
137
108
130
126
105
119
115
128
126
96
111
98
116
130
130
102
106
102
113
123
126
109
120
99
99
124
99
120
108
118
107
110
96
123
110
102
116
117
103
103
88
108
108
135
99
93
90
104
104
113
113
96
121
105
106
94
103
99
99
93
100
117
97
105
92
85
106
98
102
106
110
98
107
106
87
106
107
109
88
106
94
96
104
115
$ROI:
24
326 361
329 353
607 633
827 855
828 856
872 900
1208 1258
1345 1375
1418 1448
2436 2526
3229 3279
3607 3645
6449 6521
6459 6531
6463 6535
6464 6536
6467 6539
6471 6543
6482 6526
6489 6513
6497 6521
12997 13047
12999 13049
13000 13050
