$SPEC_ID:
GAMWIN
$SPEC_REM:


$DETDESC:

$DATE_MEA:
12/10/2025 07:43:13
$MEAS_TIM:
177721.94 179771.00
$MCA_CAL:
3
1.32118272781372E+001 1.29107522964478E+000 0.00000000000000E+000
$DATA:
0 2047
0
0
0
0
0
0
0
0
0
0
0
0
0
0
0
0
0
0
0
0
0
3850
3704
3566
3729
3653
3733
3759
3673
3643
3610
3580
3383
3441
3386
3352
3365
3391
3476
3360
3359
3444
3433
3464
3463
3493
3435
3332
3571
3827
3826
4161
4315
4402
4631
4807
4771
4934
4987
5007
5009
5059
4968
4903
4808
4688
4615
4364
4126
4094
3851
3570
3391
3166
2947
2746
2575
2458
2386
2258
2107
1997
1885
1837
1593
1646
1535
1467
1378
1277
1292
1260
1296
1210
1269
1203
1224
1173
1142
1147
1136
1203
1173
1170
1077
1196
1123
1122
1156
1182
1201
1078
1178
1154
1125
1206
1166
1226
1160
1185
1199
1201
1133
1173
1201
1177
1226
1205
1157
1185
1170
1180
1151
1135
1224
1181
1109
1185
1129
1110
1124
1098
1149
1133
1195
1155
1128
1184
1186
1197
1192
1280
1224
1167
1208
1242
1239
1214
1186
1256
1135
1257
1249
1221
1213
1255
1250
1254
1213
1237
1195
1279
1261
1196
1208
1225
1131
1234
1130
1138
1134
1164
1118
1212
1140
1127
1239
1169
1229
1281
1241
1211
1254
1236
1231
1224
1226
1272
1234
1219
1257
1228
1263
1238
1183
1189
1190
1145
1140
1129
1120
1097
1027
1067
1003
1047
1044
1091
1048
1009
963
1001
1061
973
1033
1002
997
1025
970
1006
1028
1063
1002
1005
1092
1022
1038
1042
1043
1062
1070
1081
1042
991
1007
1016
1029
993
973
960
982
942
983
958
925
878
985
937
908
887
838
881
880
894
921
843
891
846
895
892
930
955
885
895
878
987
919
970
940
992
957
931
960
953
933
978
985
979
947
1008
941
935
955
960
871
899
930
920
875
907
845
832
784
806
868
848
801
775
785
814
778
783
768
704
705
787
767
747
771
695
727
709
710
659
728
716
707
724
726
765
707
692
748
738
696
711
713
739
698
690
715
690
706
642
733
712
732
708
650
706
706
685
670
661
690
703
677
675
689
701
699
670
680
674
680
671
632
666
686
650
690
727
659
689
665
627
726
693
701
656
671
697
668
679
682
722
680
752
742
725
778
743
705
728
780
757
799
769
739
830
854
828
845
807
847
806
829
841
849
820
837
888
861
862
857
793
868
822
823
749
794
758
764
754
669
741
707
661
677
616
653
613
604
612
582
596
599
591
560
566
555
550
570
540
545
538
523
526
528
507
501
559
530
562
552
531
544
523
521
563
541
542
601
566
571
531
544
590
549
590
576
578
590
581
595
568
611
588
548
608
607
576
589
585
590
560
590
611
629
624
580
553
566
579
565
597
536
534
559
594
530
471
519
579
565
514
509
483
496
469
490
463
491
503
501
501
484
477
503
468
440
449
462
498
465
458
436
440
478
479
448
476
445
451
427
444
446
430
437
448
505
414
446
468
419
393
447
401
434
423
417
436
390
423
443
411
405
424
405
457
432
371
454
389
440
409
440
388
470
407
393
410
412
435
407
377
425
413
452
425
404
394
435
385
399
444
457
417
435
391
405
408
385
387
416
446
386
405
407
420
450
407
372
379
419
382
406
384
394
361
417
395
382
410
392
426
424
415
416
400
418
390
384
378
375
391
358
353
387
400
409
376
406
363
373
363
393
364
367
370
382
372
333
388
359
382
342
389
407
368
362
362
357
363
367
379
366
392
350
351
354
348
375
353
373
341
369
358
353
341
355
361
380
341
329
374
369
366
386
341
361
346
366
377
367
339
316
317
354
341
351
324
327
343
371
341
311
359
336
383
348
333
335
327
350
314
333
341
364
333
352
378
324
339
351
332
326
339
365
297
330
300
351
335
330
311
312
335
302
314
339
311
330
320
319
350
317
291
305
333
346
320
318
312
308
305
294
322
338
296
310
322
329
326
327
335
320
307
287
307
272
299
291
322
318
287
308
289
295
300
310
280
304
271
283
304
299
305
282
268
266
281
307
313
283
248
265
306
255
243
283
267
298
282
237
274
249
286
264
297
282
267
279
280
244
270
295
279
237
243
251
247
274
260
247
245
253
251
234
249
265
261
230
258
261
237
232
263
251
237
206
244
233
239
246
227
249
255
234
236
248
254
231
246
235
216
236
220
241
265
224
210
245
251
246
239
264
249
216
228
257
256
237
227
212
216
229
232
238
229
210
222
239
243
246
216
230
231
214
237
244
220
223
235
199
227
201
228
203
230
229
218
187
186
189
219
190
182
186
193
220
205
198
206
190
195
206
192
193
208
161
190
187
191
164
199
169
187
163
186
160
207
178
181
181
192
172
171
199
167
158
157
173
175
144
170
180
169
172
164
155
175
159
179
165
151
162
147
149
164
158
153
162
167
187
175
138
121
153
160
137
172
132
152
147
155
173
144
159
162
146
158
125
153
120
168
137
133
128
139
133
122
140
150
135
132
141
156
138
149
123
142
139
119
121
111
147
139
135
140
110
122
138
122
121
123
145
127
137
146
119
117
138
131
106
122
139
129
136
121
127
125
154
115
118
124
129
131
110
122
135
133
139
115
100
127
121
134
125
128
119
139
108
139
122
131
155
115
120
128
132
116
117
111
162
119
131
131
141
154
134
143
142
126
146
144
135
138
159
139
116
138
165
154
141
154
147
159
135
163
172
178
180
155
155
177
212
186
177
171
196
216
196
216
193
199
200
198
224
229
215
222
230
233
206
220
238
223
243
243
216
218
217
217
230
253
222
197
244
208
234
231
228
216
237
244
216
210
227
208
219
196
236
190
222
229
214
184
199
198
188
205
185
167
185
161
174
169
197
168
176
161
152
161
167
161
153
136
155
130
132
97
147
139
118
135
128
137
126
114
119
96
104
112
112
116
105
112
117
106
116
93
113
102
94
83
106
93
87
94
98
77
103
91
79
84
109
108
87
84
78
94
92
75
86
81
79
96
90
74
87
98
101
85
94
68
79
89
81
73
85
75
71
79
88
77
84
75
77
96
80
66
89
81
86
83
76
84
82
72
90
63
66
80
58
79
67
75
62
67
84
76
69
79
68
79
84
79
75
82
58
71
89
75
74
81
82
79
87
68
55
83
65
69
83
69
77
66
59
79
87
84
84
75
82
73
74
69
78
65
84
73
74
75
77
89
79
65
66
74
81
76
65
89
78
93
86
73
73
78
72
83
78
80
81
75
85
80
68
83
95
89
70
74
77
85
87
91
106
75
60
77
92
92
81
80
61
84
90
81
73
78
91
96
77
75
82
85
73
79
84
72
78
65
74
75
73
75
66
57
67
60
49
69
65
57
73
76
82
59
66
68
74
68
63
75
62
60
68
76
70
76
68
52
56
59
68
63
95
88
67
76
75
60
75
46
68
70
61
62
64
62
68
56
73
66
69
58
65
73
75
74
50
74
53
69
68
55
50
63
60
47
70
62
74
54
66
71
70
66
69
78
51
70
63
56
42
58
81
49
63
61
42
66
57
41
58
56
57
51
53
54
66
65
55
48
51
57
58
50
60
61
57
49
50
48
51
47
64
65
55
45
51
54
55
42
63
57
56
64
45
57
60
52
68
58
58
69
34
51
55
41
49
47
51
44
49
49
54
44
47
52
41
63
43
47
45
59
69
47
57
67
56
46
46
53
60
48
51
47
54
54
57
51
56
58
44
56
54
56
47
53
59
44
46
42
55
62
59
49
62
47
49
64
46
49
34
48
46
57
51
66
55
42
50
58
58
53
47
48
54
48
48
62
56
61
55
47
57
45
57
52
61
49
57
62
53
60
57
57
54
56
50
51
51
71
55
54
42
55
63
61
58
50
53
59
59
46
56
40
40
42
60
38
44
59
46
58
37
52
53
46
49
51
47
44
62
53
52
51
43
49
50
51
57
50
51
66
63
45
62
43
60
40
57
56
49
46
54
40
43
37
38
44
43
51
61
44
53
53
58
53
50
46
59
48
56
48
43
49
48
40
47
43
51
44
41
48
33
52
42
41
38
35
57
43
47
55
47
35
57
36
39
59
47
43
45
42
54
50
56
53
50
46
44
48
54
41
56
47
30
54
38
41
44
50
43
48
40
51
51
47
40
53
50
47
53
44
57
51
35
52
42
52
45
45
54
40
54
48
58
51
42
49
44
55
42
43
46
41
52
46
44
38
39
50
47
47
45
46
31
40
45
42
38
45
38
29
39
58
29
35
47
37
30
49
34
43
32
41
44
50
41
40
42
36
37
24
46
50
46
36
35
42
44
42
29
32
36
30
33
38
40
39
31
40
42
39
37
41
49
53
44
45
45
35
36
41
29
42
39
35
33
38
36
38
45
34
35
43
53
44
35
44
35
40
32
53
42
45
38
28
38
26
33
49
41
41
47
38
44
42
39
36
45
30
39
32
30
32
36
47
29
31
29
32
34
43
35
44
35
35
31
33
35
38
39
37
32
33
37
43
22
32
48
31
36
36
38
40
26
35
27
36
49
34
41
40
41
35
37
30
27
36
40
37
37
44
43
58
46
37
29
32
30
38
33
38
39
39
29
28
44
40
31
37
43
40
41
39
53
50
35
47
36
42
37
38
36
39
42
35
31
34
29
44
40
44
46
44
45
45
38
42
38
38
41
46
50
41
46
41
31
37
38
45
42
45
45
47
41
42
37
35
39
43
33
46
41
32
39
38
36
33
51
38
52
46
39
41
43
45
30
30
24
39
43
40
40
35
36
32
33
37
37
34
38
36
42
43
31
29
35
39
31
29
41
21
27
32
40
24
33
38
39
38
27
29
34
30
31
32
31
35
21
45
34
29
36
41
44
34
25
24
30
26
39
38
36
27
23
43
39
29
37
27
32
38
$ROI:
43
143 193
144 194
424 531
429 529
440 544
440 545
440 549
443 544
443 553
490 516
604 1134
679 1395
690 1434
772 934
800 953
827 855
828 856
840 1946
849 1974
857 2002
872 900
880 1058
887 915
914 1083
1010 1038
1208 1258
1345 1375
1418 1448
2436 2526
3229 3279
3607 3645
6449 6521
6459 6531
6463 6535
6464 6536
6467 6539
6471 6543
6482 6526
6489 6513
6497 6521
12997 13047
12999 13049
13000 13050
