$SPEC_ID:
GAMWIN
$SPEC_REM:


$DETDESC:

$DATE_MEA:
12/07/2025 12:06:02
$MEAS_TIM:
1235.64 1267.71
$MCA_CAL:
3
1.32118272781372E+001 1.29107522964478E+000 0.00000000000000E+000
$DATA:
0 2047
0
0
0
0
0
0
0
0
0
0
0
0
0
0
0
0
0
0
0
0
0
359
392
377
482
545
609
617
618
633
600
552
535
566
549
525
564
620
621
608
661
651
721
720
771
720
801
759
774
837
866
957
929
976
914
966
990
1029
1001
1013
1066
1046
1027
987
1087
1042
1100
1048
1053
1175
1034
1118
1095
1119
1063
1080
1070
1003
1113
1090
1007
1022
1027
1073
1023
991
960
947
947
997
930
985
962
930
898
922
884
918
882
903
941
914
878
838
870
861
875
881
823
811
803
796
812
825
862
833
764
813
782
791
750
772
721
768
747
722
729
688
749
714
731
667
676
660
758
662
697
657
637
611
657
588
693
641
636
607
600
596
578
574
586
597
555
590
568
547
568
562
542
573
549
525
542
566
533
525
509
574
543
589
527
542
564
489
544
554
554
572
552
577
565
569
608
577
601
593
571
625
570
620
578
604
627
579
606
596
549
608
599
580
529
606
580
546
581
572
540
580
531
561
535
534
480
478
486
555
474
503
503
474
496
534
413
447
487
465
498
469
480
434
451
463
398
456
378
395
432
427
372
400
364
435
415
414
420
392
392
398
348
406
386
377
362
373
331
374
372
368
379
344
358
372
347
410
344
349
319
307
334
370
353
321
333
346
321
324
333
390
332
348
314
337
296
333
332
322
302
330
358
325
323
332
294
303
310
324
318
316
322
292
317
318
309
279
264
317
294
282
295
297
325
267
289
287
285
317
286
297
307
262
304
284
315
287
276
328
264
259
302
273
302
283
291
283
281
273
276
230
280
274
275
242
268
298
249
265
268
274
299
247
282
269
252
234
269
282
258
250
251
250
260
241
193
267
252
233
246
246
244
276
230
236
234
226
237
234
231
225
214
223
218
207
230
217
208
265
223
210
193
202
198
219
202
218
215
209
202
220
194
210
211
205
226
217
211
207
198
208
220
209
192
197
179
205
191
186
193
203
199
199
187
184
189
189
159
200
186
199
148
156
180
184
197
158
201
159
177
190
167
180
194
149
172
177
171
204
166
180
194
172
169
151
172
163
173
152
164
170
164
166
157
152
157
173
162
148
174
163
170
140
146
162
171
179
166
158
173
196
157
134
175
168
156
147
144
168
163
181
183
165
151
134
157
173
174
167
161
134
171
176
166
173
147
143
178
148
137
167
148
156
172
155
141
156
160
148
155
163
161
159
146
154
159
148
140
159
168
157
133
144
147
143
138
167
170
146
158
162
143
155
144
158
153
156
159
160
164
144
135
172
146
143
170
141
157
159
161
143
132
148
159
142
146
163
152
142
155
175
144
162
153
135
149
166
182
147
162
147
168
151
145
160
148
134
166
137
147
148
149
130
134
143
139
147
143
167
165
125
137
166
129
156
135
157
155
133
164
156
146
172
135
168
147
140
162
138
142
158
158
174
161
144
117
155
154
151
150
157
169
153
179
140
159
180
147
169
170
160
174
142
166
153
148
151
133
131
153
159
178
149
156
145
172
154
166
145
152
136
163
147
138
144
161
138
154
146
168
164
166
160
141
116
141
144
151
167
152
154
139
145
181
154
140
159
138
148
117
151
156
146
151
176
174
160
169
150
165
157
151
154
153
147
169
139
157
183
146
141
173
129
151
146
147
145
148
147
165
175
161
159
178
169
155
169
183
172
174
164
169
167
175
171
164
175
161
191
161
170
149
179
188
177
209
168
159
179
170
174
173
195
191
188
175
200
203
201
173
162
187
165
189
230
168
177
185
187
198
177
229
160
168
178
177
184
191
191
199
172
183
194
183
169
171
190
173
201
193
184
190
187
201
175
189
161
184
186
173
179
183
178
200
180
180
186
156
170
183
175
191
161
208
188
184
157
167
169
170
178
194
180
175
223
196
180
202
194
181
190
206
202
189
195
172
188
172
194
165
188
188
167
190
208
172
179
181
213
201
187
180
180
189
225
184
213
212
198
202
190
194
212
204
218
203
204
202
233
208
205
215
212
200
223
170
215
202
210
235
213
204
205
207
222
212
205
220
196
202
199
217
203
215
211
216
198
217
213
199
196
199
209
214
215
222
201
198
197
201
186
226
215
203
215
198
199
195
189
203
192
243
181
189
187
196
175
179
192
203
209
198
181
149
184
177
160
167
161
162
145
148
143
127
152
142
143
141
123
146
142
121
126
121
132
139
129
123
134
116
118
143
108
113
108
86
112
90
113
89
97
94
98
96
89
100
87
83
64
69
78
69
74
75
93
81
81
73
76
69
65
85
55
72
50
62
59
55
61
51
73
68
41
60
72
54
57
57
55
62
52
47
60
49
48
43
56
53
54
38
50
52
61
49
47
38
44
47
38
40
33
39
38
45
36
37
38
42
37
39
45
48
36
40
36
36
37
38
49
37
33
45
40
41
44
42
38
59
51
60
54
56
52
62
72
75
74
76
91
99
105
116
100
113
115
161
134
130
156
168
168
194
227
230
232
245
251
318
297
326
332
383
383
425
435
453
452
501
528
531
548
614
612
646
712
714
718
694
758
764
788
814
841
868
879
906
842
966
940
933
949
1017
949
963
949
947
973
996
993
993
985
974
979
965
888
884
900
868
938
936
826
786
814
707
676
740
704
714
658
646
580
562
600
561
488
519
473
488
440
390
400
325
349
378
317
281
275
276
254
232
239
203
201
158
190
175
155
132
122
114
124
109
106
83
91
88
84
74
69
63
80
45
57
52
44
42
35
30
30
27
22
28
17
12
20
19
18
13
19
14
13
12
8
14
8
4
4
9
7
9
6
3
7
6
3
3
0
4
2
5
2
2
5
5
2
0
3
0
1
2
1
0
1
1
2
3
4
1
6
3
1
2
0
1
0
1
3
2
1
1
2
4
1
1
1
0
2
2
1
1
2
3
1
1
2
0
1
1
1
4
0
1
3
1
0
0
1
0
0
0
1
1
0
2
0
0
1
1
2
3
0
1
2
0
1
0
0
1
1
0
0
0
0
1
3
0
1
1
3
0
0
0
2
0
1
1
0
0
1
0
0
0
4
1
1
1
2
1
0
1
1
0
2
1
0
0
1
1
1
2
1
0
1
0
1
2
2
1
0
1
1
2
1
0
5
0
0
0
2
0
1
2
1
1
2
0
1
3
0
0
5
2
1
3
0
1
0
1
1
0
2
0
1
2
0
0
0
1
1
0
1
0
1
0
0
0
1
0
0
0
1
2
0
1
1
1
0
2
0
0
0
0
0
0
1
0
1
0
0
1
1
0
0
0
1
0
1
1
0
1
1
1
0
1
1
3
0
0
0
2
0
1
1
2
1
1
2
1
1
2
2
1
1
0
0
2
0
1
1
0
3
0
1
0
0
0
0
0
0
0
0
0
0
1
0
1
0
1
0
0
0
0
0
1
0
0
2
1
0
1
0
0
2
0
0
1
2
2
0
2
1
0
0
0
2
0
0
1
0
0
0
1
0
0
1
0
0
1
0
0
0
1
0
0
0
0
0
1
2
0
0
0
0
1
0
0
0
2
1
0
0
1
2
0
1
2
0
0
0
0
1
0
0
1
0
1
0
1
0
3
1
1
0
0
0
0
0
0
1
0
0
0
0
0
0
0
0
1
0
2
2
1
1
0
0
1
0
1
0
0
0
0
0
1
0
1
1
0
2
1
2
0
0
2
0
1
1
1
1
0
0
0
0
0
0
0
1
1
0
1
1
1
0
2
0
1
0
2
2
0
0
0
0
1
0
0
0
0
0
2
2
1
1
0
1
1
0
0
0
0
1
0
1
0
0
0
1
1
0
1
3
2
0
0
0
0
2
0
1
0
0
1
0
0
0
0
0
0
0
0
0
2
0
1
0
0
0
0
0
1
0
0
0
0
0
1
0
0
0
1
1
1
1
1
1
1
0
0
1
0
0
0
1
1
1
2
2
2
1
1
1
0
0
0
1
1
0
0
0
0
0
0
1
0
0
1
1
2
1
1
0
2
0
1
0
1
1
0
1
2
2
1
0
1
0
0
0
0
2
0
0
2
0
0
0
1
1
1
2
1
1
1
0
0
0
0
0
0
0
1
0
0
0
0
1
0
1
0
0
0
0
0
0
0
0
1
0
0
0
1
0
0
1
1
2
0
0
0
1
0
0
0
3
2
0
0
0
0
1
1
0
0
0
0
1
0
1
0
0
1
0
0
1
0
1
0
0
0
1
0
0
0
1
0
0
0
0
2
0
1
1
1
0
0
1
0
1
0
1
0
1
0
0
1
1
0
0
0
0
1
0
1
0
0
0
0
1
0
1
0
0
0
0
1
0
0
1
0
1
0
0
0
0
0
0
0
0
0
0
2
0
0
0
1
0
0
0
0
1
0
0
0
0
1
0
0
1
0
0
1
0
0
0
0
0
1
0
0
1
0
0
0
0
0
0
0
0
0
0
0
0
1
0
0
0
1
0
0
1
2
1
0
1
1
1
0
0
0
0
0
0
0
0
0
0
0
0
0
0
0
0
2
1
0
1
0
0
0
0
0
1
1
0
1
0
1
0
0
1
0
0
1
0
0
0
0
1
0
1
1
0
0
0
0
0
1
0
0
2
1
0
1
0
0
1
0
0
0
0
0
0
1
0
0
2
1
0
0
1
0
0
0
0
1
0
1
0
0
0
0
0
$ROI:
43
143 193
144 194
424 531
429 529
440 544
440 545
440 549
443 544
443 553
490 516
604 1134
679 1395
690 1434
772 934
800 953
827 855
828 856
840 1946
849 1974
857 2002
872 900
880 1058
887 915
914 1083
1010 1038
1208 1258
1345 1375
1418 1448
2436 2526
3229 3279
3607 3645
6449 6521
6459 6531
6463 6535
6464 6536
6467 6539
6471 6543
6482 6526
6489 6513
6497 6521
12997 13047
12999 13049
13000 13050
