$SPEC_ID:
GAMWIN
$SPEC_REM:


$DETDESC:

$DATE_MEA:
12/06/2025 14:42:45
$MEAS_TIM:
9475.66 9713.37
$MCA_CAL:
3
1.32118272781372E+001 1.29107522964478E+000 0.00000000000000E+000
$DATA:
0 2047
0
0
0
0
0
0
0
0
0
0
0
0
0
0
0
0
0
0
0
0
0
2709
2885
3051
3444
3829
4328
4236
4333
4259
4124
4031
4018
3962
4175
4331
4556
5093
5657
6301
7254
8018
8479
8563
7924
7159
6681
6277
6097
6037
6134
6186
6518
6646
6959
7348
7469
7709
7897
7880
8343
9098
9894
11199
12811
15090
16959
18406
19465
19422
18090
16407
14131
12145
10487
9367
8935
8398
8319
7711
7099
6589
5988
5262
4791
4466
4235
4106
3958
4040
3963
4033
4063
3998
4101
4150
4192
4238
4166
4208
4248
4156
4237
4269
4168
4323
4353
4391
4339
4341
4435
4586
4442
4548
4690
4671
4615
4672
4883
4773
4918
4982
5043
5026
5232
5298
5265
5263
5177
5381
5424
5264
5146
5155
5204
5210
5096
5165
5068
4996
5004
5088
5099
5142
5047
5168
5342
5450
5686
5855
5979
6310
6453
6759
6701
6666
6734
6619
6420
6450
6307
5926
5683
5295
5252
5082
4613
4486
4382
4593
4175
4268
4104
4201
3973
4065
3937
4062
3987
3924
3901
3878
3953
3992
3942
4129
4146
4219
4343
4587
4734
5015
5026
5228
5629
5678
5787
6077
6098
5810
6017
5746
5726
5619
5415
5456
5089
4793
4729
4493
4328
4150
3994
3861
3606
3681
3653
3419
3327
3380
3315
3381
3505
3617
3691
3821
4057
4202
4553
4889
5094
5484
5766
5872
6323
6737
6696
7008
7177
7155
7440
7372
7398
7213
7145
7091
6908
6564
6253
6019
5629
5447
4958
4874
4391
4039
3988
3660
3358
3312
3215
3155
3010
2947
3170
3119
3414
3678
3777
4133
4360
4778
5173
5685
5763
6293
6660
7049
7332
7768
8058
8346
8652
8770
9041
8912
9120
9125
9086
9046
8837
8633
8300
7721
7456
6999
6760
6232
5844
5378
5084
4617
4195
3815
3434
3185
2771
2633
2342
2337
2091
2026
1830
1805
1694
1691
1546
1606
1589
1508
1544
1445
1398
1379
1412
1445
1368
1350
1289
1342
1308
1331
1247
1267
1186
1227
1160
1133
1141
1109
1142
1128
1126
1132
1092
1031
1039
1069
1071
1016
1025
1019
1062
1054
979
993
1011
1037
971
961
1044
1023
990
1019
1037
1009
972
1080
1063
1061
1000
1012
1035
992
1058
982
979
1068
1078
985
1021
950
1061
1049
993
967
973
983
993
1024
996
1009
929
954
972
971
947
959
972
947
942
931
872
921
924
932
894
873
871
893
870
918
881
872
947
846
873
846
933
885
914
876
864
835
807
849
853
832
811
833
854
861
837
770
818
839
836
843
761
817
830
847
862
852
897
918
955
938
1030
1010
1111
1134
1140
1211
1247
1331
1398
1613
1545
1679
1782
1934
1903
2083
2218
2375
2493
2669
2751
2790
3033
3146
3204
3472
3580
3673
3850
4010
4054
4352
4299
4329
4443
4417
4377
4505
4537
4494
4425
4411
4337
4360
4217
3995
4019
3773
3659
3518
3417
3240
3122
2881
2673
2614
2457
2350
2185
2030
1869
1718
1619
1520
1476
1393
1227
1219
1093
1021
1042
949
900
813
874
802
749
783
686
770
715
682
716
670
694
673
679
662
619
655
654
631
633
677
644
675
628
642
603
619
588
598
593
587
557
607
585
617
631
575
607
601
596
614
593
621
605
631
565
547
607
595
581
601
567
627
611
620
602
670
630
640
615
679
664
667
627
684
708
672
719
715
662
836
716
799
769
836
768
826
750
787
835
831
809
859
840
865
848
836
829
854
885
858
827
850
803
798
823
823
824
854
784
804
763
807
807
758
787
703
750
711
697
751
715
688
705
702
677
686
678
641
641
598
581
648
577
608
635
616
602
596
631
593
562
544
538
556
567
530
491
550
516
524
556
558
543
548
523
514
486
535
511
489
516
530
497
516
515
493
515
480
505
442
516
487
464
418
517
449
469
498
451
452
448
474
480
468
426
493
473
465
475
480
452
465
450
447
483
468
474
499
522
477
516
485
495
503
481
530
517
526
524
495
544
518
505
521
521
549
544
533
541
525
519
521
519
493
504
501
521
511
504
504
456
506
515
482
459
447
441
445
427
434
385
440
458
417
442
420
417
432
397
385
384
394
370
398
351
370
360
339
377
357
344
338
362
307
377
322
310
342
335
339
343
309
334
353
341
342
335
330
344
327
319
338
357
351
320
296
334
296
338
344
334
339
334
329
349
330
328
335
325
356
387
347
347
361
372
353
394
327
369
405
372
358
409
367
411
415
442
405
414
418
447
472
441
503
512
522
527
527
567
555
604
638
657
662
602
691
654
699
702
720
708
741
775
793
753
860
837
807
850
815
871
881
857
898
878
866
796
844
870
880
826
872
873
892
821
847
824
878
771
821
778
792
776
729
736
711
716
706
653
642
652
629
618
595
578
507
521
503
485
518
493
502
461
423
450
459
425
408
398
417
391
414
389
385
412
405
402
431
394
341
426
363
399
358
363
390
365
375
367
396
378
405
400
398
398
390
404
432
434
404
427
419
393
455
473
405
429
437
417
457
480
447
440
444
474
506
484
441
446
461
473
469
480
469
515
473
416
432
403
487
432
409
400
428
384
418
399
395
392
398
397
364
376
375
335
403
378
378
315
343
351
361
307
345
340
334
342
311
320
333
283
297
325
335
289
317
292
307
268
309
298
271
292
313
326
301
275
282
301
291
301
296
271
296
326
302
341
343
331
318
341
325
338
334
379
346
375
365
367
348
370
394
384
435
413
372
427
407
430
409
429
440
478
439
448
494
415
459
460
397
436
429
455
402
414
473
452
495
479
456
464
451
476
473
419
427
448
419
462
412
440
432
408
391
382
409
395
387
369
388
369
363
385
373
364
365
317
334
318
338
314
305
330
294
323
305
337
307
313
312
284
283
274
308
270
277
274
256
301
270
248
267
258
261
274
254
234
226
264
252
268
252
243
270
255
270
263
242
254
208
278
276
241
233
264
245
239
246
216
254
247
249
235
248
244
236
206
251
221
207
235
248
207
200
238
223
236
198
241
239
229
213
238
203
229
213
190
163
202
220
202
190
221
172
199
198
201
205
203
205
174
184
173
207
195
185
184
188
177
156
178
176
175
149
186
198
176
144
153
162
138
148
178
174
151
132
159
163
174
138
177
157
161
158
146
147
148
127
150
147
132
135
141
162
151
144
158
119
139
129
131
116
133
145
125
139
133
140
140
133
138
138
150
142
133
142
138
142
144
138
132
141
140
154
120
154
128
120
155
145
131
138
170
150
176
165
203
171
186
189
159
176
211
176
194
199
219
225
205
199
209
234
213
235
270
297
268
227
244
260
274
279
316
281
315
295
324
348
360
362
360
375
397
349
389
449
420
444
398
461
427
469
431
478
429
475
478
487
443
479
495
493
484
508
495
488
471
522
514
519
540
539
492
502
506
490
466
466
429
481
480
465
448
416
425
452
452
414
395
409
399
407
391
353
377
351
370
329
292
327
320
316
280
321
294
277
265
284
240
252
255
254
265
238
204
227
246
222
209
209
211
209
209
200
167
168
178
178
179
197
182
174
172
159
132
134
153
155
146
149
153
174
136
145
126
131
120
127
144
133
112
123
138
114
112
122
105
103
110
105
106
107
101
90
105
107
111
100
98
102
92
101
100
91
89
89
81
87
86
74
99
84
66
84
66
58
78
83
67
90
66
76
69
78
71
60
62
66
63
54
51
53
49
48
53
50
43
70
56
48
48
49
54
43
52
53
49
42
50
35
43
50
56
41
54
58
44
49
46
35
41
44
33
44
44
33
37
42
39
44
29
43
43
35
29
33
41
30
33
25
37
41
48
43
44
33
33
41
41
29
33
33
42
29
36
48
47
34
42
46
35
35
30
35
41
54
43
40
28
46
41
41
44
46
46
35
47
46
45
46
47
37
49
31
43
43
49
47
36
51
34
40
42
57
37
43
37
64
46
57
59
51
29
55
44
46
54
53
63
44
44
49
45
32
39
58
51
46
66
64
59
57
69
69
42
53
68
58
53
67
61
77
55
60
57
59
76
63
68
65
66
76
81
90
77
89
88
62
81
88
74
89
72
87
77
86
98
103
83
86
104
91
91
88
99
90
101
130
111
83
88
89
101
105
102
113
110
93
119
110
90
98
101
109
98
96
99
99
110
106
85
103
113
87
95
89
93
77
78
88
90
92
86
93
74
79
83
67
52
55
87
62
81
67
65
68
56
59
56
53
62
45
54
46
52
61
45
45
38
36
35
40
29
34
55
38
34
35
33
30
36
31
23
37
29
29
30
22
28
34
28
21
17
20
27
15
18
27
32
22
23
19
9
15
13
15
17
14
15
21
12
17
13
9
8
14
18
13
12
11
12
16
11
15
13
8
8
10
13
13
13
10
9
10
12
12
9
16
17
13
13
17
15
5
16
12
10
10
12
13
21
21
18
15
14
16
12
16
13
19
16
12
21
18
20
26
24
18
15
20
16
18
27
27
25
18
27
30
27
24
25
25
26
26
26
23
26
19
24
28
29
22
37
21
23
28
28
30
21
22
21
29
36
30
23
28
26
26
16
25
25
23
27
25
30
40
28
18
30
17
17
21
21
22
25
22
18
25
14
27
26
13
18
20
17
23
24
15
17
16
17
12
17
15
15
9
5
14
15
17
15
8
11
9
10
12
21
15
5
13
17
8
7
13
9
10
11
11
5
9
8
10
14
10
7
8
5
8
2
3
5
7
10
4
7
4
6
2
5
2
5
9
1
2
4
3
4
11
10
5
4
6
3
5
2
9
5
7
4
2
7
5
9
4
6
4
5
7
3
5
1
7
2
2
5
3
4
3
2
4
5
1
4
3
4
4
9
3
3
3
6
4
4
4
4
6
1
2
4
2
1
3
1
3
2
1
4
2
4
4
1
4
6
3
2
2
3
3
0
5
4
7
1
5
4
0
1
2
3
1
5
1
5
5
5
9
3
3
3
2
3
5
3
1
1
5
2
3
1
3
2
3
5
7
3
3
$ROI:
43
143 193
144 194
424 531
429 529
440 544
440 545
440 549
443 544
443 553
490 516
604 1134
679 1395
690 1434
772 934
800 953
827 855
828 856
840 1946
849 1974
857 2002
872 900
880 1058
887 915
914 1083
1010 1038
1208 1258
1345 1375
1418 1448
2436 2526
3229 3279
3607 3645
6449 6521
6459 6531
6463 6535
6464 6536
6467 6539
6471 6543
6482 6526
6489 6513
6497 6521
12997 13047
12999 13049
13000 13050
