$SPEC_ID:
GAMWIN
$SPEC_REM:


$DETDESC:

$DATE_MEA:
12/06/2025 17:28:43
$MEAS_TIM:
64703.96 66942.56
$MCA_CAL:
3
1.32118272781372E+001 1.29107522964478E+000 0.00000000000000E+000
$DATA:
0 2047
0
0
0
0
0
0
0
0
0
0
0
0
0
0
0
0
0
0
0
0
0
27239
29509
32944
37433
43287
48363
51111
49935
47488
45641
44138
42885
42681
43827
45003
47083
48554
50943
54061
57557
61024
64139
64952
64485
63474
62061
62718
64088
67476
72575
78484
84713
90344
95707
100118
103938
105556
108523
111638
116745
124897
137033
155670
178916
205619
229804
249673
258411
254221
238639
215025
189318
167148
150212
141129
138484
138377
138233
136376
131971
124476
116092
106443
96790
87151
79596
73205
69369
65810
63306
62017
61104
59788
58364
57073
55624
54535
53747
53176
52605
52355
52948
53707
55213
56992
59162
61269
63631
65911
67466
68676
69149
69086
68056
67035
65162
63637
61946
61111
59938
58822
58181
57656
57444
57346
57375
56716
56773
56693
56078
55858
54804
54355
53633
52999
52387
51479
51413
50884
50561
50074
49599
49521
48994
48698
49054
48778
48534
48602
48696
48287
48598
48924
48448
48488
48500
48704
49046
49160
49573
49991
50803
51572
52867
54120
54968
56289
57981
58460
59779
60797
60518
61135
60843
61001
60567
60528
60824
60171
61006
61407
64448
67093
72588
78445
85980
94835
104847
116051
126588
138569
148174
157458
164847
170586
174679
174931
173911
170695
165810
159316
151461
141734
131124
121913
111698
100101
90615
81416
72917
65512
59331
53210
49044
45715
42857
40222
39124
38214
37045
36811
36186
36222
36075
35712
35415
35246
34851
34519
34591
34028
33285
32830
32462
32028
31463
31388
31528
30586
30193
29824
29638
29371
28954
28662
28403
28211
27817
27862
27863
27619
27467
27738
27874
27911
28699
29099
29559
30048
31036
31825
32886
33946
34854
35468
36709
37885
38725
39171
39721
40163
41388
41048
41293
41369
41448
41164
40006
39559
38952
38052
36473
35449
34271
32364
31445
29947
28416
27062
25489
24569
23176
21652
20773
19894
18922
18155
17819
17038
16313
16343
15742
15612
15289
15208
15128
14639
14801
14969
14733
14724
14555
14457
14582
14560
14297
14478
14483
14772
14617
14640
14652
14456
14354
14552
14571
14363
14516
14289
14464
14571
14200
14314
14283
14137
14055
13885
13849
13690
13792
13657
13315
13150
13344
13384
13201
13193
12879
13012
13090
12941
13065
13179
12925
13461
13439
13603
13681
13635
14068
14047
14158
14179
14289
14514
14704
14858
15021
15279
15480
15383
15292
15527
15425
15475
15476
15624
15498
15206
15365
15397
15190
15325
14908
14960
15018
14826
14795
14900
14972
14779
14572
14758
14919
15063
15453
15118
15311
15370
15551
15606
16180
15822
16279
16119
16634
16455
16530
16616
16630
16646
16582
16748
16803
16334
16250
15956
15844
15511
15431
15203
14927
14608
14739
14386
14023
13739
13652
13414
13438
13183
13141
13320
13641
13491
13883
14074
14248
14611
15236
15355
16012
16548
17054
17801
18561
19229
19833
20153
20884
21943
22688
23447
24153
25098
25826
26453
27035
27634
28433
28680
29134
29659
29974
30455
30368
30424
29863
30389
30107
29354
28842
28399
27508
27040
26400
25502
24574
23798
22776
22275
21185
20253
19537
18217
17594
16838
15885
14893
14396
13762
13155
12572
12032
11446
10855
10576
10259
9810
9501
9222
8965
8703
8511
8508
8134
8219
8130
7824
7946
7997
7746
7652
7634
7639
7539
7556
7459
7295
7422
7472
7533
7372
7358
7460
7487
7431
7397
7301
7402
7433
7390
7378
7479
7291
7413
7403
7365
7506
7372
7323
7346
7668
7524
7314
7640
7718
7761
7805
7950
8025
7948
8179
7875
8295
8435
8454
8511
8624
9043
8930
8926
9212
9097
9330
9542
9754
9638
9672
9973
9941
9813
10128
10210
10168
10281
10208
10162
10105
10010
10020
9999
10030
9661
10001
9529
9490
9597
9361
9370
9329
8940
8990
9001
8828
8500
8542
8534
8466
8441
8307
8370
8242
8184
8120
8285
8142
8186
8005
7974
7977
8071
7975
8092
7916
8031
7786
7864
7991
7869
7867
7818
7780
7731
7556
7723
7595
7559
7534
7528
7465
7408
7404
7385
7250
7093
6984
7024
7005
6968
6829
6815
6829
6796
6748
6703
6566
6539
6638
6388
6496
6559
6621
6428
6586
6583
6449
6543
6616
6707
6796
6708
7078
7009
6915
7015
7203
7232
7291
7266
7510
7576
7517
7793
7874
7791
8175
8191
8222
8593
8524
8687
9071
9066
9184
9344
9585
9839
10125
10376
10778
10874
11433
11229
11782
12274
12412
12431
12718
13298
13400
13734
13933
14669
14505
14898
14881
15210
15509
15467
15711
15872
15854
15906
15777
16117
15817
15861
16041
16047
15824
15493
15563
15407
15296
15113
14966
15133
14862
14870
14536
14640
14135
14124
14216
13887
13834
13958
13611
13530
13634
13208
13346
13365
13218
13009
13013
13044
12890
13014
12583
12813
12532
12756
12442
12422
12463
12201
12089
11850
11661
11559
11472
11218
11034
10788
10484
10295
10010
9742
9405
9186
9072
8739
8411
8044
7822
7551
7331
7062
6834
6535
6442
6022
5825
5682
5420
5192
5096
4769
4533
4633
4419
4345
4107
3899
3802
3695
3635
3608
3429
3234
3247
3236
3138
3065
2988
2985
3008
2934
2923
2850
2820
2808
2835
2831
2735
2751
2745
2763
2786
2643
2716
2866
2705
2689
2730
2750
2681
2749
2728
2723
2682
2803
2744
2807
2783
2749
2699
2719
2757
2877
2791
2795
2835
2790
2802
2822
2823
2805
2827
2802
2857
2847
2792
2853
2896
2786
2838
2813
2722
2870
2730
2757
2765
2721
2760
2780
2693
2730
2677
2698
2756
2758
2711
2609
2593
2716
2714
2633
2576
2507
2528
2522
2387
2501
2480
2475
2493
2359
2397
2351
2368
2334
2258
2222
2220
2183
2196
2252
2128
2174
2143
2143
2049
2063
2017
2052
2022
1963
1927
1960
1929
1890
1863
1871
1851
1918
1785
1805
1860
1806
1809
1762
1761
1805
1790
1744
1740
1756
1741
1838
1771
1763
1751
1775
1774
1691
1719
1711
1683
1690
1671
1697
1624
1683
1726
1657
1658
1712
1745
1627
1720
1665
1692
1639
1698
1656
1714
1726
1659
1681
1662
1608
1647
1667
1726
1740
1673
1728
1643
1619
1727
1638
1651
1568
1679
1582
1630
1606
1546
1576
1599
1582
1549
1616
1549
1621
1648
1563
1491
1514
1542
1518
1543
1523
1486
1486
1504
1532
1486
1518
1529
1459
1422
1545
1469
1471
1381
1433
1449
1466
1417
1375
1411
1445
1430
1376
1397
1358
1394
1404
1340
1368
1348
1391
1340
1333
1261
1304
1337
1300
1329
1293
1333
1280
1321
1333
1343
1281
1279
1316
1331
1410
1294
1310
1306
1245
1274
1345
1314
1293
1282
1298
1341
1250
1299
1241
1290
1370
1282
1292
1294
1285
1311
1206
1279
1297
1301
1331
1250
1254
1279
1309
1237
1284
1332
1297
1286
1282
1353
1288
1348
1223
1291
1272
1364
1300
1345
1287
1319
1329
1249
1265
1304
1354
1324
1334
1298
1342
1362
1305
1347
1312
1378
1323
1365
1375
1411
1402
1443
1404
1348
1392
1452
1392
1412
1411
1450
1383
1420
1456
1458
1448
1500
1431
1478
1463
1467
1496
1452
1439
1497
1493
1531
1537
1430
1463
1450
1517
1485
1454
1529
1460
1581
1458
1537
1542
1442
1519
1493
1469
1538
1488
1510
1560
1481
1469
1556
1512
1498
1588
1559
1518
1591
1568
1540
1536
1593
1607
1569
1586
1661
1603
1657
1707
1686
1675
1695
1739
1790
1750
1736
1844
1872
1861
1897
1893
1954
1897
2038
2063
2026
2074
2205
2233
2214
2159
2214
2250
2349
2292
2294
2343
2354
2447
2477
2460
2478
2472
2374
2483
2514
2520
2521
2557
2603
2481
2517
2534
2566
2579
2620
2551
2533
2560
2550
2495
2519
2488
2472
2442
2568
2492
2416
2407
2463
2457
2374
2254
2390
2268
2270
2274
2363
2243
2318
2263
2173
2137
2182
2167
2058
2130
2030
1970
2025
1963
1854
1989
1790
1857
1829
1800
1713
1693
1686
1728
1722
1602
1555
1559
1532
1416
1538
1564
1471
1427
1345
1354
1387
1371
1302
1330
1345
1277
1310
1350
1251
1198
1217
1227
1303
1237
1139
1084
1131
1116
1130
1141
1136
1105
1098
1087
1038
1091
1065
1104
1033
1060
1039
1049
1024
1069
1047
1004
1013
1018
990
983
1017
1006
992
1021
990
1014
1037
1007
929
1021
929
958
1005
995
1014
975
1025
1004
923
993
929
993
948
1013
978
930
1021
977
1001
991
993
975
1010
958
977
955
921
992
945
957
1000
950
947
955
979
961
940
1014
983
930
967
908
964
1008
995
1004
909
954
1013
1011
1004
961
957
969
958
963
998
966
954
930
914
923
991
962
936
922
952
905
941
971
1011
962
1018
909
920
962
897
928
933
869
948
953
901
963
902
951
967
934
943
932
937
926
985
929
898
942
976
1002
960
886
945
931
933
917
962
921
940
895
946
960
905
874
868
917
925
899
961
911
914
937
876
944
884
909
875
934
885
899
901
919
931
947
926
877
944
929
860
862
936
885
860
851
813
883
850
927
877
875
916
883
892
905
919
837
907
928
880
909
956
909
879
872
875
871
911
890
908
880
908
923
876
842
841
863
896
904
902
878
855
890
859
861
924
954
888
866
869
880
868
910
900
909
890
875
833
898
874
886
878
852
873
904
908
917
924
903
963
870
875
923
945
946
920
945
894
915
982
986
985
995
1011
960
969
991
989
1090
1051
1022
1022
1052
1061
1110
1075
1115
1131
1110
1162
1212
1209
1162
1193
1219
1220
1327
1251
1299
1297
1327
1356
1388
1372
1408
1438
1414
1532
1489
1467
1603
1502
1523
1620
1614
1613
1679
1655
1715
1709
1705
1709
1700
1714
1850
1729
1825
1859
1748
1741
1821
1823
1715
1696
1797
1826
1776
1782
1717
1811
1730
1755
1844
1688
1771
1725
1715
1666
1714
1725
1611
1663
1620
1582
1687
1599
1637
1570
1557
1497
1567
1474
1452
1489
1445
1515
1476
1366
1459
1500
1382
1421
1392
1364
1422
1401
1331
1347
1367
1339
1269
1304
1359
1337
1326
1308
1272
1272
1253
1289
1254
1314
1242
1220
1248
1217
1254
1273
1225
1285
1221
1220
1262
1265
1236
1234
1253
1281
1218
1209
1322
1168
1213
1249
1284
1213
1282
1224
1198
1266
1242
1228
1194
1210
1266
1329
1159
1246
1191
1237
1261
1230
1241
1241
1241
1259
1275
1256
1242
1166
1174
1184
1216
1206
1206
1254
1244
1263
1174
1171
1216
1195
1175
1169
1222
1176
1221
1145
1182
1186
1295
1207
1135
1206
1223
1150
1160
1136
1201
1158
1143
1072
1211
1105
1112
1149
1160
1141
1069
1107
1147
1113
1026
1087
1066
1063
1110
1036
1044
1083
988
1043
1058
1014
997
946
954
1015
937
948
951
986
912
900
934
909
922
911
859
907
829
912
859
841
913
816
841
791
862
798
791
798
802
745
749
789
750
755
749
785
746
712
665
701
697
740
662
707
705
607
729
652
618
630
671
656
629
609
599
635
619
597
598
595
614
584
600
554
571
562
603
561
560
582
528
534
560
538
545
559
485
538
513
520
503
546
459
490
528
479
496
464
513
493
505
481
484
505
532
463
480
488
452
471
467
512
500
492
489
530
475
537
514
503
494
513
512
539
582
550
543
524
589
549
605
598
628
639
671
632
705
680
750
755
745
778
792
856
812
920
980
966
1051
1004
1090
1151
1216
1250
1248
1297
1349
1390
1475
1508
1525
1551
1711
1623
1627
1801
1848
1837
1958
2060
2106
2110
1989
2125
2261
2235
2332
2428
2500
2464
2549
2684
2572
2730
2854
2833
2802
2926
2933
3034
3037
2992
3170
3047
3027
3063
3063
3128
3079
3141
3152
3156
3174
3232
3283
3175
3233
3222
3261
3216
3077
3166
3158
3042
3131
3222
3057
3031
2925
2965
3015
3002
2966
2806
2877
2859
2695
2626
2670
2585
2550
2574
2547
2468
2434
2333
2347
2289
2169
2152
2025
2003
2125
1872
2017
1917
1870
1883
1765
1719
1610
1704
1638
1555
1487
1466
1437
1404
1405
1359
1325
1264
1268
1199
1177
1154
1105
996
1066
999
1040
975
947
953
927
885
833
852
820
808
757
733
772
716
690
703
$ROI:
43
143 193
144 194
424 531
429 529
440 544
440 545
440 549
443 544
443 553
490 516
604 1134
679 1395
690 1434
772 934
800 953
827 855
828 856
840 1946
849 1974
857 2002
872 900
880 1058
887 915
914 1083
1010 1038
1208 1258
1345 1375
1418 1448
2436 2526
3229 3279
3607 3645
6449 6521
6459 6531
6463 6535
6464 6536
6467 6539
6471 6543
6482 6526
6489 6513
6497 6521
12997 13047
12999 13049
13000 13050
