$SPEC_ID:
GAMWIN
$SPEC_REM:


$DETDESC:

$DATE_MEA:
08/29/2025 08:00:59
$MEAS_TIM:
24433.41 25408.26
$MCA_CAL:
3
1.32118272781372E+001 1.29107522964478E+000 0.00000000000000E+000
$DATA:
0 2047
0
0
0
0
0
0
0
0
0
0
0
0
0
0
0
0
0
0
0
0
0
0
0
0
0
0
0
0
0
0
0
0
0
0
0
2715
2881
3004
3292
3415
3638
3778
4088
4337
4442
4691
5029
5568
6205
6807
7626
7969
8114
7867
7235
6427
5987
5477
5164
5084
5113
5027
4837
4687
4470
4060
3613
3574
3202
2951
2839
2838
2771
2690
2623
2508
2655
2536
2498
2469
2518
2461
2436
2605
2450
2604
2572
2706
2808
2869
2815
2873
2792
2775
2603
2603
2599
2483
2532
2547
2385
2441
2504
2430
2417
2360
2549
2341
2333
2279
2305
2301
2110
2215
2186
2093
2152
2033
2070
2060
2069
2011
2047
1979
2069
1964
2112
1992
2070
2048
2025
2035
2004
1979
2051
2017
2052
2018
1978
2018
2070
2021
2048
2035
2292
2225
2262
2186
2251
2168
2239
2167
2089
2077
2093
2101
2087
2195
2456
2585
3015
3244
3689
4102
4697
5058
5422
5784
5950
5899
5714
5345
4974
4585
3952
3478
3021
2528
2198
1843
1613
1588
1460
1463
1391
1347
1471
1430
1419
1415
1516
1409
1550
1553
1492
1482
1476
1407
1340
1294
1390
1329
1283
1324
1331
1332
1330
1268
1323
1352
1412
1370
1324
1294
1279
1259
1154
1197
1043
1055
1010
1020
997
925
956
1005
944
1024
1050
1106
1176
1229
1296
1336
1416
1487
1584
1537
1601
1591
1667
1703
1663
1508
1553
1582
1481
1449
1413
1325
1276
1201
1111
1084
1023
938
1005
876
809
752
723
727
733
666
631
677
626
599
598
653
566
616
554
566
529
587
575
587
559
563
563
585
591
597
581
601
602
609
580
637
603
584
621
589
589
578
583
535
558
516
521
551
516
519
504
512
457
481
471
478
489
514
517
517
487
475
455
472
481
543
536
521
549
535
507
562
572
643
619
602
623
596
647
575
576
601
557
547
529
500
521
516
508
494
505
436
451
473
476
461
419
478
490
475
529
552
528
564
556
620
632
686
660
676
667
673
732
701
706
688
624
648
636
580
542
506
503
496
440
450
453
391
416
429
412
401
379
411
418
426
367
375
395
390
405
408
439
420
434
431
457
439
536
527
565
615
654
711
788
809
826
948
988
1047
1032
1115
1135
1196
1144
1179
1201
1115
1123
1048
1049
1046
930
908
875
806
783
694
666
708
647
597
613
602
567
537
565
545
483
468
517
449
477
380
400
388
394
403
355
380
339
334
324
342
300
313
311
307
330
307
291
314
305
311
310
288
330
296
315
281
298
298
314
309
319
299
304
303
293
328
283
274
296
320
305
307
314
269
302
310
295
278
292
330
313
292
311
324
296
307
292
322
325
347
337
324
345
336
341
379
359
353
398
388
414
403
386
408
432
426
416
429
398
403
377
394
402
413
377
359
340
354
328
328
344
345
302
320
328
324
295
303
324
332
286
306
322
289
314
319
308
335
341
314
332
326
349
341
327
327
343
325
315
353
355
334
308
326
296
331
310
314
277
254
313
294
262
282
286
250
264
280
264
218
229
275
245
239
245
246
253
241
255
233
260
267
248
249
291
247
271
280
283
255
277
274
277
291
303
275
298
279
308
282
326
292
283
324
311
331
300
351
283
301
311
263
305
296
292
251
271
314
282
280
312
292
282
308
328
346
325
400
392
403
456
456
496
518
511
576
610
617
631
588
599
625
607
623
581
598
628
537
541
527
491
465
467
383
396
376
381
391
325
313
293
307
314
329
352
319
324
351
357
359
343
404
420
411
439
420
489
471
515
468
514
506
479
495
526
451
460
479
454
458
450
403
400
366
349
358
343
289
309
276
267
263
248
239
211
233
218
214
207
199
194
198
182
186
188
195
192
183
169
167
180
165
171
190
168
198
157
156
186
152
197
180
168
166
176
179
148
170
183
198
179
189
179
201
159
192
199
191
216
188
187
219
218
188
180
220
183
182
191
217
186
183
190
204
207
191
195
190
210
170
188
207
217
202
179
191
235
208
227
220
212
212
202
191
200
176
213
201
207
242
218
231
214
218
228
203
225
237
226
215
187
214
217
196
226
204
215
210
212
189
215
174
188
213
187
194
198
192
188
225
208
198
202
193
187
206
184
194
205
196
209
175
208
195
179
200
224
181
187
209
183
194
194
192
189
190
184
196
188
198
175
190
192
190
184
188
234
203
228
223
195
191
204
181
188
193
171
218
195
189
214
188
178
184
206
166
216
181
183
188
178
200
192
190
159
199
180
172
151
175
146
149
175
154
166
129
140
122
136
148
118
127
123
125
130
130
133
104
112
119
115
105
109
104
113
99
117
90
77
87
94
88
111
103
87
92
76
80
95
86
82
61
81
86
92
84
86
83
66
76
82
79
72
69
71
67
89
83
85
60
79
100
77
83
79
66
65
75
74
66
73
69
63
93
72
84
74
63
80
57
73
85
67
87
65
99
71
72
65
98
82
89
84
75
106
72
77
86
84
93
72
81
88
85
94
97
90
93
104
89
86
77
78
104
105
88
90
109
114
123
131
128
158
131
150
174
175
211
186
213
242
249
291
302
333
357
339
430
446
512
527
577
621
596
699
691
745
756
835
806
949
894
913
990
963
968
961
999
941
952
916
939
827
878
833
803
757
683
672
630
575
505
515
436
424
416
354
288
283
277
234
224
214
181
192
173
141
120
106
106
93
101
84
68
76
69
75
64
73
52
43
48
59
51
50
63
49
49
45
38
47
39
59
40
50
47
41
46
42
42
41
39
53
34
39
39
46
63
34
36
41
37
39
51
63
44
52
48
72
57
64
66
48
74
62
63
59
77
68
72
66
79
69
80
69
69
63
80
73
74
74
68
87
68
92
61
77
81
61
84
68
69
68
73
69
51
53
50
70
58
50
63
41
56
62
49
56
67
39
56
45
59
48
40
43
34
48
44
42
46
35
44
40
44
44
38
33
37
41
40
37
37
32
31
39
39
37
18
27
36
31
32
30
25
27
34
30
26
36
32
21
26
26
36
27
36
23
32
32
41
28
23
35
37
34
35
38
34
35
24
45
29
36
39
28
37
34
38
44
42
36
51
37
34
38
41
39
41
35
45
41
36
45
44
43
42
35
51
42
47
58
40
51
48
31
40
30
38
49
47
35
41
41
37
35
34
27
35
35
36
32
30
26
18
37
35
26
26
26
20
27
19
26
28
21
28
25
28
25
23
24
26
28
30
30
27
25
40
35
30
35
27
30
26
30
27
30
30
36
25
40
30
30
23
17
34
32
26
39
32
33
32
28
24
24
20
28
30
27
33
32
32
26
31
28
26
28
28
23
26
26
26
25
28
14
32
20
25
29
26
33
24
24
26
27
30
23
36
18
20
39
29
18
24
29
28
22
35
19
28
29
26
21
25
25
33
26
27
15
19
32
19
23
27
21
19
30
27
24
24
34
17
28
29
28
21
20
26
32
30
20
23
25
15
36
25
21
32
38
22
29
23
33
27
29
16
27
23
30
23
25
26
22
24
23
22
30
22
28
18
20
25
34
21
21
26
23
18
26
21
28
29
28
22
27
27
34
17
23
19
26
18
29
26
20
25
19
33
33
21
29
24
26
32
35
21
25
37
35
37
29
24
34
40
35
32
32
32
30
43
41
32
40
45
50
56
51
44
27
44
43
39
47
61
48
44
43
64
62
56
50
58
61
44
52
37
53
58
51
49
48
49
50
40
45
55
54
46
49
40
47
52
42
43
36
37
38
39
40
47
28
29
29
37
42
25
25
36
32
36
31
25
43
32
38
30
30
38
24
37
40
24
25
30
35
43
36
29
29
31
35
34
31
27
32
35
37
31
40
32
37
33
36
23
39
34
41
37
35
30
43
36
33
25
34
27
42
36
37
29
33
31
31
28
38
32
23
42
35
28
31
36
29
36
28
28
24
30
27
35
36
36
37
32
33
31
28
27
32
31
30
30
32
31
34
37
35
34
31
39
34
38
31
39
29
30
46
30
29
43
33
31
32
36
31
34
32
33
32
33
40
36
38
30
37
32
27
38
20
31
35
33
37
27
45
30
39
30
34
31
43
27
33
40
28
32
28
29
38
23
42
34
35
38
39
22
29
29
42
24
34
28
23
28
29
31
30
34
25
23
25
31
28
26
25
33
27
23
17
24
37
23
20
25
30
17
30
24
26
30
28
19
18
17
23
11
15
19
21
30
20
20
17
22
21
13
26
22
20
18
20
16
24
19
16
18
16
25
15
18
17
17
20
22
19
21
17
13
14
17
15
18
20
14
13
10
10
11
15
12
13
8
13
5
9
11
7
11
17
10
12
6
15
12
21
19
13
12
16
11
9
13
9
14
18
12
12
7
13
13
8
8
7
8
11
13
9
11
9
16
18
13
17
19
17
22
15
11
11
18
16
13
10
15
24
18
22
21
22
14
14
20
31
18
35
24
27
41
35
41
33
43
39
58
52
46
48
53
61
55
69
78
87
80
92
78
75
103
104
105
100
105
109
111
100
111
118
132
113
124
122
143
130
131
141
114
124
98
116
99
109
110
100
101
106
88
95
87
78
73
63
60
66
55
61
56
51
46
59
32
35
30
27
36
25
29
15
25
22
24
25
20
19
12
11
13
20
10
15
9
16
13
16
12
12
9
8
9
4
11
5
6
9
5
11
10
16
14
11
9
8
12
8
3
10
12
7
8
8
7
11
12
7
9
4
4
9
9
10
12
10
6
9
6
13
7
7
6
8
6
3
10
8
12
9
7
9
13
6
10
9
7
6
5
9
4
6
12
6
10
9
5
4
6
5
7
8
5
3
11
4
9
7
9
9
4
5
5
7
5
$ROI:
43
143 193
144 194
424 531
429 529
440 544
440 545
440 549
443 544
443 553
490 516
604 1134
679 1395
690 1434
772 934
800 953
827 855
828 856
840 1946
849 1974
857 2002
872 900
880 1058
887 915
914 1083
1010 1038
1208 1258
1345 1375
1418 1448
2436 2526
3229 3279
3607 3645
6449 6521
6459 6531
6463 6535
6464 6536
6467 6539
6471 6543
6482 6526
6489 6513
6497 6521
12997 13047
12999 13049
13000 13050
