$SPEC_ID:
GAMWIN
$SPEC_REM:


$DETDESC:

$DATE_MEA:
04/03/2025 07:19:30
$MEAS_TIM:
28154.82 28366.36
$MCA_CAL:
3
1.32118272781372E+001 1.29107522964478E+000 0.00000000000000E+000
$DATA:
0 2047
0
0
0
0
0
0
0
0
0
0
0
0
0
0
0
0
0
0
0
0
0
5285
4677
4380
4215
4204
4228
4022
3889
3741
3746
3665
3560
3657
3852
4086
4284
4569
4883
5170
5628
5939
6359
6407
6892
7371
7875
8928
10018
11343
12434
13245
13296
12975
11690
10381
9447
8739
8424
8330
8417
8325
7804
7555
6948
6325
5951
5430
5059
4755
4524
4549
4408
4326
4282
4284
4146
4003
4043
4076
4029
4133
4056
3977
4187
4279
4407
4548
4628
4649
4703
4698
4559
4653
4350
4358
4214
4225
4152
4053
4179
4137
3956
3818
3867
3907
4021
3764
3922
3797
3737
3645
3661
3470
3445
3422
3402
3313
3357
3350
3349
3283
3326
3320
3413
3391
3384
3414
3342
3398
3412
3341
3323
3437
3318
3298
3351
3303
3252
3241
3366
3364
3535
3587
3558
3699
3691
3737
3721
3571
3616
3549
3475
3318
3372
3500
3664
3646
3979
4407
4898
5525
6280
7152
7959
8681
9340
9936
10146
9995
9572
8936
8128
7261
6393
5289
4522
3834
3298
2906
2669
2417
2304
2209
2136
2097
2186
2278
2232
2305
2285
2327
2322
2428
2379
2334
2257
2268
2119
2121
2132
2102
2051
2147
2073
2081
2150
2068
2184
2309
2157
2142
2115
2161
1952
2033
1890
1806
1780
1609
1616
1546
1445
1493
1523
1565
1551
1646
1731
1862
1896
1877
2177
2282
2322
2534
2512
2673
2665
2723
2803
2664
2657
2655
2527
2604
2484
2313
2254
2163
2030
1974
1795
1749
1640
1609
1374
1329
1259
1183
1199
1078
1088
1102
1045
942
948
1036
984
914
951
878
891
912
951
910
908
880
919
932
851
913
949
1011
964
953
931
955
958
913
994
940
1018
958
898
937
913
900
872
833
868
794
810
788
758
769
777
785
762
729
741
771
714
724
782
745
749
765
844
811
813
808
886
844
913
904
897
922
953
967
1026
979
924
919
903
922
873
871
869
825
761
790
765
715
705
765
687
672
664
674
785
753
739
839
755
816
855
841
900
956
1061
1043
1010
1087
1101
1148
1113
1049
1066
1042
1033
1014
935
905
861
810
779
704
716
661
684
642
635
601
619
622
582
609
564
600
662
638
594
593
668
653
638
708
731
722
712
790
803
873
921
969
1043
1190
1238
1330
1386
1548
1600
1682
1787
1842
1901
1946
1987
1984
1934
1872
1897
1808
1727
1699
1533
1378
1368
1277
1280
1238
1129
1089
1055
977
942
989
952
862
894
896
821
765
783
650
687
669
606
628
561
565
558
517
529
510
458
475
528
479
439
450
464
466
462
446
455
465
430
499
458
475
475
439
455
470
470
463
468
477
484
471
488
462
471
494
477
445
428
437
424
448
448
497
428
451
487
449
471
448
455
452
459
485
471
483
526
505
479
505
540
520
541
554
581
580
606
526
616
632
668
636
648
676
660
642
621
663
650
577
620
608
579
561
471
503
525
510
493
506
498
473
446
493
454
471
460
466
456
468
499
501
479
508
460
500
479
446
508
505
506
528
515
504
508
542
466
511
529
531
496
482
479
503
504
503
475
428
457
439
395
372
393
383
384
376
366
364
366
379
347
343
344
341
343
325
388
370
373
367
386
369
385
374
403
380
373
376
383
393
410
350
413
433
434
394
388
430
426
447
391
434
428
393
445
411
434
361
363
400
369
350
358
389
393
401
427
409
384
407
469
478
480
521
567
598
618
695
708
734
755
862
826
896
903
933
1040
979
1018
1035
902
978
973
893
899
854
856
753
741
668
665
603
621
556
519
523
492
491
473
436
475
459
443
471
461
520
556
549
565
582
586
662
636
721
692
711
735
717
786
809
797
775
785
744
714
729
677
695
654
585
571
547
508
471
502
433
410
397
363
341
341
299
313
267
293
267
251
247
280
267
254
247
247
225
225
223
226
226
222
222
216
232
246
245
224
234
225
244
264
234
222
213
228
206
263
205
228
214
212
220
253
267
227
258
212
230
242
233
222
258
234
245
262
241
241
254
247
248
278
262
255
276
294
254
281
245
247
226
278
268
231
282
238
286
268
268
276
282
306
274
322
312
281
281
288
279
293
308
297
288
316
306
298
313
288
290
287
282
267
286
285
267
271
264
293
286
257
259
267
242
235
238
284
226
240
251
247
242
254
302
246
248
229
233
236
218
241
261
241
246
242
226
246
238
240
231
217
235
238
243
236
235
250
241
239
241
253
239
235
274
231
226
218
235
274
270
246
203
242
266
236
250
245
249
247
261
226
240
270
225
241
228
249
232
239
255
230
235
234
211
219
248
195
213
214
211
218
216
207
220
189
200
190
182
181
177
160
175
156
173
155
146
167
137
162
148
140
147
166
151
140
138
129
136
148
132
127
131
132
129
116
121
129
117
147
123
108
112
133
123
117
124
114
106
99
128
109
107
135
103
113
123
120
122
86
108
110
87
105
94
101
113
107
107
109
106
110
80
114
102
88
75
115
106
105
90
98
98
109
115
112
112
107
106
113
116
121
96
89
128
113
115
115
120
122
122
122
111
106
98
110
108
115
125
122
114
102
136
125
124
120
131
129
134
138
131
145
138
137
167
167
179
176
208
203
229
260
246
275
293
293
310
343
414
476
456
496
539
609
667
681
715
745
869
843
878
929
941
949
1022
987
1063
1082
1072
1082
1110
1117
1072
1039
1001
983
996
888
898
865
850
713
688
616
547
521
498
423
445
377
375
351
277
294
240
222
192
187
180
186
172
149
142
132
123
113
108
100
104
104
112
92
82
76
87
80
86
73
67
77
82
79
68
76
66
63
71
76
65
68
61
55
66
50
54
64
62
61
66
69
87
91
69
93
73
75
100
78
85
83
81
90
96
116
104
96
102
117
147
138
131
123
114
133
121
116
117
147
110
135
131
116
107
147
111
133
130
120
125
117
110
94
130
122
117
102
130
108
112
112
102
105
118
90
85
110
80
111
109
90
96
82
87
84
92
88
70
72
73
78
70
63
63
75
73
46
68
60
72
58
50
57
53
55
62
64
60
62
53
56
49
40
54
55
44
51
55
46
43
57
70
63
42
54
55
64
48
45
55
68
49
45
46
48
51
52
59
49
54
50
45
61
57
49
50
60
58
62
56
64
57
72
59
53
66
59
71
66
69
71
73
81
82
86
71
79
65
74
67
85
74
64
71
74
89
80
69
77
79
73
83
83
72
67
80
69
66
73
76
60
61
51
61
54
64
49
45
40
60
45
53
45
68
59
44
49
47
43
55
48
34
40
47
42
42
32
43
66
45
44
46
51
55
55
63
47
49
48
46
51
46
48
45
57
44
54
51
46
44
44
44
56
44
60
55
42
62
43
46
50
46
43
42
36
49
44
45
44
45
40
50
61
45
44
44
37
37
34
32
44
55
38
31
38
35
44
45
45
45
52
39
49
44
46
51
42
45
55
42
52
44
38
49
47
44
27
36
39
38
46
43
55
47
43
47
42
42
43
42
29
49
42
54
51
48
38
38
44
42
46
47
36
41
45
48
43
42
30
34
48
44
38
36
48
28
40
43
33
45
50
36
47
45
33
39
41
42
40
40
34
44
42
48
38
50
44
40
51
48
39
34
36
40
46
41
34
33
39
48
43
42
43
38
44
41
40
43
44
42
61
48
53
42
34
37
44
51
51
46
41
47
46
42
44
56
36
47
56
62
55
46
55
60
62
57
68
57
57
61
55
74
72
62
79
73
89
85
72
77
93
77
94
92
86
73
98
95
74
89
71
85
74
80
85
70
93
94
56
68
70
82
78
91
68
75
56
71
83
58
59
66
57
67
51
62
58
69
60
59
54
68
32
70
47
54
46
54
52
61
50
45
45
56
46
64
49
49
59
55
48
50
59
58
55
59
44
57
42
72
52
62
56
61
58
38
65
53
72
62
61
60
50
59
75
53
60
58
58
49
62
39
59
54
53
42
60
61
53
51
47
46
40
51
47
60
47
51
63
49
58
48
40
49
42
48
44
53
44
59
51
63
39
43
42
53
37
55
58
66
49
56
54
65
48
61
43
44
66
57
47
51
58
44
43
51
56
65
50
49
60
67
52
45
57
61
45
58
65
53
50
58
47
55
71
55
55
52
62
52
41
50
40
48
57
45
44
62
55
52
56
70
47
48
58
55
61
60
54
47
52
47
50
49
58
57
50
60
67
52
53
55
49
61
46
57
47
40
43
32
43
43
47
51
37
44
36
43
54
38
41
25
53
39
45
35
33
36
34
40
35
27
38
29
36
33
30
26
31
36
35
35
29
33
33
33
22
29
31
19
28
27
25
26
22
40
17
24
34
30
29
13
25
30
39
25
24
26
16
32
19
23
20
24
25
20
21
27
23
23
20
27
15
14
19
23
19
22
13
20
15
16
24
20
15
17
17
21
19
17
18
15
15
13
18
22
20
13
13
18
22
11
19
13
18
23
26
17
20
22
16
16
26
15
14
25
19
31
22
18
30
19
28
22
41
22
38
34
38
38
42
38
49
58
45
49
56
64
68
63
72
77
98
96
91
112
106
99
113
120
116
125
137
154
149
155
187
188
182
176
178
183
213
190
194
223
212
220
213
231
201
224
203
188
199
205
227
202
198
166
169
168
151
140
125
140
137
141
114
94
109
102
89
95
80
84
79
63
63
68
59
60
47
50
43
39
41
41
29
21
29
26
26
24
28
23
19
24
18
20
21
8
17
24
22
10
12
15
22
15
11
25
9
8
9
8
13
12
9
15
13
10
19
6
11
5
12
14
14
16
13
17
9
14
16
9
13
10
16
11
14
8
5
7
8
10
16
12
9
14
7
9
12
8
5
8
13
8
6
5
10
13
7
13
9
12
10
8
14
6
11
12
14
15
11
16
20
15
13
10
15
12
10
17
$ROI:
39
424 531
429 529
440 544
440 545
440 549
443 544
443 553
490 516
679 1395
772 934
800 953
827 855
828 856
840 1946
849 1974
857 2002
872 900
880 1058
887 915
914 1083
1010 1038
1208 1258
1345 1375
1418 1448
2436 2526
3229 3279
3607 3645
6449 6521
6459 6531
6463 6535
6464 6536
6467 6539
6471 6543
6482 6526
6489 6513
6497 6521
12997 13047
12999 13049
13000 13050
