$SPEC_ID:
GAMWIN
$SPEC_REM:


$DETDESC:

$DATE_MEA:
08/27/2025 15:17:49
$MEAS_TIM:
53440.28 54387.67
$MCA_CAL:
3
1.32118272781372E+001 1.29107522964478E+000 0.00000000000000E+000
$DATA:
0 2047
0
0
0
0
0
0
0
0
0
0
0
0
0
0
0
0
0
0
0
0
0
0
0
0
0
0
0
0
0
0
0
0
0
0
0
2661
2736
2849
3064
3130
3374
3639
3909
3963
4039
3963
4231
4677
5119
5643
6398
6760
6897
6630
6239
5699
5192
4784
4542
4502
4419
4330
4111
4090
3728
3525
3154
2959
2759
2646
2486
2289
2323
2248
2263
2213
2166
2060
2154
2079
2125
2029
2142
2048
2138
2081
2142
2183
2165
2203
2266
2242
2201
2303
2216
2234
2143
2191
2157
2011
2141
2117
2181
2107
2172
2078
2053
2102
2046
2053
2008
2027
1986
1914
1908
1883
1860
1802
1860
1832
1829
1790
1832
1855
1914
1897
1880
2068
2010
2153
2070
2095
2033
2001
2072
1989
1856
1785
1850
1790
1842
1762
1688
1788
1873
1753
1847
1838
1852
1783
1777
1768
1748
1760
1669
1698
1719
1780
1819
2035
2155
2344
2532
2697
3014
3257
3621
3770
4025
4083
4005
3808
3708
3329
3013
2601
2337
2096
1849
1619
1496
1451
1382
1262
1281
1295
1253
1246
1370
1354
1331
1288
1330
1368
1327
1334
1329
1243
1346
1361
1340
1400
1327
1440
1462
1508
1599
1599
1678
1728
1762
1713
1633
1621
1519
1404
1411
1243
1193
1080
1023
1025
915
878
901
953
865
887
931
960
924
947
1007
1064
1165
1100
1193
1311
1337
1410
1427
1499
1508
1622
1695
1688
1809
1938
1890
1967
1983
1878
1895
1730
1723
1663
1450
1342
1219
1053
1014
873
888
800
719
684
624
630
571
598
541
574
556
576
575
553
580
548
552
581
546
599
554
571
566
548
564
530
604
590
574
536
601
537
552
515
536
498
608
518
503
481
470
498
454
446
457
434
460
479
439
429
451
467
428
441
458
425
484
423
470
500
487
449
501
500
528
500
522
516
513
516
529
513
492
512
504
484
460
475
420
442
464
465
468
433
447
437
399
412
419
419
428
446
439
435
441
474
518
529
511
559
568
549
488
580
600
572
619
523
536
522
521
451
509
467
414
448
422
434
420
370
362
409
357
373
366
378
369
343
382
339
359
325
383
363
339
351
394
375
367
407
443
409
440
411
457
493
468
570
634
611
642
697
681
692
736
798
773
852
865
806
815
803
834
862
845
842
815
903
917
871
889
887
921
966
904
976
906
887
994
895
870
823
829
762
708
710
609
585
583
506
447
451
385
394
316
337
285
295
313
296
304
282
293
273
321
280
307
303
327
283
314
295
288
312
327
313
293
309
299
335
281
301
321
305
279
273
283
291
264
280
272
288
276
256
281
263
274
278
237
256
278
265
285
291
267
292
279
301
271
286
301
294
316
301
298
319
342
301
344
316
364
338
320
297
349
318
352
341
349
338
307
308
316
278
317
292
331
289
292
285
288
309
314
302
272
284
314
308
286
309
319
328
302
324
312
299
317
321
313
338
317
307
308
315
332
315
316
296
305
323
295
316
287
258
294
291
264
271
277
262
255
251
253
268
251
252
255
272
248
246
213
226
225
271
218
262
222
242
281
251
253
244
250
254
256
266
247
268
272
271
258
279
255
233
303
291
257
305
278
271
304
298
308
288
300
300
290
305
308
285
291
287
278
291
278
298
292
283
277
261
288
284
265
304
314
302
333
342
353
351
384
374
418
441
397
432
443
472
420
418
469
384
468
402
380
381
401
394
346
359
338
350
357
324
318
322
281
295
299
292
295
289
292
299
291
305
323
299
316
320
326
335
333
344
341
388
329
358
354
394
386
374
342
350
351
325
339
337
345
334
289
288
303
290
280
252
242
252
256
237
206
198
198
223
226
203
213
220
191
201
215
182
191
192
187
182
174
207
203
200
203
189
163
187
180
190
174
206
210
205
171
180
186
195
222
200
178
185
191
197
196
195
200
186
201
196
208
178
209
215
220
194
189
205
180
208
217
177
212
210
201
223
230
193
209
234
223
227
206
201
229
227
236
231
213
234
238
252
242
268
278
262
255
263
283
273
275
277
290
280
285
268
281
271
310
292
341
274
295
292
271
262
269
255
262
289
264
249
243
223
218
244
242
218
199
262
226
212
191
209
235
226
215
206
250
226
219
197
220
232
224
216
207
195
181
213
233
241
230
206
259
213
208
201
221
215
201
234
196
223
194
215
246
233
209
208
218
221
216
229
216
177
230
245
205
223
220
212
217
233
222
211
185
224
207
201
232
214
197
200
216
212
204
190
223
198
187
189
173
190
174
176
166
152
167
158
166
150
148
164
158
138
130
138
137
142
133
121
104
132
126
152
103
127
137
129
111
107
117
131
124
116
95
96
103
109
103
108
101
94
116
87
99
114
85
101
82
104
88
94
93
96
95
89
106
92
88
75
113
111
107
88
94
102
73
67
83
87
91
101
89
94
96
96
78
85
97
95
102
89
97
95
101
98
126
112
105
105
110
87
100
126
118
105
106
96
96
98
109
142
126
110
116
109
116
130
118
112
128
131
130
110
146
133
130
135
140
156
158
151
174
181
153
150
187
199
213
255
245
268
263
307
345
347
373
401
424
494
508
521
524
585
623
685
767
786
793
849
889
930
944
941
996
955
947
946
959
968
990
924
895
850
843
799
813
733
723
673
619
542
508
494
485
433
379
383
318
308
284
266
227
190
194
184
138
143
145
130
110
114
102
95
104
90
83
80
77
69
90
57
57
73
69
77
53
60
83
63
76
59
59
55
48
54
66
56
51
46
55
44
39
47
53
39
48
49
47
41
39
41
40
47
47
55
53
55
43
38
59
55
66
65
56
74
57
56
60
60
79
50
54
50
74
62
64
50
60
60
46
58
50
66
54
49
57
54
56
51
40
77
45
64
54
60
51
56
38
45
48
48
45
44
48
51
48
48
51
44
39
52
41
52
44
33
37
45
33
24
30
32
33
39
39
36
36
39
35
47
41
31
40
25
34
35
39
33
23
31
27
39
34
33
39
28
35
30
47
36
48
40
40
31
41
35
39
41
30
45
37
35
44
41
59
58
39
45
48
50
55
53
54
55
48
63
56
59
59
60
56
51
65
60
74
60
62
74
80
66
79
71
72
81
71
60
94
72
56
77
85
84
77
84
81
56
82
94
78
68
81
69
72
78
58
55
61
54
58
47
52
40
39
40
45
39
30
34
32
36
32
51
32
29
33
30
29
31
21
23
22
29
24
24
31
24
27
31
35
29
37
31
40
36
24
37
41
26
32
26
23
31
32
33
30
23
33
32
34
37
28
33
24
33
36
37
27
31
31
29
25
24
22
27
35
31
30
32
18
24
23
21
20
22
20
32
26
20
25
26
32
26
19
28
17
28
24
17
26
17
17
15
21
21
23
27
20
26
24
31
28
20
20
21
27
25
21
29
23
20
22
22
29
27
28
26
13
20
28
15
17
18
22
26
24
23
19
16
10
19
23
19
28
20
22
23
23
30
18
20
24
22
20
21
23
22
21
26
23
21
24
10
16
22
23
21
20
17
18
23
15
16
17
21
30
14
16
15
29
12
14
13
16
19
20
19
28
17
21
24
19
18
14
19
26
10
20
17
21
21
21
28
21
21
20
22
23
20
21
26
26
23
19
23
13
26
25
26
21
25
25
22
20
31
36
18
26
29
38
24
34
34
21
36
35
20
22
25
41
38
40
28
39
39
38
36
31
39
32
42
44
34
47
42
32
40
36
25
31
34
33
33
28
36
32
40
33
24
35
38
19
28
32
20
21
32
25
24
36
28
21
34
34
22
24
26
34
32
28
32
33
22
30
33
25
30
31
34
26
21
36
46
32
32
38
35
35
39
38
37
39
27
47
33
28
37
35
40
29
33
36
29
50
36
30
37
34
44
22
29
32
32
31
30
27
24
31
34
35
35
26
19
34
27
30
30
24
32
24
33
15
28
32
22
26
19
21
36
23
20
27
28
17
17
17
24
27
20
20
28
36
27
18
19
31
25
27
28
15
20
21
25
21
21
33
18
21
24
28
21
24
24
38
32
20
30
28
23
18
16
21
25
27
28
28
21
30
29
18
35
23
28
26
21
25
19
20
14
28
26
18
19
29
35
21
21
21
16
24
25
18
24
24
18
22
23
35
22
30
15
19
21
22
13
21
17
24
31
19
17
23
19
21
17
18
16
19
14
20
22
16
20
20
19
21
14
14
20
11
18
12
29
25
16
23
17
16
14
18
19
19
22
16
15
19
19
13
27
22
11
13
12
16
20
20
16
14
22
22
13
13
22
18
13
18
21
11
15
20
13
12
19
12
15
19
20
15
12
21
12
13
10
11
15
20
9
8
8
9
12
12
22
12
11
11
10
20
9
15
15
12
13
17
12
11
15
18
13
16
13
10
10
10
23
9
8
13
15
17
13
17
15
11
17
19
23
20
7
17
17
27
14
18
15
16
22
15
21
23
21
17
41
34
25
34
26
28
32
37
44
48
41
46
46
54
43
67
75
67
53
55
66
60
63
60
49
78
81
74
77
76
80
55
71
65
73
63
61
66
69
63
65
59
67
67
69
56
57
47
56
43
56
35
44
41
30
35
36
33
39
32
27
23
20
25
19
23
19
22
23
19
19
21
14
13
16
13
17
18
9
6
14
8
13
9
9
19
9
4
12
10
10
9
8
11
7
11
11
13
13
4
8
11
6
3
14
7
12
10
6
8
8
6
15
16
10
13
7
11
8
11
7
10
13
7
2
3
6
7
13
12
7
6
9
14
9
8
12
9
8
9
8
12
8
10
10
6
10
8
14
12
9
17
10
11
9
8
10
15
11
9
8
7
10
9
11
17
3
$ROI:
43
143 193
144 194
424 531
429 529
440 544
440 545
440 549
443 544
443 553
490 516
604 1134
679 1395
690 1434
772 934
800 953
827 855
828 856
840 1946
849 1974
857 2002
872 900
880 1058
887 915
914 1083
1010 1038
1208 1258
1345 1375
1418 1448
2436 2526
3229 3279
3607 3645
6449 6521
6459 6531
6463 6535
6464 6536
6467 6539
6471 6543
6482 6526
6489 6513
6497 6521
12997 13047
12999 13049
13000 13050
