$SPEC_ID:
GAMWIN
$SPEC_REM:


$DETDESC:

$DATE_MEA:
05/08/2025 12:44:43
$MEAS_TIM:
64029.25 64199.64
$MCA_CAL:
3
1.32118272781372E+001 1.29107522964478E+000 0.00000000000000E+000
$DATA:
0 2047
0
0
0
0
0
0
0
0
0
0
0
0
0
0
0
0
0
0
0
0
0
4091
3695
3502
3446
3333
3334
3449
3501
3417
3453
3338
3215
3006
2883
2868
2904
2933
3214
3337
3723
4057
4265
4463
4544
4820
5112
5791
6571
7773
8499
9289
9830
9229
8538
7443
6701
6129
5779
5548
5589
5526
5400
5042
4643
4104
3689
3217
2874
2585
2386
2278
2197
2089
2075
2046
2078
2022
1977
1965
1973
1895
1891
1932
1995
2039
2026
2119
2128
2153
2183
2263
2158
2119
2085
2118
1921
2085
2016
2119
2191
2034
2104
2068
2087
2062
2100
2078
2183
2029
1952
1967
2016
1911
1910
1874
1850
1745
1874
1853
1851
1828
1880
1847
1860
2021
2052
2282
2232
2329
2331
2347
2304
2247
2165
2149
2104
1994
1960
1918
1882
1949
1933
1858
1987
1978
1929
1953
1940
1914
1949
1852
1857
1779
1782
1864
1817
1926
2019
2266
2567
2882
3142
3725
4139
4570
4846
5294
5549
5633
5363
5262
4809
4396
3934
3362
2893
2526
2158
1795
1659
1511
1469
1339
1364
1287
1289
1315
1346
1399
1454
1495
1441
1424
1466
1421
1504
1448
1523
1511
1562
1588
1632
1776
1772
1946
1999
2208
2265
2295
2286
2297
2155
2061
1921
1756
1610
1422
1359
1287
1139
1130
1022
977
961
997
974
1063
983
1055
1109
1228
1150
1321
1418
1498
1477
1599
1697
1814
1819
2040
2150
2280
2318
2442
2585
2768
2692
2773
2714
2679
2574
2547
2333
2133
1973
1797
1599
1396
1247
1047
951
863
808
731
647
691
636
655
599
607
612
607
649
640
619
658
627
647
616
650
610
654
623
629
628
646
636
684
621
611
609
598
586
591
620
589
550
544
578
579
543
521
486
500
473
463
512
511
515
472
496
457
468
458
466
494
470
477
484
483
522
541
566
543
541
543
589
572
625
578
615
594
598
579
553
548
569
530
471
515
530
450
435
469
451
440
431
483
445
484
473
470
539
505
523
521
579
539
598
593
694
696
708
700
659
722
699
648
701
712
644
579
596
554
500
512
504
435
429
466
395
430
404
380
395
378
420
378
407
410
375
404
408
416
445
411
409
448
480
468
521
509
503
525
566
617
642
683
735
800
828
892
946
996
1034
1127
1127
1111
1199
1072
1167
1148
1167
1191
1133
1126
1204
1162
1219
1228
1282
1273
1332
1219
1370
1416
1342
1392
1406
1276
1271
1243
1119
1067
1004
881
860
739
726
594
550
517
503
434
394
381
367
368
340
316
289
314
350
324
318
306
311
295
306
287
331
298
331
336
304
352
325
358
339
328
323
332
339
343
305
310
316
290
260
270
305
303
287
289
280
296
303
288
281
337
278
302
312
294
321
323
306
298
363
300
328
372
343
339
349
373
337
392
380
397
421
390
371
434
394
420
361
425
341
384
337
337
363
341
331
358
336
299
312
329
317
327
365
311
343
337
377
356
363
363
339
381
392
427
348
377
357
351
384
363
376
438
381
396
349
348
371
396
324
338
357
342
355
320
318
318
319
296
313
293
288
260
288
273
277
251
268
263
263
267
271
229
285
276
255
293
255
259
262
256
249
275
283
252
296
280
275
291
274
286
285
295
283
280
260
284
272
269
279
276
251
258
253
253
241
275
227
251
256
236
263
263
251
243
273
245
243
246
276
264
282
253
307
328
330
368
383
385
437
389
445
460
482
422
469
490
542
540
535
531
541
496
540
505
475
444
456
462
438
431
394
368
332
356
316
325
323
327
275
306
299
306
291
296
334
285
320
315
337
340
394
365
336
360
388
399
394
404
423
417
402
395
430
431
346
379
404
355
350
340
327
336
279
262
281
234
240
252
229
225
215
214
181
210
196
182
173
170
211
175
154
165
168
161
186
148
156
166
160
159
169
168
147
145
144
149
159
142
182
147
163
165
146
146
153
150
150
155
134
139
173
172
183
158
164
174
143
179
167
166
160
174
168
171
171
158
136
164
178
155
177
170
187
176
174
213
156
151
182
165
188
186
177
203
184
207
227
253
238
254
277
283
262
299
271
278
282
268
293
322
302
296
304
287
296
289
313
272
279
241
256
244
218
237
251
226
213
228
199
219
178
193
208
196
171
181
180
181
171
209
169
184
178
157
169
169
160
165
145
150
151
159
136
146
156
156
156
155
178
144
158
140
165
141
168
147
144
141
159
170
123
111
142
149
160
159
164
137
161
137
161
158
155
177
166
155
174
182
159
145
185
192
204
177
195
195
178
173
187
190
176
162
170
180
195
180
178
171
160
174
151
164
146
130
141
158
118
146
129
128
146
121
127
123
116
115
115
103
105
142
101
118
126
111
102
123
106
97
103
106
112
98
107
111
105
96
98
105
89
85
96
91
102
85
90
79
94
102
92
83
107
99
93
85
93
94
71
88
87
72
97
79
98
96
78
78
86
87
85
88
78
87
100
92
98
89
118
101
91
85
109
102
98
114
99
124
119
101
135
133
116
105
117
102
136
116
148
134
137
125
136
111
136
104
127
109
124
127
124
130
137
137
127
116
127
132
110
134
130
125
122
155
105
142
143
142
141
158
159
161
183
178
194
215
217
226
242
255
260
283
268
329
321
362
335
375
395
409
438
417
472
468
444
454
450
453
458
444
474
458
410
388
393
437
373
368
371
298
306
314
269
292
265
223
215
212
185
181
192
148
136
126
117
126
109
125
106
116
120
107
110
99
98
92
94
95
101
91
75
96
87
87
102
91
76
87
77
68
80
73
80
76
68
69
83
57
65
57
71
81
64
75
74
79
64
75
76
69
78
64
71
70
58
66
79
67
70
76
80
83
82
88
91
80
74
73
93
79
83
93
91
96
88
90
103
98
87
93
87
111
95
85
80
81
101
98
68
78
83
68
67
66
72
85
72
70
83
72
74
64
84
73
75
49
67
56
57
70
81
60
61
67
76
51
68
63
63
65
48
62
62
46
49
61
52
54
55
52
49
53
60
53
47
57
53
51
42
44
55
55
50
55
56
49
60
54
44
47
48
52
53
51
52
71
51
60
48
64
75
57
60
74
57
71
65
64
63
80
74
85
69
81
93
74
75
83
72
92
107
90
103
100
88
101
94
106
107
108
116
130
115
119
129
140
109
136
126
117
120
129
126
109
129
122
113
116
114
113
102
108
134
99
102
94
90
62
79
67
85
81
70
74
75
70
63
64
67
65
52
46
52
55
57
51
52
45
52
38
54
45
42
56
40
55
53
39
46
42
48
33
56
59
46
42
46
43
63
43
50
52
48
42
40
58
54
54
62
66
41
59
47
47
47
44
47
41
42
53
37
54
55
44
34
50
44
42
35
46
25
35
39
39
26
43
33
43
37
43
47
42
36
40
38
40
27
27
41
33
27
36
29
30
32
26
29
33
39
30
24
34
28
41
33
38
32
40
32
37
41
36
36
35
32
47
41
41
33
39
28
46
36
28
34
34
29
38
27
38
29
30
32
34
29
40
33
29
34
26
27
40
26
35
32
26
25
34
25
42
23
28
34
32
29
32
37
34
38
45
30
31
43
31
39
27
34
21
26
41
47
41
22
36
34
41
32
33
39
36
37
33
37
27
30
33
28
36
33
33
36
41
32
36
32
35
32
35
31
39
32
41
40
32
33
34
37
41
33
33
36
42
34
41
47
43
41
52
41
50
37
36
47
37
54
40
65
55
52
53
52
46
59
65
56
57
58
56
48
51
68
67
62
37
59
61
53
57
41
51
51
57
59
39
49
41
47
55
54
43
51
43
55
46
44
31
22
41
38
34
37
42
45
45
39
45
28
41
34
34
42
51
33
54
41
34
37
41
36
44
40
48
39
53
54
48
40
36
50
57
42
54
35
58
44
69
41
54
48
60
54
59
45
61
50
60
52
44
56
46
61
42
52
44
41
50
37
41
33
40
43
36
40
34
35
32
45
38
34
32
33
38
29
29
28
39
39
34
29
39
41
29
33
30
38
31
43
29
31
31
38
36
26
27
39
26
23
34
43
24
37
33
33
35
39
40
36
28
39
25
39
33
40
39
39
26
42
34
28
37
39
43
44
36
38
36
33
34
34
26
29
27
33
35
33
33
31
44
28
34
33
36
43
30
33
24
27
27
21
29
24
33
31
42
29
20
25
29
33
39
34
43
38
23
27
29
30
35
29
33
26
24
30
34
29
18
32
20
29
24
23
22
20
28
21
24
27
26
20
27
24
19
27
22
24
28
21
29
29
31
20
20
24
28
23
29
23
19
19
29
24
25
18
29
26
22
24
35
28
25
21
17
20
23
22
22
17
26
25
19
22
25
23
26
19
20
19
11
21
16
14
24
16
24
19
17
20
17
14
16
18
17
18
20
17
15
10
19
14
11
10
17
10
16
15
24
17
11
12
15
11
17
15
20
15
14
9
15
24
19
16
14
11
16
18
22
18
21
19
16
15
15
19
29
25
14
19
19
26
18
21
26
31
31
28
41
31
39
41
34
44
42
49
34
42
46
49
64
57
66
58
74
69
78
69
77
81
95
94
88
96
104
93
108
110
106
93
109
92
98
84
112
113
97
109
97
89
107
86
90
79
65
80
74
80
73
69
85
62
65
61
51
64
47
46
42
34
37
45
32
33
33
27
24
27
26
23
32
29
24
30
20
18
15
18
22
24
16
16
12
16
9
16
19
13
17
11
9
15
11
15
12
12
10
9
12
8
7
20
12
14
13
11
12
10
15
12
12
11
12
13
8
12
15
9
13
5
10
16
14
12
12
6
8
9
4
13
19
8
6
18
12
5
19
12
11
9
12
10
9
14
7
8
13
14
7
9
14
15
12
12
13
11
8
9
10
13
15
$ROI:
40
144 194
424 531
429 529
440 544
440 545
440 549
443 544
443 553
490 516
679 1395
772 934
800 953
827 855
828 856
840 1946
849 1974
857 2002
872 900
880 1058
887 915
914 1083
1010 1038
1208 1258
1345 1375
1418 1448
2436 2526
3229 3279
3607 3645
6449 6521
6459 6531
6463 6535
6464 6536
6467 6539
6471 6543
6482 6526
6489 6513
6497 6521
12997 13047
12999 13049
13000 13050
