$SPEC_ID:
GAMWIN
$SPEC_REM:


$DETDESC:

$DATE_MEA:
05/02/2025 07:27:36
$MEAS_TIM:
22954.59 23027.72
$MCA_CAL:
3
1.32118272781372E+001 1.29107522964478E+000 0.00000000000000E+000
$DATA:
0 2047
0
0
0
0
0
0
0
0
0
0
0
0
0
0
0
0
0
0
0
0
0
1997
1744
1721
1625
1662
1610
1789
1717
1718
1797
1743
1595
1570
1587
1524
1580
1639
1703
1865
1964
2197
2263
2360
2392
2543
2808
3062
3518
4110
4549
4962
4981
4841
4433
3911
3462
3189
2930
2957
2916
2918
2809
2563
2360
2121
1924
1693
1528
1342
1205
1153
1138
1131
1072
1077
1074
1080
1076
1012
992
966
998
997
1076
1048
1101
1062
1093
1147
1163
1126
1241
1183
1171
1140
1102
1147
1049
1037
1091
1137
1095
1106
1088
1138
1097
1094
1123
1027
1041
1038
1016
1031
993
955
996
926
1017
923
947
979
912
946
1068
1063
1103
1147
1178
1205
1240
1220
1223
1174
1110
1050
1113
966
928
972
969
999
963
1008
946
992
970
979
1013
977
916
909
942
864
899
962
974
989
1162
1156
1359
1545
1701
1951
2176
2372
2635
2839
2840
2783
2801
2597
2461
2156
1970
1719
1380
1202
1041
862
805
751
710
671
696
654
697
689
731
684
713
745
714
753
799
757
790
749
768
741
769
812
860
951
949
1021
1046
1138
1150
1106
1136
1084
1094
1010
938
881
789
718
669
591
528
528
498
502
489
499
482
480
483
558
576
626
656
694
761
744
816
863
875
975
1047
1036
1065
1186
1180
1263
1286
1391
1391
1405
1350
1334
1341
1219
1157
1040
944
849
740
665
615
486
522
386
395
347
316
303
306
316
314
317
324
307
297
329
320
303
288
319
339
307
343
302
298
287
295
314
306
280
316
304
328
294
320
300
284
269
256
251
228
235
283
256
252
259
241
229
212
222
236
239
226
234
216
228
224
236
253
246
256
229
251
280
271
257
235
252
294
306
301
256
271
286
292
259
257
238
245
247
249
270
242
224
228
217
221
252
183
249
203
236
247
242
248
266
248
266
297
283
290
319
323
356
361
342
301
349
337
319
304
296
278
300
287
248
265
214
208
219
224
230
188
208
193
180
195
224
194
212
201
194
188
211
221
193
210
200
231
228
229
199
252
225
282
270
311
314
349
394
415
414
430
470
475
511
488
544
586
553
602
583
617
665
604
616
615
607
613
649
575
621
631
653
697
683
681
718
643
707
670
659
608
556
520
461
479
394
405
362
284
278
252
247
242
231
210
166
159
174
169
152
123
155
160
147
131
148
154
147
158
148
141
144
151
149
145
154
147
150
147
140
145
151
129
173
157
146
135
140
156
178
154
136
129
136
135
121
143
144
146
141
141
147
157
139
161
142
147
161
162
161
176
191
158
187
199
181
191
190
223
188
201
190
190
196
166
180
183
176
188
168
168
166
136
147
166
149
166
150
157
140
136
167
165
164
177
166
170
153
172
169
171
200
181
174
187
166
183
153
189
189
185
170
172
167
171
159
166
148
172
165
176
152
166
141
151
162
152
132
156
132
136
148
138
121
138
108
125
140
124
130
120
114
131
140
115
132
113
116
115
117
134
135
127
144
142
121
145
129
104
115
123
117
119
133
145
143
133
108
113
143
110
140
127
122
133
110
119
120
116
125
108
113
126
117
127
138
95
116
111
146
158
141
141
168
183
186
190
246
196
225
218
221
266
255
263
289
275
267
283
252
264
208
273
273
206
250
216
204
193
212
171
165
165
137
157
153
151
140
152
149
152
147
146
157
143
153
148
152
175
160
187
184
166
193
217
196
192
187
219
189
218
202
209
183
180
177
171
166
185
167
169
131
125
125
132
103
108
112
96
110
98
86
91
97
92
83
105
85
75
64
77
79
69
79
65
74
52
52
61
73
58
74
74
80
63
67
73
72
69
50
61
77
64
71
67
69
66
68
75
75
65
73
74
73
71
65
71
75
64
87
63
77
60
75
75
83
78
68
69
75
68
82
73
70
74
91
94
89
86
86
90
102
78
88
93
98
85
115
93
116
106
135
109
134
116
155
143
152
145
148
148
129
141
142
158
128
139
140
134
117
137
115
109
119
107
111
111
106
94
89
103
88
77
86
94
79
76
93
70
97
87
80
70
64
76
58
70
62
66
71
84
62
51
54
66
75
61
73
50
66
69
62
58
72
64
72
58
74
66
65
66
80
54
61
61
72
52
75
66
65
81
68
65
73
75
62
77
47
74
85
62
85
77
93
75
96
113
98
79
81
66
81
92
63
85
87
90
62
81
78
59
82
71
65
55
83
42
57
77
68
48
58
55
58
59
60
57
56
52
53
51
39
59
64
45
50
46
31
44
51
44
44
41
52
40
44
41
45
42
37
30
34
41
51
37
39
34
41
33
38
42
47
44
46
37
32
42
35
42
38
36
50
44
37
46
52
41
41
43
44
49
41
45
47
45
46
39
54
48
42
48
42
52
47
58
55
61
57
51
65
66
52
57
57
66
72
68
65
63
61
54
66
54
66
58
59
56
59
58
60
56
51
61
64
79
76
50
45
58
64
59
67
68
63
59
67
85
66
72
65
74
81
77
87
99
95
112
112
109
128
144
114
154
136
146
175
168
173
143
192
176
193
163
160
185
172
157
160
165
186
137
135
161
142
107
125
109
98
98
107
79
69
86
102
71
60
76
61
54
68
57
61
56
66
59
55
44
55
39
42
43
48
38
39
42
55
33
35
42
31
26
34
36
34
37
33
42
34
32
25
26
31
30
33
33
29
34
35
28
35
28
28
32
24
32
46
38
38
32
36
48
42
44
34
32
38
47
50
32
41
44
29
38
36
38
47
39
38
61
39
33
35
49
41
50
43
45
41
45
39
49
39
35
41
49
34
41
48
38
39
42
36
47
38
38
24
34
28
55
34
31
37
29
38
24
34
25
27
28
30
29
34
31
25
26
24
22
33
26
27
27
28
26
32
26
28
22
23
24
24
32
32
24
22
17
23
20
29
28
20
10
20
20
26
29
26
20
27
24
27
19
35
24
31
35
28
30
28
23
45
37
27
35
37
41
35
35
40
33
30
30
53
30
33
34
43
49
42
58
56
38
52
46
50
70
63
53
67
50
51
57
64
53
71
62
46
54
55
48
66
57
65
64
63
45
42
60
46
53
52
36
41
45
42
40
35
44
39
28
34
28
26
36
28
20
33
26
20
16
19
27
30
29
21
23
30
26
17
19
19
21
18
23
15
29
33
22
25
14
25
23
21
30
35
21
27
24
22
21
24
22
19
20
27
21
26
25
20
27
22
30
17
16
12
24
18
25
20
23
22
21
19
16
18
11
17
17
20
28
21
13
26
12
19
6
20
11
19
12
17
21
16
23
12
13
14
19
13
19
17
19
8
14
15
10
17
17
20
20
17
10
19
17
22
21
17
12
21
18
14
8
11
24
15
17
17
16
20
21
10
16
13
13
12
14
15
26
17
20
19
13
17
17
15
12
12
17
17
13
12
14
11
8
14
12
15
15
8
16
18
17
16
14
16
18
15
18
15
14
15
15
25
16
9
13
16
20
12
19
9
21
10
13
16
17
16
18
13
15
21
21
11
18
15
13
14
20
12
13
18
19
16
11
13
14
16
18
14
15
18
16
14
19
12
14
22
17
13
26
15
18
22
26
20
18
16
11
22
28
24
20
23
29
14
27
31
27
20
33
22
27
23
29
30
19
20
28
35
21
28
34
33
15
26
23
21
25
25
22
25
26
23
30
19
16
22
20
14
15
19
15
20
28
16
17
21
13
19
14
24
18
15
17
14
26
22
24
19
23
17
18
24
21
24
23
19
22
31
26
20
27
21
23
28
26
22
23
30
22
29
32
21
23
27
16
27
24
33
20
16
23
14
18
23
14
21
22
26
22
33
16
20
18
27
22
22
18
16
13
18
18
23
25
25
11
17
18
20
18
17
19
18
17
14
12
15
17
23
19
13
8
20
14
20
19
13
26
23
19
19
21
24
16
14
12
22
14
16
13
14
21
24
8
11
19
23
17
18
15
16
20
11
13
14
15
20
9
15
20
20
18
14
23
15
17
10
13
16
15
10
11
10
15
18
11
10
18
14
20
18
16
10
19
13
14
15
21
17
12
9
14
16
13
12
9
11
21
17
10
14
11
13
14
12
12
11
13
10
8
9
13
10
11
12
16
21
10
16
10
7
11
10
11
13
14
11
13
8
6
10
13
11
17
7
7
13
12
13
14
8
9
7
11
11
10
11
8
7
7
10
7
8
10
9
10
8
8
10
9
12
14
7
9
12
10
6
5
6
11
14
7
13
5
11
7
7
7
8
5
5
3
7
11
6
9
11
6
9
7
8
4
4
4
5
6
8
6
4
9
4
9
5
14
10
6
8
9
8
6
4
6
7
8
5
8
5
8
8
6
9
7
6
5
4
10
6
10
12
9
8
11
15
15
14
14
17
11
14
16
14
15
18
13
25
18
22
27
19
33
21
34
25
34
29
39
32
31
39
43
47
43
54
39
45
38
50
40
64
52
48
45
50
55
61
46
46
47
57
49
47
56
48
51
54
35
38
55
29
39
37
36
35
41
35
30
28
32
19
28
16
20
20
14
17
20
18
12
16
7
10
12
10
6
12
15
9
4
8
3
8
8
9
9
7
12
4
6
5
8
9
11
5
5
9
6
9
2
11
4
6
3
9
5
4
3
6
8
8
5
4
8
4
7
3
3
7
6
4
7
11
5
2
6
4
6
8
6
7
4
4
6
5
7
4
8
9
2
7
7
7
5
5
3
8
4
5
4
6
3
7
8
3
4
4
4
3
4
2
4
6
9
7
3
2
4
5
$ROI:
39
424 531
429 529
440 544
440 545
440 549
443 544
443 553
490 516
679 1395
772 934
800 953
827 855
828 856
840 1946
849 1974
857 2002
872 900
880 1058
887 915
914 1083
1010 1038
1208 1258
1345 1375
1418 1448
2436 2526
3229 3279
3607 3645
6449 6521
6459 6531
6463 6535
6464 6536
6467 6539
6471 6543
6482 6526
6489 6513
6497 6521
12997 13047
12999 13049
13000 13050
