$SPEC_ID:
GAMWIN
$SPEC_REM:


$DETDESC:

$DATE_MEA:
05/07/2025 14:50:30
$MEAS_TIM:
78603.10 78774.12
$MCA_CAL:
3
1.32118272781372E+001 1.29107522964478E+000 0.00000000000000E+000
$DATA:
0 2047
0
0
0
0
0
0
0
0
0
0
0
0
0
0
0
0
0
0
0
0
0
6878
5921
5732
5740
5893
5921
6037
5811
5794
5843
5747
5665
5498
5473
5479
5356
5640
5718
6074
6206
6410
6836
6687
6898
6744
7110
7591
8371
8610
9334
9567
9805
9462
8660
8219
7576
7349
6891
6873
6791
6652
6500
6294
5982
5700
5269
5079
4570
4505
4450
4252
4189
4012
4023
4162
3981
3946
3940
3898
3855
3837
3807
3863
3813
3788
3794
3848
3852
3964
3832
3875
3802
3860
3914
3700
3825
3748
3667
3654
3592
3511
3582
3567
3541
3533
3512
3542
3369
3369
3287
3369
3175
3317
3120
3232
3210
3141
3104
3096
3093
3094
3027
3014
3107
3099
3190
3166
3255
3180
3286
3224
3211
3230
3055
3007
2970
2870
2837
2776
2857
2945
2756
2836
2875
2823
2996
3014
2855
2871
2786
2912
2863
2939
2915
2908
2870
2965
3208
3395
3504
3717
3974
4238
4650
5068
5330
5415
5593
5590
5478
5117
4853
4555
4170
3740
3421
3071
2815
2567
2453
2392
2257
2334
2348
2301
2191
2324
2275
2246
2326
2243
2266
2208
2201
2221
2173
2173
2154
2146
2247
2182
2185
2273
2301
2238
2340
2379
2342
2401
2459
2392
2422
2282
2212
2140
2059
1887
1857
1826
1678
1604
1716
1623
1569
1626
1565
1571
1640
1607
1640
1711
1722
1806
1846
1900
1913
2012
2021
2095
2158
2266
2159
2288
2295
2339
2408
2391
2396
2346
2453
2359
2200
2176
1952
1929
1775
1687
1565
1521
1332
1351
1322
1176
1220
1166
1126
1062
1099
1048
1076
1019
1036
1085
1066
1026
1064
1018
1003
1095
1084
1019
1039
1030
1010
990
993
1047
995
1026
1026
1036
1021
1018
1005
1021
967
983
950
976
891
928
943
932
868
919
934
859
880
876
846
888
873
836
879
927
888
940
859
910
880
870
958
876
959
924
906
961
909
938
961
941
911
903
897
845
874
867
915
858
845
847
856
817
817
822
814
765
852
895
808
836
858
842
821
858
871
948
907
965
932
989
1010
973
1064
1053
980
1017
1052
995
936
894
954
881
892
864
873
798
832
769
776
779
722
732
746
678
757
694
716
714
700
701
661
700
697
714
709
733
708
713
784
773
777
730
811
829
887
938
972
927
1083
1047
1039
1070
1173
1180
1216
1261
1214
1251
1310
1305
1272
1257
1210
1210
1182
1171
1203
1161
1173
1188
1135
1162
1208
1161
1180
1161
1173
1198
1136
1116
1116
993
989
981
944
936
848
770
819
773
695
731
682
654
640
636
635
586
619
662
596
640
642
604
600
606
614
591
574
611
603
596
592
613
586
635
634
588
608
586
613
630
586
621
576
573
612
565
592
599
607
558
618
557
581
548
610
615
549
615
583
590
623
559
603
594
557
607
591
617
618
603
609
668
636
642
667
629
617
669
647
656
646
649
644
629
593
649
626
612
636
622
669
646
615
565
631
586
556
615
619
615
643
649
631
614
595
631
629
632
669
591
576
606
615
656
628
618
628
612
681
638
607
619
608
627
636
574
611
576
588
618
573
598
599
620
574
616
627
577
512
543
573
540
581
569
593
490
568
542
555
567
539
527
584
568
535
607
550
536
571
538
542
575
551
554
562
573
574
534
557
556
549
565
573
551
521
507
575
577
561
521
568
533
547
560
560
575
540
602
580
554
530
525
514
575
588
556
572
595
593
592
560
614
611
682
646
707
672
705
730
765
721
760
774
757
771
803
745
735
770
835
748
767
755
727
728
671
727
697
624
702
628
594
695
672
665
619
643
610
667
647
630
699
656
680
689
653
707
729
699
725
698
714
730
726
769
756
772
747
670
699
701
691
712
701
729
650
711
656
606
642
594
608
602
573
553
556
516
545
530
520
552
503
545
504
501
535
520
546
525
534
519
521
530
523
570
520
511
520
514
502
508
526
533
567
486
576
542
494
521
549
523
522
545
546
533
545
563
537
557
554
549
571
543
603
518
513
573
557
575
522
560
575
555
543
553
582
539
567
534
517
593
584
590
546
579
573
596
592
619
548
624
630
642
601
561
570
610
635
607
613
645
665
613
636
621
668
684
647
661
714
679
661
644
689
717
677
655
661
635
685
670
677
635
625
644
692
638
663
662
652
610
586
619
637
670
589
672
657
616
651
620
612
658
592
675
605
653
589
634
645
646
596
626
669
687
599
683
614
672
644
592
666
676
621
651
621
626
625
622
626
622
635
610
603
638
633
594
676
697
603
623
636
654
641
628
557
603
661
654
624
586
570
551
577
589
589
562
574
600
525
514
529
470
445
510
454
465
457
453
464
411
393
422
415
361
372
391
389
349
363
332
317
361
345
302
317
290
277
273
285
251
258
291
273
266
243
254
273
246
233
240
236
232
242
247
225
222
202
197
210
186
198
203
213
187
182
174
180
190
190
178
179
176
184
167
184
185
186
178
157
167
170
152
176
175
148
164
161
178
174
162
196
173
178
164
154
160
163
169
178
182
166
165
186
185
190
181
165
170
161
169
187
181
177
169
214
175
196
166
212
202
210
198
227
257
234
249
266
247
283
283
263
289
311
305
350
374
418
452
491
521
512
572
711
714
826
886
962
1124
1201
1304
1383
1523
1655
1789
1916
2094
2173
2316
2434
2677
2857
2901
3170
3346
3332
3414
3547
3586
3643
3611
3727
3561
3675
3577
3427
3426
3290
3101
3033
2871
2712
2621
2420
2177
2091
1914
1732
1622
1522
1298
1166
1079
987
826
752
769
610
534
515
454
379
329
305
253
257
253
213
171
145
159
163
131
128
129
123
106
97
103
90
90
103
95
79
78
69
57
76
73
61
82
59
54
61
74
60
43
76
56
73
46
60
48
53
46
55
62
57
63
60
58
62
51
53
59
59
81
73
63
78
78
73
70
66
64
63
72
83
66
67
78
80
71
91
90
72
72
73
78
86
75
76
60
66
68
66
85
58
61
59
58
59
65
72
69
59
64
65
60
55
58
66
70
51
45
52
54
53
61
47
53
47
41
53
57
46
41
52
42
43
52
53
42
45
42
48
46
40
36
37
32
50
38
40
43
50
37
43
40
23
52
41
34
32
60
48
42
35
39
63
50
38
42
43
42
43
42
52
48
52
53
63
51
54
48
51
49
45
35
55
59
80
58
74
61
64
68
56
69
72
65
73
89
76
80
76
72
73
96
71
67
81
81
99
85
89
102
76
81
78
77
76
83
81
89
78
72
82
61
63
61
62
53
57
58
53
51
47
42
53
44
44
49
43
57
45
51
37
43
43
32
43
36
41
45
47
39
34
33
45
40
31
45
43
35
35
44
42
32
41
43
34
36
39
40
36
31
32
37
36
24
50
37
33
40
38
41
35
47
41
39
39
38
34
39
29
30
39
48
35
39
37
20
37
37
37
31
29
39
37
35
32
36
30
32
37
36
35
28
53
35
33
32
29
26
36
31
24
38
32
30
30
32
33
43
31
25
37
25
23
37
34
29
35
22
31
35
27
39
27
22
26
18
34
25
31
36
27
37
38
31
30
28
26
29
31
20
33
27
38
30
35
39
27
33
36
28
26
23
34
47
29
36
20
30
33
17
25
25
31
27
40
28
28
32
34
26
45
28
29
29
26
35
27
40
29
27
19
27
31
24
32
25
29
35
34
27
29
27
29
26
36
24
42
24
20
29
27
24
37
29
30
41
42
32
30
32
31
35
39
31
31
33
29
44
31
28
30
39
39
44
32
40
48
43
43
28
52
35
41
31
35
47
40
38
29
45
49
42
54
51
49
50
51
56
45
48
48
57
39
44
47
47
41
35
39
49
35
38
47
49
48
41
25
46
36
31
29
39
39
33
38
29
37
45
31
42
30
33
40
35
23
28
35
43
29
32
33
47
37
35
37
37
44
49
39
35
38
50
34
41
33
34
36
43
34
32
41
51
51
37
40
44
39
34
47
47
45
32
27
48
33
43
33
48
47
38
37
32
42
29
30
35
36
46
42
34
35
36
44
31
34
45
28
39
31
30
34
21
29
39
32
38
21
29
29
25
33
32
33
33
36
25
27
35
41
29
36
36
29
38
33
35
39
39
32
33
31
23
31
28
30
32
32
43
36
30
23
23
28
39
28
29
42
31
35
40
30
28
38
26
17
31
30
28
28
28
31
33
23
36
26
29
43
29
32
26
27
35
28
38
33
21
26
23
29
28
27
30
21
39
26
32
22
38
24
24
23
24
31
24
26
29
24
34
31
13
26
26
25
25
30
23
27
19
25
19
17
31
22
20
20
27
28
21
14
22
21
29
23
22
20
23
21
26
26
32
25
23
20
28
22
27
25
30
19
22
21
24
24
17
22
23
21
14
18
17
23
14
26
21
20
22
24
17
23
15
23
21
16
15
16
16
16
16
11
23
17
16
19
19
17
19
21
18
15
17
24
23
14
13
20
10
15
12
16
16
21
19
11
20
25
13
9
19
11
10
14
17
11
15
10
19
24
18
19
22
23
10
19
19
16
27
23
24
22
24
21
20
13
22
23
30
41
31
32
30
34
34
37
40
33
35
41
34
41
38
30
36
51
45
53
66
57
62
72
71
69
65
72
84
69
78
92
83
66
85
107
109
85
90
88
87
103
88
71
81
70
72
84
83
69
82
80
73
66
58
70
76
52
36
70
43
53
51
36
42
42
34
25
39
43
26
26
39
28
25
20
30
21
17
18
24
20
26
23
12
18
24
19
18
19
16
14
26
13
17
18
16
25
13
15
9
10
8
11
25
15
13
9
11
10
14
13
20
11
13
17
9
10
12
17
15
11
17
17
16
15
15
12
12
15
17
19
13
12
21
14
16
15
13
9
12
10
9
12
10
13
8
11
9
14
16
13
15
13
16
16
15
13
17
10
8
11
13
14
15
17
18
14
18
13
17
18
$ROI:
40
144 194
424 531
429 529
440 544
440 545
440 549
443 544
443 553
490 516
679 1395
772 934
800 953
827 855
828 856
840 1946
849 1974
857 2002
872 900
880 1058
887 915
914 1083
1010 1038
1208 1258
1345 1375
1418 1448
2436 2526
3229 3279
3607 3645
6449 6521
6459 6531
6463 6535
6464 6536
6467 6539
6471 6543
6482 6526
6489 6513
6497 6521
12997 13047
12999 13049
13000 13050
