$SPEC_ID:
GAMWIN
$SPEC_REM:


$DETDESC:

$DATE_MEA:
05/05/2025 06:20:27
$MEAS_TIM:
26683.19 26731.27
$MCA_CAL:
3
1.32118272781372E+001 1.29107522964478E+000 0.00000000000000E+000
$DATA:
0 2047
0
0
0
0
0
0
0
0
0
0
0
0
0
0
0
0
0
0
0
0
0
3315
2695
2607
2666
2670
2731
2643
2508
2584
2497
2545
2414
2497
2447
2332
2388
2358
2315
2466
2479
2475
2522
2517
2603
2634
2511
2565
2626
2823
2907
2850
2924
2903
2819
2525
2530
2384
2337
2375
2323
2257
2249
2119
2118
2104
2010
1936
1899
1796
1831
1765
1739
1727
1637
1698
1679
1566
1577
1643
1613
1520
1611
1486
1534
1603
1468
1516
1564
1488
1534
1458
1486
1470
1502
1456
1416
1422
1437
1399
1425
1406
1366
1354
1404
1340
1294
1376
1330
1271
1240
1291
1242
1231
1195
1189
1168
1223
1143
1182
1154
1084
1177
1154
1124
1176
1190
1140
1157
1148
1147
1137
1146
1122
1090
1030
1089
1051
1053
1010
1014
1034
1013
990
1044
1085
1021
1042
1066
1054
1083
1096
1030
1055
1130
1136
1123
1076
1226
1243
1245
1275
1364
1349
1390
1490
1437
1522
1472
1432
1460
1409
1410
1263
1272
1211
1147
1098
1081
984
1009
1017
977
956
904
974
915
924
933
924
919
894
925
965
908
904
849
840
880
849
873
829
838
910
898
860
859
903
850
913
862
824
831
784
809
781
761
686
728
707
729
646
678
651
684
693
640
655
620
618
627
680
659
669
671
628
677
670
659
678
673
682
735
745
717
710
751
812
713
723
758
710
709
688
660
621
636
613
611
562
531
563
553
519
469
484
488
491
467
471
500
535
469
426
457
411
466
445
489
461
458
456
453
469
441
419
451
417
426
449
421
409
420
403
410
409
399
400
413
432
405
400
412
403
392
405
376
390
417
415
439
416
461
431
429
431
427
399
412
422
412
405
412
434
410
416
379
417
401
394
399
410
386
374
346
423
381
389
329
346
392
355
366
341
358
386
355
345
372
335
361
372
352
398
405
352
394
372
411
395
373
354
413
405
392
414
434
411
419
411
356
392
386
368
322
355
351
333
359
335
343
330
309
326
317
312
336
312
320
312
309
308
307
335
321
307
312
330
304
300
339
308
305
302
311
337
339
310
332
305
316
344
352
345
336
368
368
389
378
386
376
387
314
380
345
393
412
364
354
374
389
359
347
405
380
407
377
403
410
366
437
379
372
359
364
352
319
358
380
336
324
333
333
307
275
318
294
280
278
276
293
277
265
291
299
269
306
280
246
292
262
289
285
270
300
262
276
278
274
281
283
269
258
301
266
267
293
288
273
276
281
270
290
252
275
262
269
263
284
300
291
297
279
272
278
294
269
285
309
308
302
260
292
260
304
279
276
272
302
308
317
265
288
267
276
295
294
269
298
268
255
284
283
313
262
277
269
299
275
298
275
289
290
271
305
289
261
297
313
282
291
288
262
266
284
278
293
272
265
265
269
296
279
284
274
310
311
276
318
294
284
268
295
312
270
240
271
284
248
293
253
302
254
271
288
242
266
252
274
288
258
288
268
249
255
263
265
288
297
259
272
286
289
282
265
271
250
325
260
269
279
253
274
254
263
282
313
261
266
290
264
285
266
246
243
278
276
277
280
267
283
277
262
301
275
279
289
288
249
286
269
265
270
290
280
290
297
282
272
302
278
304
330
335
307
328
312
338
307
330
296
300
310
310
307
304
343
315
315
298
293
310
336
295
299
315
327
321
300
339
298
309
363
296
330
342
352
322
341
330
377
308
349
318
326
346
324
316
344
308
318
315
381
296
344
329
295
287
346
289
305
315
294
319
328
278
295
276
277
260
301
311
296
284
289
289
302
301
282
309
289
258
297
289
277
286
295
311
293
301
307
301
317
332
350
331
300
295
317
302
296
289
297
279
290
310
311
327
345
316
328
321
291
337
308
311
331
315
313
310
307
304
330
314
323
325
333
335
272
326
337
339
337
306
329
327
352
313
320
329
345
309
322
350
337
342
322
320
341
342
365
362
355
341
338
383
329
380
359
356
369
354
386
353
376
347
351
393
381
361
353
382
362
379
375
357
342
359
361
369
346
379
372
366
397
387
366
382
383
396
380
366
351
373
351
417
376
375
358
356
356
357
362
380
371
341
360
419
369
408
384
398
354
376
398
372
381
369
394
394
381
374
382
401
392
376
386
422
369
392
411
381
371
399
348
393
356
355
379
376
348
364
355
374
314
311
362
319
325
318
315
328
298
313
293
295
291
276
269
225
242
249
222
243
224
227
217
212
224
243
209
179
195
189
179
177
186
146
161
171
161
137
151
139
151
129
135
157
126
121
115
132
121
106
119
114
108
93
126
120
105
110
97
98
106
97
101
97
93
94
97
98
80
90
82
76
97
81
90
84
76
95
77
83
85
78
75
71
74
71
71
76
71
83
64
75
69
79
68
61
74
69
79
76
71
78
80
60
71
92
71
80
106
55
91
80
95
78
89
78
98
81
92
104
104
98
106
92
121
101
118
125
134
159
156
150
151
185
220
210
232
247
254
303
310
394
351
471
474
508
563
641
732
849
886
968
1082
1093
1222
1328
1414
1596
1677
1655
1789
1911
2014
2048
2134
2294
2288
2295
2330
2390
2350
2375
2275
2211
2281
2166
2070
1960
1942
1940
1759
1606
1546
1513
1292
1260
1055
1034
982
824
770
714
593
535
485
432
341
329
284
231
236
172
153
137
140
112
108
88
96
58
68
51
52
52
42
41
39
34
37
33
31
34
38
19
25
21
17
23
27
27
12
30
21
17
20
19
10
15
7
21
16
21
11
15
15
13
20
10
13
11
15
12
15
12
18
14
10
14
11
19
22
11
7
13
8
14
10
11
12
12
24
15
18
12
11
17
10
17
18
19
18
12
16
14
8
8
13
17
17
17
16
18
17
14
11
9
13
11
8
15
8
8
15
14
8
14
11
10
13
18
5
13
12
12
15
9
4
10
11
14
17
12
12
12
8
12
7
12
15
15
7
14
8
7
13
10
9
5
12
11
8
12
6
10
7
10
7
11
8
9
11
12
10
10
13
12
9
11
14
14
8
3
15
8
13
12
12
10
13
11
18
17
14
19
13
15
12
16
19
14
15
16
13
25
26
21
19
15
17
18
9
16
22
22
17
20
16
9
12
14
20
22
16
20
18
16
16
10
17
15
16
14
21
12
11
10
4
11
7
6
7
15
9
12
5
12
10
13
11
10
15
9
10
11
12
9
13
11
6
13
10
7
8
11
3
7
12
11
9
6
12
5
8
6
5
7
5
11
11
6
10
10
14
2
10
11
5
8
8
9
6
14
9
10
10
6
6
9
3
8
9
10
7
8
5
8
9
9
9
6
5
10
8
7
12
7
6
8
7
9
4
8
14
5
8
10
7
8
7
7
6
4
7
8
4
1
6
3
11
10
9
12
5
10
6
7
10
10
6
11
12
6
2
9
9
5
5
5
8
10
10
8
10
5
3
8
8
6
10
5
9
4
10
12
5
8
12
6
12
4
12
5
9
4
8
4
8
8
5
6
10
9
4
4
10
12
6
7
6
7
8
8
7
11
10
12
5
10
7
8
11
8
9
8
3
6
9
6
2
6
6
7
5
8
6
7
6
4
2
9
10
6
7
9
9
3
11
7
10
9
5
12
4
11
7
5
5
10
7
4
11
16
7
7
9
5
11
6
7
12
6
6
8
13
12
12
9
11
11
12
6
11
11
14
9
6
9
5
12
8
7
9
9
7
7
3
10
7
11
4
9
9
4
9
10
9
8
9
11
12
9
7
6
10
4
4
12
11
11
5
7
4
9
6
6
9
3
2
4
14
11
8
9
5
15
5
11
7
16
9
5
10
5
4
12
12
6
11
12
6
10
11
5
8
8
9
10
9
4
6
10
16
12
11
13
9
6
8
9
9
5
6
8
6
4
9
2
5
12
8
5
9
5
8
5
6
5
5
9
8
8
8
6
10
10
7
7
6
3
11
2
5
9
9
7
6
3
6
8
6
4
5
4
7
7
6
4
8
8
7
12
8
7
12
10
6
9
4
2
7
6
4
6
10
9
8
9
3
5
8
2
5
7
6
3
7
6
6
8
8
8
5
3
7
7
7
3
6
3
7
4
8
5
6
5
7
3
5
6
6
5
7
4
8
7
3
2
4
3
7
5
8
9
2
4
11
4
10
5
4
6
5
3
4
4
6
3
4
5
12
9
10
3
7
4
7
11
5
3
9
5
4
5
6
5
5
2
3
1
4
2
3
8
5
3
4
5
1
7
10
3
5
9
9
5
4
5
9
3
3
2
5
3
4
6
4
4
7
1
2
2
7
5
4
6
4
6
2
4
7
4
7
4
0
8
8
4
3
3
1
2
6
4
5
4
2
5
9
9
3
4
7
5
4
3
7
4
7
5
9
3
5
3
2
3
5
4
3
5
5
7
7
4
5
3
4
9
4
8
4
11
3
6
9
3
4
11
5
9
7
6
6
4
10
11
12
11
4
10
9
9
9
3
10
15
6
16
10
13
13
14
13
17
21
16
14
19
15
23
12
17
19
22
10
22
20
14
18
10
10
15
7
17
9
9
11
4
6
13
10
6
6
2
12
5
7
6
4
6
5
6
6
12
6
6
5
6
3
6
2
6
4
4
9
3
4
8
7
2
9
6
6
2
4
5
4
6
2
4
4
4
5
7
2
6
3
3
3
4
5
5
5
2
1
6
2
7
2
3
2
0
5
2
6
6
5
6
4
5
6
3
3
7
4
5
1
2
2
4
3
10
3
5
4
2
7
1
4
2
3
6
4
5
0
7
6
7
7
2
6
5
1
5
2
3
6
8
3
3
5
3
4
2
3
$ROI:
39
424 531
429 529
440 544
440 545
440 549
443 544
443 553
490 516
679 1395
772 934
800 953
827 855
828 856
840 1946
849 1974
857 2002
872 900
880 1058
887 915
914 1083
1010 1038
1208 1258
1345 1375
1418 1448
2436 2526
3229 3279
3607 3645
6449 6521
6459 6531
6463 6535
6464 6536
6467 6539
6471 6543
6482 6526
6489 6513
6497 6521
12997 13047
12999 13049
13000 13050
