$SPEC_ID:
GAMWIN
$SPEC_REM:


$DETDESC:

$DATE_MEA:
09/05/2025 07:02:38
$MEAS_TIM:
28557.28 29103.17
$MCA_CAL:
3
1.32118272781372E+001 1.29107522964478E+000 0.00000000000000E+000
$DATA:
0 2047
0
0
0
0
0
0
0
0
0
0
0
0
0
0
0
0
0
0
0
0
0
0
0
0
0
0
0
0
0
0
0
0
0
0
0
1549
1509
1559
1622
1772
1914
2018
2131
2228
2326
2338
2306
2498
2843
3075
3324
3644
3709
3671
3386
3094
2912
2625
2532
2411
2416
2435
2344
2319
2178
1994
1920
1642
1546
1402
1326
1284
1255
1301
1183
1201
1136
1170
1188
1167
1157
1141
1152
1168
1131
1080
1152
1226
1187
1213
1203
1240
1225
1169
1136
1179
1184
1130
1098
1224
1186
1134
1132
1152
1126
1120
1192
1106
1093
1094
1067
1038
1097
1081
1006
1034
1007
1037
1015
1012
964
977
1002
1031
999
1048
1133
1110
1188
1174
1261
1173
1227
1163
1168
1034
1017
1032
993
996
973
932
932
946
895
951
936
973
957
967
916
895
903
895
869
964
936
911
951
1010
1095
1112
1339
1455
1550
1747
1959
1961
2001
2068
2084
2065
1923
1763
1534
1431
1305
1090
942
919
830
749
725
708
668
705
649
680
666
706
704
695
732
695
722
705
683
672
690
631
718
768
719
765
786
802
807
880
894
908
918
908
920
865
804
755
768
704
610
590
547
481
523
468
466
466
418
423
463
469
474
551
593
573
577
570
655
643
675
709
718
734
787
809
875
941
991
1002
1007
1024
994
995
1016
960
885
793
784
733
615
630
518
513
438
424
377
374
361
343
326
302
281
313
285
316
306
320
300
300
258
302
261
297
309
284
285
281
280
306
307
280
305
292
306
289
306
301
277
239
287
277
267
284
232
256
256
259
241
240
242
244
243
242
247
212
261
231
220
248
247
223
223
234
257
252
238
239
264
239
278
239
262
262
272
276
272
266
254
244
260
240
235
236
246
223
247
233
230
202
212
204
232
211
225
219
239
240
244
249
241
267
247
287
286
295
284
312
302
278
311
329
315
283
279
261
263
235
246
226
204
201
233
188
205
225
185
186
183
201
200
187
210
201
176
168
202
176
222
195
194
193
197
216
252
203
196
214
209
265
273
269
303
313
320
320
349
363
389
382
414
432
450
433
447
424
439
419
455
414
458
450
432
463
496
480
480
515
549
463
496
487
503
484
455
480
476
451
421
369
354
338
300
254
251
222
209
222
169
194
191
160
155
163
162
164
131
164
159
147
141
144
118
134
149
169
138
163
147
128
144
152
155
147
154
169
146
123
146
132
159
143
134
148
141
153
164
159
155
147
160
148
150
141
132
127
134
119
136
132
175
135
146
134
141
150
160
156
190
166
170
150
189
160
173
182
153
163
173
162
153
178
161
170
170
148
187
155
169
164
136
145
131
141
148
142
185
163
137
154
166
153
174
155
157
148
169
176
185
206
153
164
160
169
177
159
162
163
155
174
161
174
150
154
170
158
133
165
119
169
131
138
152
145
129
127
138
129
143
124
124
137
126
121
131
134
134
121
123
115
113
146
132
126
119
141
138
137
132
142
119
132
138
146
146
145
134
129
151
142
126
160
136
159
155
165
150
168
149
159
150
145
160
162
168
160
139
146
136
129
137
141
125
164
143
144
148
144
149
154
173
168
171
187
183
173
208
195
215
203
221
231
219
229
221
229
205
220
203
204
197
208
198
194
167
165
171
171
164
185
150
151
154
141
132
164
129
125
156
145
162
162
132
161
144
190
173
167
176
166
190
195
171
171
194
167
189
173
179
173
173
176
160
175
169
154
149
167
141
148
130
131
108
125
127
134
125
129
102
112
100
100
109
106
108
102
103
89
98
105
111
97
98
95
97
93
92
109
106
104
100
96
101
96
102
100
99
104
101
107
94
87
104
87
94
98
108
104
94
71
92
98
104
87
94
105
96
97
103
86
106
97
92
107
111
109
107
105
108
116
108
112
118
104
122
116
113
105
137
120
144
101
117
139
127
98
151
113
124
142
121
151
140
150
149
147
153
157
146
143
144
151
150
157
141
156
154
155
133
127
135
130
131
130
144
121
118
115
131
122
118
119
106
115
119
124
95
113
124
105
119
102
103
116
113
107
104
112
101
109
97
116
112
118
99
100
110
117
118
115
83
123
102
101
116
112
93
117
123
102
117
94
110
113
87
111
105
108
115
114
91
124
125
115
115
107
125
110
121
98
131
99
95
106
96
112
114
96
98
108
106
100
89
93
83
91
88
92
93
82
74
79
75
79
70
82
85
78
56
94
80
52
58
58
57
76
58
82
60
60
54
61
62
62
48
43
45
74
67
54
43
55
52
55
50
60
45
50
51
56
51
48
42
49
55
60
47
58
46
45
55
53
50
46
35
49
46
71
55
53
50
44
55
50
46
54
48
56
52
52
44
51
61
64
56
47
52
41
55
43
41
55
49
68
58
64
55
63
55
56
41
73
71
61
71
71
57
60
69
62
60
60
54
63
57
68
56
74
68
61
65
66
93
75
73
94
80
113
89
88
105
106
109
121
128
142
163
166
179
206
217
249
244
256
252
287
285
366
361
400
388
381
402
450
460
489
490
475
502
462
491
474
491
483
474
464
439
401
401
379
404
363
351
304
316
268
256
252
217
207
190
199
138
157
114
110
108
110
88
93
74
56
60
56
61
47
43
50
39
41
48
50
35
44
40
45
24
40
38
35
25
24
26
29
29
20
20
27
31
31
31
21
21
19
18
33
33
26
30
29
32
21
26
25
22
20
27
29
31
21
26
22
32
20
28
40
27
26
34
21
29
29
18
30
25
39
26
32
26
32
32
23
21
32
33
34
29
29
32
24
30
30
30
18
28
32
28
29
22
20
30
20
27
16
28
27
38
19
21
21
25
23
32
19
24
28
17
26
17
20
18
19
19
19
18
21
20
19
24
19
16
18
23
14
23
12
21
21
25
16
18
11
16
18
19
15
12
18
14
19
20
18
25
16
20
21
20
15
25
15
16
20
16
16
25
12
23
21
24
17
19
15
31
21
29
17
22
24
26
35
22
22
26
45
30
28
20
37
50
35
25
38
52
49
51
41
41
48
47
50
36
42
37
43
51
41
44
47
38
50
48
41
43
22
43
54
37
37
32
31
25
31
30
33
28
20
17
21
20
18
11
25
18
13
17
18
23
19
21
9
19
17
16
8
12
13
18
22
13
11
15
15
17
10
15
14
22
16
18
11
17
14
18
12
19
19
12
25
19
20
15
26
18
16
24
19
17
21
19
20
19
19
18
10
11
16
17
15
14
12
14
9
12
8
12
15
16
12
10
13
11
6
10
13
11
10
10
7
13
11
14
13
12
13
14
12
12
7
13
15
12
13
8
14
9
7
11
9
11
15
15
13
7
17
8
11
9
15
11
9
9
9
7
11
10
15
7
13
9
11
10
15
14
13
11
11
11
9
13
9
10
9
13
8
8
15
11
10
5
6
12
13
11
10
10
7
11
13
12
9
9
10
10
9
9
12
11
12
14
9
3
11
12
12
7
8
12
10
7
9
14
10
12
15
7
13
13
11
10
12
10
12
10
10
10
13
10
7
12
12
14
9
18
11
15
11
12
16
9
11
13
10
8
15
17
13
7
12
12
14
11
14
9
15
22
15
10
16
30
10
10
17
18
20
18
17
23
21
16
22
16
12
27
26
22
18
16
18
20
18
24
14
21
12
14
13
27
16
15
12
17
15
14
19
21
17
20
15
9
16
8
12
15
11
13
10
14
11
22
13
23
19
9
23
20
15
16
16
20
16
17
9
18
7
19
19
15
15
12
14
16
16
18
24
25
22
17
12
14
20
13
15
24
25
14
22
16
27
16
26
30
19
16
13
14
17
14
14
20
13
18
14
15
14
16
16
14
15
11
17
14
10
18
13
15
17
15
12
14
13
15
12
6
14
15
15
18
12
2
18
16
14
6
8
11
19
9
12
11
10
12
10
16
12
12
11
10
15
15
13
10
18
9
14
10
14
8
10
10
15
16
12
10
17
15
9
13
13
21
11
16
11
14
13
17
9
14
7
3
17
14
13
9
13
10
10
7
12
12
15
6
10
11
13
13
13
17
6
13
12
12
10
14
8
7
11
9
9
9
12
5
12
4
9
11
11
12
13
6
6
13
7
8
11
10
11
9
9
7
8
12
11
9
4
13
5
12
15
9
7
9
4
8
4
7
13
6
3
9
5
6
10
12
6
6
10
8
4
13
7
6
8
10
7
15
11
10
7
7
9
9
7
8
9
11
5
5
11
6
6
8
12
2
7
6
6
7
8
4
8
10
8
3
6
9
8
5
6
5
7
4
9
7
5
3
9
6
8
7
5
3
10
8
7
4
5
8
7
6
7
10
8
5
6
8
7
8
6
6
8
3
12
8
8
7
8
10
10
5
11
10
9
7
9
10
8
9
21
20
14
20
16
21
18
20
22
19
26
23
24
17
31
26
26
40
45
42
35
29
28
25
30
31
36
29
37
40
36
44
36
38
41
46
26
31
34
32
27
21
30
28
27
27
28
19
16
29
23
10
26
19
17
18
20
7
14
12
19
11
9
7
10
11
9
11
13
11
7
5
8
6
9
7
6
3
9
7
5
8
10
3
10
4
5
6
2
7
2
6
4
6
2
4
6
11
6
4
4
5
6
8
2
11
5
5
6
2
5
3
7
4
5
1
7
3
3
5
4
2
8
7
2
3
6
1
2
2
4
2
7
8
3
7
3
3
2
1
1
6
1
4
4
8
7
4
2
5
9
9
3
7
5
8
6
10
3
4
3
6
6
$ROI:
43
143 193
144 194
424 531
429 529
440 544
440 545
440 549
443 544
443 553
490 516
604 1134
679 1395
690 1434
772 934
800 953
827 855
828 856
840 1946
849 1974
857 2002
872 900
880 1058
887 915
914 1083
1010 1038
1208 1258
1345 1375
1418 1448
2436 2526
3229 3279
3607 3645
6449 6521
6459 6531
6463 6535
6464 6536
6467 6539
6471 6543
6482 6526
6489 6513
6497 6521
12997 13047
12999 13049
13000 13050
