$SPEC_ID:
GAMWIN
$SPEC_REM:


$DETDESC:

$DATE_MEA:
09/05/2025 15:08:36
$MEAS_TIM:
223323.74 226846.25
$MCA_CAL:
3
1.32118272781372E+001 1.29107522964478E+000 0.00000000000000E+000
$DATA:
0 2047
0
0
0
0
0
0
0
0
0
0
0
0
0
0
0
0
0
0
0
0
0
0
0
0
0
0
0
0
0
0
0
0
0
0
0
10542
10806
11216
11939
12913
14033
15158
16057
16654
16869
17338
18267
19481
21538
24080
26475
28409
29261
28610
26490
24806
22405
21034
19487
19627
19242
18943
18698
18179
17058
15880
14398
12955
11989
11124
10437
9904
9536
9231
9301
9434
9189
9342
9155
9031
8935
9080
9056
8903
8812
9119
9043
9145
9281
9268
9563
9546
9355
9563
9411
9378
9226
9138
9336
9248
9385
9528
9410
9285
9261
9184
9079
9219
8956
8888
8970
8802
8609
8616
8540
8499
8430
8124
7996
7913
7920
8001
8011
8309
8406
8715
9032
9267
9512
9855
10020
10154
9934
9821
9308
8941
8790
8419
7927
7747
7691
7545
7588
7447
7576
7632
7446
7594
7447
7312
7373
7280
7144
7139
6977
7012
6938
7219
7288
7703
8147
8761
9661
10544
11692
12834
13710
14740
15245
15796
15831
15439
14506
13324
12506
11218
9983
8789
7973
7287
6500
5947
5758
5488
5471
5373
5229
5376
5184
5281
5342
5427
5494
5424
5573
5471
5547
5307
5509
5481
5534
5838
5986
6293
6524
6856
7261
7515
7730
8148
7992
8047
7935
7602
7213
6772
6301
5792
5415
4923
4610
4353
3959
3864
3700
3698
3640
3622
3751
3786
3859
3893
4132
4130
4377
4571
4844
5063
5286
5408
5919
6235
6685
7039
7354
7839
8283
8597
9130
9310
9374
9234
9111
8928
8523
8049
7363
6873
6048
5471
4849
4283
3972
3501
3144
2902
2778
2536
2444
2491
2292
2367
2270
2213
2269
2276
2229
2242
2299
2218
2249
2286
2179
2175
2263
2277
2187
2292
2317
2200
2285
2212
2315
2225
2169
2163
2204
2045
2094
2084
2023
1883
1877
1899
1930
1918
1875
1842
1768
1795
1791
1716
1784
1788
1728
1728
1606
1768
1768
1682
1787
1760
1804
1785
1837
1901
1871
1891
1863
1913
1916
1967
1894
1985
1980
1915
1914
1835
1894
1811
1684
1684
1699
1682
1636
1643
1619
1670
1622
1590
1624
1606
1496
1647
1604
1686
1706
1811
1840
1844
1909
1870
1954
1988
2123
2018
2086
2241
2111
2118
2085
2049
2039
1920
1884
1776
1793
1739
1613
1568
1644
1475
1464
1462
1493
1352
1392
1284
1347
1372
1314
1344
1289
1315
1331
1303
1322
1337
1419
1378
1464
1460
1468
1548
1579
1565
1647
1777
1781
1937
1952
2141
2174
2397
2456
2543
2567
2902
2918
2992
3164
3220
3093
3213
3233
3345
3441
3400
3592
3595
3675
3916
4022
3953
4180
4493
4448
4439
4602
4594
4739
4577
4377
4192
4040
3900
3615
3397
3168
2806
2709
2422
2193
1950
1869
1724
1483
1383
1359
1258
1197
1194
1161
1151
1038
1086
1060
975
1013
1064
1028
1052
1027
1018
1099
1089
1106
1104
1080
1085
1056
1096
1030
1029
1017
1061
1016
1051
1010
1003
982
1061
1003
1053
1044
947
1029
1038
963
985
965
943
1014
1039
1026
1000
1050
1111
1055
968
1102
1063
1058
1005
1040
1131
1145
1141
1146
1126
1120
1185
1188
1235
1304
1188
1235
1180
1260
1239
1183
1193
1176
1092
1144
1104
1130
1125
1076
1070
1031
1052
1082
1104
1076
1133
1111
1079
1127
1157
1148
1234
1177
1223
1314
1221
1211
1268
1252
1185
1265
1260
1247
1297
1228
1248
1166
1199
1171
1222
1193
1104
1159
1159
1083
1149
1096
1061
1077
1016
1019
1014
1063
981
936
936
951
940
936
945
931
933
862
866
888
849
860
813
902
839
899
859
957
903
869
967
927
926
938
933
890
929
924
958
927
942
975
897
966
1006
982
948
1012
1062
1002
1039
1085
1108
1048
1047
996
1035
1023
1068
1016
993
992
953
1006
938
963
963
1018
981
925
1023
1016
1053
1063
1167
1100
1161
1217
1276
1352
1365
1362
1412
1451
1469
1541
1519
1484
1529
1585
1487
1527
1417
1497
1360
1281
1322
1340
1246
1194
1240
1113
1097
1126
1069
1094
1025
986
978
1037
1010
1031
1042
1023
995
1090
1044
1008
1089
1085
1172
1135
1173
1210
1237
1209
1243
1260
1282
1237
1201
1223
1172
1141
1162
1165
1156
1057
1044
1066
1017
969
970
900
858
845
805
775
763
719
803
674
678
703
713
658
630
682
693
638
605
614
659
633
629
620
653
616
558
564
633
611
568
594
645
602
599
557
618
593
597
654
623
620
626
571
611
617
635
621
633
594
647
623
571
590
638
599
621
599
591
665
593
646
663
641
600
593
635
651
665
619
654
622
680
676
653
698
717
732
707
734
752
735
795
765
774
830
826
924
978
1010
982
1001
980
1057
1087
1029
1098
1061
1002
1107
1135
1079
1088
1070
1044
1052
1057
1060
967
984
954
929
858
858
829
825
863
774
837
739
675
696
722
684
666
734
673
690
704
647
640
623
638
633
647
628
663
616
627
660
612
603
632
593
637
629
593
583
605
573
601
575
584
597
561
574
593
620
626
623
592
576
595
628
664
600
674
624
633
663
667
630
645
638
667
672
698
676
684
710
710
702
662
700
713
695
684
696
729
687
714
709
660
663
663
605
634
607
611
556
591
575
555
521
530
512
489
450
475
487
481
513
436
446
441
438
425
423
435
426
405
442
429
418
381
369
387
397
386
337
379
382
371
384
371
415
349
367
354
354
351
340
329
341
353
370
344
324
375
319
353
323
358
354
356
334
356
330
339
326
325
294
327
375
354
341
343
340
338
348
351
380
352
420
352
369
433
383
388
408
421
430
440
436
431
434
468
448
493
419
488
456
418
461
483
478
444
536
456
507
436
493
475
518
487
520
510
485
466
508
477
472
507
506
485
489
516
469
537
576
588
597
613
638
667
661
735
724
828
795
847
912
1033
1098
1140
1189
1290
1381
1368
1533
1516
1688
1741
1766
1887
1944
2028
2055
2066
2044
2145
2110
2158
2052
2135
2118
2112
2038
2027
1893
1902
1725
1730
1556
1530
1417
1376
1274
1237
1069
1004
961
923
844
811
717
667
630
551
563
516
482
468
430
457
409
406
388
348
342
317
356
308
342
310
315
324
314
277
303
265
287
250
270
272
273
262
237
213
256
210
219
245
242
231
226
229
214
242
234
209
208
238
190
232
212
220
214
190
200
234
233
224
239
220
222
230
219
263
198
252
243
231
237
192
257
247
233
256
244
272
262
277
282
252
263
247
247
225
234
231
249
247
240
243
230
210
226
228
234
186
192
201
206
203
214
183
209
200
179
185
198
180
171
179
158
178
197
159
156
161
196
154
167
160
171
166
158
157
171
169
183
158
150
150
161
153
168
148
157
131
163
170
154
164
187
156
165
158
150
155
158
153
144
140
178
158
168
184
168
179
195
160
164
194
168
175
196
184
201
194
211
183
210
220
212
252
230
254
274
265
230
277
295
285
304
311
295
315
313
295
344
343
378
366
378
410
402
378
410
369
392
421
432
390
398
390
420
397
359
415
400
380
375
332
333
350
325
354
317
311
296
322
285
257
240
216
232
230
179
205
198
197
192
184
182
159
165
152
145
143
139
153
120
132
125
136
137
137
140
116
151
123
147
121
125
165
166
155
151
148
112
146
160
139
134
155
160
162
143
146
145
132
150
125
156
153
137
128
138
125
127
120
123
125
116
116
117
96
108
101
103
122
113
103
99
126
107
100
99
110
88
91
90
115
112
101
102
95
85
117
101
86
94
105
91
106
110
76
110
70
93
91
101
80
90
85
102
105
84
89
108
102
93
100
100
71
85
90
78
83
105
86
92
85
79
74
96
86
107
95
96
95
83
94
83
104
93
81
101
96
84
87
74
63
116
90
90
101
103
87
87
78
84
79
76
65
87
97
87
72
82
80
94
69
100
82
92
105
76
104
82
75
82
86
79
95
82
87
68
90
87
88
80
93
88
90
76
83
85
84
98
85
97
76
96
70
92
77
92
95
81
67
85
96
80
101
91
82
87
90
78
93
108
82
91
87
109
86
99
105
102
94
104
102
107
105
115
120
131
142
126
141
139
128
140
137
139
149
140
146
154
159
160
153
168
147
120
156
137
141
129
120
160
155
156
141
129
146
124
138
118
141
119
93
115
102
106
117
129
90
109
118
130
123
97
114
138
92
107
103
116
115
112
111
126
126
115
118
119
116
137
118
150
128
138
141
138
134
144
151
140
152
151
157
187
147
155
147
153
129
143
146
159
138
175
137
143
147
145
146
162
126
143
149
142
111
143
145
128
118
127
119
108
111
120
105
109
121
108
102
107
107
96
93
89
112
83
104
93
109
98
96
98
98
70
96
104
102
94
90
94
83
99
88
90
80
95
86
103
77
101
105
103
94
90
96
97
103
97
92
98
87
107
94
92
88
94
90
89
88
87
85
87
105
98
92
85
98
93
76
97
86
98
101
93
75
94
113
84
76
101
84
93
93
90
92
102
87
75
97
86
69
92
89
84
78
102
84
84
78
85
73
79
73
84
77
71
69
67
88
74
82
82
70
84
87
85
76
74
77
71
66
66
74
81
74
76
69
80
68
85
76
72
68
83
70
62
59
76
65
69
59
55
72
75
85
69
67
71
81
89
81
80
98
65
67
75
60
78
70
81
63
67
66
80
63
59
59
64
64
54
83
54
64
67
67
62
83
50
53
63
53
54
55
55
59
53
50
49
59
44
49
50
48
49
48
50
53
56
61
46
50
58
61
48
47
39
50
60
51
57
40
60
48
44
60
54
42
55
46
48
53
46
39
57
47
40
52
49
62
57
69
58
61
58
62
65
55
83
88
78
85
95
103
118
94
97
85
93
110
97
104
120
111
118
144
133
159
157
154
157
154
189
169
167
184
211
212
214
223
274
233
253
275
270
240
266
252
230
249
246
239
237
260
232
228
244
237
244
224
216
235
201
197
196
181
165
163
168
168
164
154
136
114
116
106
113
110
95
110
88
83
84
81
74
72
68
53
67
49
54
43
54
45
55
46
52
45
55
48
41
48
47
45
49
52
49
51
59
35
42
42
47
43
44
42
48
35
35
43
50
34
38
41
42
41
42
32
40
44
37
41
35
28
27
38
34
48
40
40
51
36
34
31
35
37
31
32
36
45
35
39
28
46
28
53
39
41
34
39
36
45
36
38
44
36
27
37
38
34
39
45
36
41
45
36
46
39
36
30
$ROI:
43
143 193
144 194
424 531
429 529
440 544
440 545
440 549
443 544
443 553
490 516
604 1134
679 1395
690 1434
772 934
800 953
827 855
828 856
840 1946
849 1974
857 2002
872 900
880 1058
887 915
914 1083
1010 1038
1208 1258
1345 1375
1418 1448
2436 2526
3229 3279
3607 3645
6449 6521
6459 6531
6463 6535
6464 6536
6467 6539
6471 6543
6482 6526
6489 6513
6497 6521
12997 13047
12999 13049
13000 13050
