$SPEC_ID:
GAMWIN
$SPEC_REM:


$DETDESC:

$DATE_MEA:
09/08/2025 13:59:42
$MEAS_TIM:
59868.17 61164.00
$MCA_CAL:
3
1.32118272781372E+001 1.29107522964478E+000 0.00000000000000E+000
$DATA:
0 2047
0
0
0
0
0
0
0
0
0
0
0
0
0
0
0
0
0
0
0
0
0
0
0
0
0
0
0
0
0
0
0
0
0
0
0
3631
3613
3773
4078
4171
4430
4895
5070
5285
5235
5593
5677
6116
6599
7439
8098
8753
8590
8627
7962
7459
6796
6169
5840
5856
5731
5755
5680
5492
5153
4787
4392
4002
3630
3418
3175
3130
2962
3016
2937
2927
2830
2818
2796
2861
2770
2857
2703
2697
2710
2803
2717
2897
2898
2963
2830
2888
3033
2834
2880
2766
2780
2756
2809
2787
2830
2722
2714
2717
2642
2703
2813
2634
2586
2692
2616
2611
2484
2532
2489
2386
2482
2416
2356
2414
2451
2386
2358
2375
2412
2522
2599
2598
2762
2762
2827
2810
2817
2769
2695
2540
2447
2378
2382
2208
2189
2237
2280
2183
2237
2235
2269
2235
2382
2348
2243
2200
2147
2169
2257
2191
2217
2235
2294
2374
2568
2803
3101
3420
3775
4032
4333
4663
4866
4908
4997
4646
4472
4165
3800
3303
3016
2580
2308
2177
1991
1843
1743
1661
1682
1540
1570
1587
1663
1631
1659
1706
1702
1686
1703
1711
1645
1712
1621
1658
1649
1691
1667
1713
1725
1928
1965
2100
2067
2162
2184
2264
2084
1971
1930
1873
1699
1662
1450
1468
1304
1262
1139
1161
1178
1117
1163
1148
1173
1124
1205
1272
1263
1269
1446
1411
1464
1489
1599
1686
1685
1690
1896
1958
2002
2062
2203
2237
2367
2401
2386
2334
2338
2228
2001
2026
1838
1708
1539
1349
1306
1135
1086
964
881
892
874
760
734
731
753
744
728
728
682
729
656
658
721
739
702
694
677
758
730
663
670
701
723
747
723
653
728
655
661
688
682
703
619
589
592
646
628
580
616
542
599
600
578
564
601
561
599
548
534
526
569
580
579
580
576
577
601
569
542
606
558
619
606
643
629
663
629
600
622
645
606
538
590
610
603
576
534
540
543
520
475
520
525
520
511
500
483
529
529
536
605
596
612
623
648
665
680
621
660
732
672
730
674
688
661
662
627
602
588
592
567
539
470
488
440
522
455
500
475
425
465
412
446
395
445
428
436
427
450
395
435
470
466
450
464
512
513
504
466
558
584
617
618
661
648
767
737
755
886
822
953
965
963
960
1014
992
973
1052
1065
1091
1059
1017
1000
1023
1109
1024
1075
1044
1148
1130
1192
1156
1163
1155
1101
1138
1109
1074
987
933
948
831
765
749
680
625
565
527
493
438
422
403
438
384
401
394
336
338
328
351
365
352
326
333
356
364
347
362
340
365
373
351
326
373
358
345
368
348
342
356
354
351
344
325
302
351
332
329
317
340
298
316
332
342
327
325
313
360
347
346
359
323
351
338
375
345
343
383
355
370
382
392
373
401
391
457
461
385
429
430
372
398
397
435
420
373
352
383
383
365
369
405
374
372
353
349
349
356
343
327
345
384
361
381
388
382
369
383
372
431
400
403
428
366
377
426
392
365
402
407
324
391
371
366
352
406
365
339
384
399
369
355
341
312
326
325
309
316
305
314
301
317
296
311
333
296
334
314
317
288
321
284
290
285
322
296
332
314
329
306
328
316
316
328
311
324
336
342
343
343
323
351
332
321
352
335
336
343
359
330
327
348
344
353
371
360
315
332
357
323
330
336
324
324
379
327
330
365
309
369
335
379
392
423
423
439
422
448
488
461
503
472
557
479
534
532
521
510
496
498
506
528
471
485
454
427
449
404
385
404
353
367
409
354
327
354
371
365
343
336
368
362
361
365
368
389
402
418
434
408
420
445
440
423
426
461
439
447
432
458
423
418
442
431
411
410
383
379
407
354
359
300
317
311
296
332
284
249
269
270
282
268
270
248
252
266
280
243
219
256
246
234
231
237
257
249
241
237
270
243
237
246
259
225
222
222
246
225
250
243
237
246
286
256
278
235
250
247
236
222
251
254
264
248
236
255
231
256
262
240
245
240
234
259
237
237
268
244
250
271
231
220
267
272
282
262
275
289
278
311
261
272
284
257
267
330
274
294
356
341
312
323
329
330
384
353
341
333
375
384
364
342
344
342
383
334
320
317
340
330
364
301
317
309
283
314
277
289
283
274
301
292
276
246
256
290
275
249
258
264
257
270
255
283
296
264
250
277
269
290
275
239
256
253
248
257
272
251
263
246
252
254
262
271
259
242
256
285
247
237
269
247
253
250
237
273
246
265
257
268
280
247
229
283
290
262
272
246
253
249
268
285
257
292
284
255
294
264
261
236
266
241
232
214
208
244
230
206
211
225
202
230
226
188
166
191
173
179
186
154
177
163
157
161
160
135
144
171
149
125
147
150
134
146
144
141
127
142
131
134
119
127
146
120
133
121
138
113
111
125
105
91
118
124
98
101
109
124
122
113
107
113
115
107
107
117
109
105
120
86
99
116
107
114
114
112
107
92
104
119
112
102
113
107
120
122
106
116
99
128
131
114
110
100
146
132
143
127
127
137
132
129
129
106
123
145
121
148
131
153
127
155
145
154
146
151
148
137
155
155
160
155
162
171
179
191
169
173
192
226
233
223
238
250
318
314
367
326
366
398
454
460
493
567
596
634
677
721
806
828
882
924
973
1091
1005
1082
1200
1134
1184
1222
1198
1200
1250
1287
1173
1134
1168
1152
1140
1050
998
943
944
936
797
794
740
646
625
576
519
488
449
408
364
350
295
254
255
221
210
183
198
159
168
130
135
137
127
120
99
115
112
96
91
78
80
79
91
85
72
75
71
62
94
74
65
72
64
64
62
64
54
65
61
64
57
56
51
50
55
54
51
52
61
63
56
51
64
78
65
68
69
67
57
69
74
64
57
61
65
73
66
75
70
72
77
79
68
70
77
68
76
71
80
64
76
82
63
60
70
79
70
71
55
70
64
62
78
62
62
59
63
54
59
58
65
57
64
65
51
52
36
46
49
63
57
53
37
47
44
40
36
39
51
49
50
42
54
36
45
44
39
40
47
27
47
37
48
46
44
50
52
52
43
43
36
45
40
41
37
33
26
44
40
40
45
38
48
45
47
52
42
45
46
35
42
50
38
45
49
66
34
44
55
56
62
60
63
60
61
84
69
52
87
62
75
91
54
72
81
73
90
87
87
93
82
91
97
96
97
94
114
110
96
103
82
96
96
95
74
83
90
94
85
88
86
83
73
62
71
66
58
66
64
53
64
57
59
49
58
51
41
46
34
49
39
47
34
35
41
42
27
29
43
31
30
30
41
25
27
32
32
29
36
31
31
35
38
36
33
29
40
32
31
40
33
39
43
32
36
46
41
41
44
31
36
35
47
38
30
28
39
32
29
30
30
28
30
41
32
29
39
26
27
39
31
25
29
32
27
27
32
37
23
32
38
29
29
23
35
32
31
27
23
19
27
23
24
23
31
25
32
23
30
31
23
33
29
27
22
27
30
21
25
22
26
24
19
19
28
20
38
40
22
30
26
20
29
18
34
21
23
19
22
33
33
28
18
32
24
25
30
29
30
23
31
17
24
30
26
25
30
30
28
20
22
22
29
22
27
29
24
30
29
31
28
19
26
26
31
15
22
18
21
28
36
21
20
32
26
21
31
27
20
27
23
21
24
19
22
30
18
30
22
21
34
19
21
35
32
21
24
31
26
24
25
22
28
31
27
24
31
29
24
33
27
27
23
25
35
38
35
32
35
34
35
30
36
37
32
31
47
48
38
36
53
47
50
42
34
48
45
46
55
42
40
42
43
57
51
41
35
44
37
39
42
35
32
35
43
34
38
27
31
23
35
32
29
39
28
32
31
37
30
23
37
29
33
24
28
31
37
38
26
32
30
38
35
50
27
26
40
36
31
35
41
28
35
41
42
47
47
46
37
49
35
38
41
49
43
49
47
43
50
59
50
36
34
35
43
30
32
45
27
41
37
42
41
33
32
30
37
35
39
35
23
39
27
25
31
36
33
23
24
34
20
30
24
30
27
26
31
35
24
28
35
41
32
28
33
35
37
24
27
22
37
30
27
38
40
31
38
22
16
26
27
30
30
24
33
24
30
27
29
36
36
19
27
26
32
30
33
22
26
20
33
24
36
21
24
27
31
39
26
27
28
38
37
24
21
42
29
26
34
36
29
29
17
29
22
28
31
14
28
26
22
31
23
23
27
26
29
25
31
19
33
27
21
19
23
30
26
23
20
27
21
17
20
23
22
25
13
23
16
20
21
24
19
21
20
23
25
24
19
24
20
16
21
25
21
16
18
15
26
23
22
17
27
17
16
14
21
16
15
21
19
20
27
23
25
22
17
12
28
21
20
12
24
24
19
10
22
24
20
17
14
16
18
16
18
18
16
20
10
10
12
18
10
18
9
16
18
18
14
14
14
11
16
12
13
13
10
8
12
13
16
14
11
22
13
9
23
16
12
16
14
10
10
13
17
16
9
18
14
17
17
16
16
15
21
19
17
17
16
20
18
19
15
27
14
26
21
20
33
30
39
24
30
27
50
31
48
62
41
54
55
57
61
49
51
66
61
59
76
50
72
72
74
68
96
90
87
76
85
92
92
66
74
87
97
84
103
95
85
93
79
92
49
76
79
69
77
64
71
51
85
60
53
41
61
54
42
31
40
37
26
32
29
26
27
28
22
26
24
19
23
23
13
13
18
15
13
19
24
16
14
14
9
15
15
11
4
14
16
9
10
11
7
11
13
8
19
14
11
16
13
9
10
14
14
9
14
11
14
9
16
21
6
12
9
7
7
15
13
7
10
13
13
11
10
11
16
12
6
17
13
11
7
8
10
7
12
8
9
12
5
15
9
12
12
10
13
9
7
14
11
6
9
11
14
9
10
10
10
15
9
9
17
11
9
18
$ROI:
43
143 193
144 194
424 531
429 529
440 544
440 545
440 549
443 544
443 553
490 516
604 1134
679 1395
690 1434
772 934
800 953
827 855
828 856
840 1946
849 1974
857 2002
872 900
880 1058
887 915
914 1083
1010 1038
1208 1258
1345 1375
1418 1448
2436 2526
3229 3279
3607 3645
6449 6521
6459 6531
6463 6535
6464 6536
6467 6539
6471 6543
6482 6526
6489 6513
6497 6521
12997 13047
12999 13049
13000 13050
