$SPEC_ID:
GAMWIN
$SPEC_REM:


$DETDESC:

$DATE_MEA:
09/08/2025 06:10:27
$MEAS_TIM:
27530.75 28051.88
$MCA_CAL:
3
1.32118272781372E+001 1.29107522964478E+000 0.00000000000000E+000
$DATA:
0 2047
0
0
0
0
0
0
0
0
0
0
0
0
0
0
0
0
0
0
0
0
0
0
0
0
0
0
0
0
0
0
0
0
0
0
0
1466
1468
1537
1631
1688
1861
1998
2136
2146
2188
2278
2377
2574
2774
3036
3331
3568
3562
3625
3246
3024
2756
2602
2469
2425
2396
2440
2322
2285
2121
1990
1808
1670
1490
1378
1384
1262
1233
1180
1204
1190
1123
1125
1168
1109
1136
1117
1065
1138
1067
1112
1095
1243
1223
1220
1162
1238
1206
1192
1190
1216
1150
1160
1151
1154
1158
1200
1067
1127
1159
1165
1083
1142
1099
1118
1127
1075
1033
1019
1109
963
1021
929
941
987
913
915
978
998
984
1071
1065
1054
1089
1174
1196
1216
1239
1205
1097
996
1030
996
930
951
962
922
924
939
928
965
942
973
917
954
887
903
913
888
920
907
932
967
900
1053
1047
1142
1310
1365
1530
1694
1845
1948
1970
2009
2022
1909
1780
1769
1583
1418
1252
1111
952
888
818
719
688
661
669
638
631
673
647
635
671
688
722
674
699
682
676
746
651
679
733
728
686
713
775
827
792
856
945
903
909
888
848
812
761
718
727
654
605
609
576
498
478
482
470
495
446
455
460
471
475
489
541
566
515
603
642
683
652
722
729
733
809
811
837
880
937
867
934
972
997
977
944
927
845
843
763
709
621
592
503
495
425
367
372
328
350
328
329
291
300
309
269
292
234
301
268
299
259
295
297
297
265
270
282
294
297
257
290
324
328
294
286
282
294
262
283
281
248
241
271
257
239
263
265
244
253
241
231
228
221
233
209
249
254
247
242
240
227
242
236
246
224
270
228
243
251
238
237
249
249
292
263
264
260
268
217
249
242
243
231
218
261
203
240
204
210
214
223
206
205
188
233
209
227
228
247
255
233
273
260
293
287
301
293
294
315
319
244
268
277
290
279
278
264
220
231
241
212
202
192
179
197
186
193
199
173
177
170
188
161
194
188
195
194
185
179
193
190
194
187
204
184
203
213
236
232
233
237
275
293
289
323
316
317
347
352
396
441
406
416
415
411
413
457
440
411
423
436
435
429
441
472
438
450
454
441
489
474
460
477
470
464
419
413
410
385
343
328
333
282
275
230
210
207
175
169
175
171
171
155
141
142
134
147
125
131
130
145
136
162
151
150
148
164
155
138
151
124
143
136
158
135
146
133
144
139
161
157
133
121
150
122
137
139
134
112
139
124
156
150
136
147
141
140
141
168
142
111
144
149
139
144
141
131
155
150
140
143
159
162
168
152
155
165
183
173
128
167
180
166
175
173
151
152
138
134
138
141
146
152
133
149
166
148
166
129
143
135
151
158
185
150
139
159
129
158
149
167
157
154
172
196
161
159
161
171
162
137
155
148
149
158
131
150
162
140
155
149
132
139
139
140
143
126
108
119
126
105
119
93
126
128
115
98
115
112
135
116
121
119
113
135
131
125
129
129
127
129
132
130
154
121
123
121
145
141
142
154
137
149
143
140
131
137
134
137
113
118
152
129
137
131
133
172
137
112
142
139
136
148
127
150
167
139
137
141
153
185
149
163
198
187
146
192
204
211
202
207
231
209
198
238
215
233
204
217
196
209
211
168
190
172
149
192
170
156
123
136
153
152
154
166
149
142
142
130
151
147
145
150
173
140
148
184
166
163
193
179
188
179
185
190
180
194
186
193
189
160
163
149
150
167
152
166
148
136
135
130
133
126
142
109
123
98
113
115
97
125
117
127
89
96
100
116
95
96
77
78
80
94
86
106
81
82
94
91
108
98
98
92
105
80
109
97
86
82
104
79
103
95
87
86
113
104
96
90
96
88
103
101
124
103
93
80
97
88
103
85
98
104
99
90
88
118
119
84
119
90
99
127
91
99
110
100
93
85
138
108
115
113
115
112
109
127
135
118
134
133
139
128
153
155
153
123
145
121
133
137
120
137
123
141
152
129
128
131
130
149
117
121
123
97
109
98
125
136
90
84
88
111
103
100
100
95
112
119
93
112
96
98
101
113
94
93
116
107
102
88
112
101
87
110
112
104
95
93
89
120
112
108
104
100
99
86
119
94
135
106
112
106
134
121
100
125
102
104
99
99
113
93
115
99
115
110
97
103
119
108
89
98
104
117
102
100
117
108
94
79
95
96
94
78
87
77
70
62
77
89
80
79
72
66
72
71
79
68
56
66
76
63
55
65
67
55
55
60
60
62
45
45
53
52
65
57
50
48
54
55
40
70
46
57
40
52
44
43
60
40
46
39
47
48
47
56
49
39
49
42
56
50
42
48
45
51
45
33
35
60
35
36
46
66
45
49
42
48
48
34
50
45
53
48
44
40
58
48
64
40
57
54
56
57
56
52
69
56
57
76
76
55
52
47
53
55
66
63
72
68
45
64
66
53
49
54
60
65
63
52
59
61
83
85
58
82
87
98
91
91
94
106
125
122
141
138
169
162
166
242
239
242
240
234
276
317
304
321
359
367
373
383
416
427
484
434
463
491
464
435
474
459
469
477
417
429
387
380
328
345
381
330
322
277
267
223
192
186
166
155
151
132
123
111
107
98
91
98
64
66
72
52
47
47
54
43
40
35
38
40
29
41
45
42
34
35
37
31
33
30
24
25
32
27
33
33
25
29
17
26
21
19
19
26
30
23
30
14
31
25
25
22
23
21
24
28
28
23
41
21
19
31
29
26
26
18
29
25
25
28
31
24
28
32
25
33
23
43
34
23
26
34
37
31
45
25
36
30
28
21
24
33
20
31
31
31
31
26
17
21
30
31
30
23
26
32
16
25
23
28
20
15
16
22
24
24
17
16
11
25
15
19
25
20
16
19
22
10
18
12
20
15
15
15
23
17
12
15
25
16
26
12
22
21
22
12
21
15
12
14
14
17
21
17
16
14
14
16
21
18
17
18
20
20
16
15
19
28
15
26
19
25
29
25
22
29
29
28
23
38
33
42
25
31
31
24
54
28
37
38
44
26
41
39
39
36
43
46
37
42
32
50
38
49
41
32
49
42
34
29
36
43
32
33
35
28
35
29
28
23
31
36
25
22
26
18
24
17
17
19
17
23
17
16
14
26
12
25
11
19
20
19
12
17
18
13
11
10
16
18
12
15
11
14
20
14
12
17
15
9
24
11
7
18
11
10
19
11
16
26
18
18
17
15
9
19
13
14
22
22
22
11
11
16
9
19
13
11
6
13
14
19
10
5
12
9
13
20
13
16
14
9
15
19
19
12
6
10
14
16
14
8
12
7
10
9
10
11
14
7
10
10
11
5
12
17
13
15
14
9
10
11
10
13
9
17
9
13
18
18
9
6
10
6
8
11
8
10
14
16
8
7
10
12
11
22
4
9
13
16
12
6
4
9
7
12
10
15
6
20
13
7
6
11
12
15
8
9
10
13
6
16
13
14
11
10
14
6
11
11
9
17
9
9
9
13
14
11
5
8
7
14
9
16
11
12
10
8
14
8
13
11
10
9
7
8
13
8
19
19
13
11
15
14
10
15
12
17
8
13
10
11
15
9
17
11
6
20
14
9
12
6
14
15
13
17
11
17
17
18
15
13
19
23
25
19
25
21
16
14
18
22
19
22
17
19
20
13
19
12
27
20
17
17
13
16
9
11
23
12
9
13
25
14
26
9
10
15
8
16
10
18
14
15
17
15
11
22
8
14
17
10
12
17
11
18
14
9
17
17
15
10
17
15
20
18
28
28
12
17
12
12
23
21
26
17
21
24
16
23
13
18
25
25
12
21
14
12
19
16
13
15
15
14
15
19
17
18
10
21
10
12
13
13
7
13
18
12
9
10
11
18
19
14
10
13
14
11
13
8
8
11
17
18
8
21
13
8
7
10
9
8
13
10
13
11
15
10
11
12
10
11
12
17
10
15
15
18
10
16
10
10
13
11
13
12
9
11
13
11
14
16
4
14
15
8
10
15
16
11
17
11
14
14
7
7
16
18
9
10
21
8
12
8
12
12
5
11
8
17
9
7
18
4
11
11
8
11
14
9
10
17
14
17
9
14
8
6
11
3
11
10
12
13
6
9
14
14
10
13
9
10
6
14
7
15
5
9
10
11
6
5
10
11
9
9
6
16
6
12
6
6
9
6
8
10
11
12
15
7
3
4
9
11
13
10
7
3
7
9
7
9
11
4
13
7
10
7
8
8
8
2
11
14
4
4
2
2
7
3
10
4
7
9
5
8
6
5
7
4
13
1
11
7
6
9
3
6
6
8
3
6
3
10
4
5
6
5
8
6
4
3
3
8
5
8
7
6
10
1
9
7
5
12
11
9
4
6
6
7
6
5
9
14
8
6
12
7
9
7
13
15
12
13
11
9
12
15
20
11
18
24
23
17
16
21
23
23
19
31
33
20
31
22
27
35
36
29
39
35
36
29
33
38
42
45
28
44
30
42
26
36
33
27
33
36
34
32
26
22
41
23
27
16
24
23
21
16
12
17
22
17
24
18
15
6
14
12
17
7
12
11
8
7
12
9
10
10
9
3
7
10
6
10
6
5
6
5
8
11
4
5
3
5
3
8
7
9
7
8
6
6
6
6
1
1
3
6
6
4
4
4
1
5
4
4
2
6
4
6
3
6
5
5
10
5
2
4
5
4
3
4
5
4
3
6
5
2
6
2
2
2
3
4
6
4
5
4
5
2
11
8
5
9
5
2
9
12
6
4
2
4
6
3
2
6
4
8
6
$ROI:
43
143 193
144 194
424 531
429 529
440 544
440 545
440 549
443 544
443 553
490 516
604 1134
679 1395
690 1434
772 934
800 953
827 855
828 856
840 1946
849 1974
857 2002
872 900
880 1058
887 915
914 1083
1010 1038
1208 1258
1345 1375
1418 1448
2436 2526
3229 3279
3607 3645
6449 6521
6459 6531
6463 6535
6464 6536
6467 6539
6471 6543
6482 6526
6489 6513
6497 6521
12997 13047
12999 13049
13000 13050
