$SPEC_ID:
GAMWIN
$SPEC_REM:


$DETDESC:

$DATE_MEA:
09/02/2025 14:57:50
$MEAS_TIM:
60277.21 61162.49
$MCA_CAL:
3
1.32118272781372E+001 1.29107522964478E+000 0.00000000000000E+000
$DATA:
0 2047
0
0
0
0
0
0
0
0
0
0
0
0
0
0
0
0
0
0
0
0
0
0
0
0
0
0
0
0
0
0
0
0
0
0
0
2068
2096
2177
2179
2354
2409
2481
2650
2857
2813
2943
2934
3249
3504
3819
4111
4509
4546
4672
4232
3989
3570
3362
3260
3136
2997
2994
2978
2902
2663
2518
2328
2197
1974
1872
1782
1684
1704
1666
1664
1604
1606
1558
1498
1568
1481
1499
1515
1515
1542
1567
1504
1578
1541
1624
1569
1604
1611
1559
1616
1580
1567
1518
1515
1513
1519
1488
1538
1496
1489
1503
1487
1436
1511
1450
1458
1406
1386
1346
1423
1273
1382
1357
1278
1270
1345
1316
1305
1349
1329
1326
1365
1431
1464
1498
1464
1499
1439
1441
1390
1339
1294
1295
1265
1343
1267
1302
1219
1292
1307
1233
1261
1280
1259
1307
1238
1267
1223
1236
1232
1157
1299
1253
1311
1300
1493
1532
1626
1835
1971
2152
2313
2482
2524
2688
2727
2631
2450
2457
2180
1993
1790
1573
1432
1232
1183
1071
1008
1023
950
872
984
947
909
912
930
929
957
956
983
977
1006
936
931
942
920
942
934
960
984
1047
1066
1060
1090
1171
1097
1129
1060
1104
1085
1053
1032
986
871
854
795
765
734
688
680
671
732
664
657
672
612
682
717
774
783
746
823
813
865
940
945
948
975
1050
1109
1120
1129
1159
1246
1204
1284
1224
1188
1166
1157
1108
1010
957
867
831
795
731
654
614
584
537
520
524
442
478
442
417
434
423
397
434
455
447
408
437
429
406
430
408
400
440
416
399
480
431
451
407
429
415
401
441
394
401
442
384
385
388
385
389
354
350
348
369
344
373
358
336
375
336
379
371
371
359
339
363
362
333
326
363
361
349
395
379
386
388
368
382
378
380
356
393
379
401
351
338
350
340
355
328
318
329
309
355
315
320
334
340
334
342
343
330
352
366
377
353
367
405
417
450
439
434
432
484
449
448
445
404
449
364
395
416
384
356
374
350
329
282
320
308
301
315
277
306
295
292
282
293
304
280
305
289
288
288
283
281
308
286
283
288
318
289
320
327
333
396
364
413
397
413
461
446
513
495
506
564
565
571
550
574
551
544
526
542
560
595
564
534
591
601
560
578
623
590
610
604
620
598
557
570
531
537
515
466
484
411
419
420
360
348
335
320
275
271
261
242
241
245
242
222
226
214
225
212
238
236
229
222
216
248
235
209
219
241
230
236
254
241
206
223
220
216
233
211
189
217
220
235
228
227
228
226
236
209
202
251
176
217
228
233
216
212
222
214
221
219
216
234
228
208
220
250
242
268
238
211
243
240
245
263
243
251
268
264
219
249
253
255
250
216
256
262
220
246
265
228
239
220
239
219
241
225
216
236
248
220
257
241
236
236
232
228
243
236
215
254
254
265
263
225
211
224
253
244
246
226
218
230
219
267
202
208
248
245
252
223
222
246
213
213
206
210
215
221
206
176
196
216
201
216
188
183
189
208
191
201
178
208
185
224
205
223
217
205
194
215
178
200
198
221
214
221
234
224
185
204
230
197
220
233
225
235
246
236
270
257
262
252
235
272
236
256
256
233
216
234
195
249
248
251
205
232
237
262
228
238
248
239
264
232
272
299
302
298
328
309
325
323
312
283
310
302
307
316
317
283
331
299
278
271
291
292
237
252
225
276
242
225
233
248
240
246
218
227
234
221
241
200
227
257
236
237
265
303
270
281
274
293
286
257
286
265
286
301
248
282
278
270
236
230
226
231
207
221
220
184
198
204
185
189
176
170
178
185
176
183
170
175
158
189
159
181
172
179
149
170
161
153
166
164
154
165
161
130
162
166
184
153
139
175
176
166
161
176
172
165
157
154
158
154
141
185
186
153
174
161
155
173
164
158
193
165
173
185
181
161
173
168
171
157
169
177
162
196
162
177
188
163
179
180
161
179
174
198
178
215
197
188
191
199
187
198
196
210
201
207
227
217
193
236
218
189
214
231
222
221
211
241
223
227
197
227
223
226
210
210
195
232
201
183
199
235
180
200
204
196
196
165
203
190
205
202
196
181
192
196
178
170
175
193
205
172
186
185
181
168
181
182
180
186
181
180
196
184
171
167
198
194
195
197
176
166
176
189
182
202
197
180
191
198
200
200
187
206
161
204
177
185
187
194
197
176
196
185
178
201
167
187
162
153
194
197
173
203
163
154
140
139
162
137
149
126
145
136
140
120
135
112
130
138
117
132
121
109
129
102
121
110
116
103
87
100
100
132
98
91
80
108
95
101
100
92
88
95
83
92
97
99
72
105
78
100
86
88
84
92
70
63
70
67
86
76
78
79
80
80
96
79
71
68
67
73
79
64
65
66
85
76
69
68
70
73
62
84
80
82
86
89
89
68
101
66
76
71
83
69
77
87
84
83
74
59
81
85
93
78
96
92
86
80
107
100
76
97
90
83
105
100
97
85
110
94
112
104
92
101
112
113
142
101
127
110
159
127
159
167
195
182
189
214
236
221
246
276
299
341
326
373
382
416
450
473
536
501
577
589
705
695
728
718
756
776
792
879
860
891
866
798
906
862
857
842
850
783
787
733
674
678
617
620
576
521
533
442
423
399
390
329
317
250
250
229
220
197
155
171
136
146
99
113
114
87
74
94
86
78
68
64
74
65
62
54
60
56
58
53
42
57
55
53
44
43
38
33
40
46
40
34
39
40
39
36
36
35
43
36
36
45
36
23
33
26
38
35
40
33
30
30
27
37
37
32
46
37
24
31
35
41
48
47
41
44
48
53
31
38
45
37
35
54
50
40
33
57
28
42
34
43
33
38
34
27
34
51
29
41
39
46
34
35
38
42
29
36
37
35
28
42
38
27
32
23
34
31
39
25
34
32
34
31
25
30
28
31
31
23
28
25
27
22
26
18
24
21
23
27
16
29
24
30
22
24
24
20
23
21
22
33
25
24
31
17
27
23
30
29
26
26
28
26
30
25
32
27
33
29
32
32
23
31
31
29
28
32
22
30
36
37
30
41
38
33
43
39
43
37
55
45
43
44
40
57
54
48
52
60
61
47
48
56
63
52
47
44
63
57
56
45
52
36
58
50
45
42
51
59
31
46
36
41
47
30
43
31
28
30
38
36
24
31
21
37
22
18
26
22
20
23
24
26
13
17
20
21
28
23
19
17
22
19
11
14
26
20
31
26
22
23
29
21
28
19
34
26
21
15
20
18
17
25
18
22
21
16
28
30
23
17
19
19
25
16
27
30
14
19
22
14
21
17
16
18
19
24
17
14
15
20
23
19
21
14
20
19
15
19
12
22
14
19
29
23
15
12
15
16
22
14
15
15
20
19
17
15
12
21
20
14
18
18
17
16
14
20
27
16
15
23
13
27
19
21
19
17
12
11
24
20
23
15
22
13
20
10
16
26
11
18
14
18
14
19
18
16
16
19
17
21
16
12
18
19
18
16
21
15
21
18
23
12
20
15
15
13
12
16
18
18
19
16
16
13
10
16
13
19
19
9
17
15
15
15
12
21
18
21
14
13
22
15
25
14
10
16
20
16
12
11
19
12
22
7
21
11
18
20
13
20
16
14
14
15
18
24
15
17
18
35
11
25
23
21
18
22
24
20
26
31
25
32
31
19
16
18
20
33
28
19
24
27
28
29
26
22
34
31
31
29
35
22
16
28
22
22
24
28
35
32
27
12
20
17
26
21
20
22
19
27
23
24
24
19
24
9
19
16
23
22
26
27
22
26
29
20
18
19
17
18
19
20
19
30
19
34
25
23
25
16
20
19
27
16
26
21
29
14
23
18
25
28
23
22
35
31
32
30
21
17
25
25
28
20
16
25
20
23
20
22
20
10
20
19
11
27
25
19
21
19
26
22
27
18
16
19
19
22
14
19
25
25
15
24
21
17
27
29
13
19
18
20
19
17
19
11
23
14
21
27
21
12
18
17
23
15
19
18
23
17
22
14
17
23
19
26
17
20
19
12
24
22
20
24
20
21
26
17
25
20
16
13
14
23
23
16
18
14
19
18
20
19
14
18
16
13
17
19
22
17
18
20
14
7
17
9
21
24
18
14
23
18
12
21
23
13
12
13
14
22
18
7
12
24
15
15
18
15
17
13
8
18
11
11
16
15
18
14
11
13
17
17
13
11
20
16
19
15
9
19
15
14
13
10
13
8
13
19
17
9
16
16
14
18
20
11
12
16
17
17
13
19
16
12
13
13
17
17
18
17
21
10
12
8
14
13
11
8
12
3
13
9
21
13
9
15
16
10
10
17
10
13
13
18
11
14
13
13
18
14
16
15
12
12
11
11
19
11
12
9
11
10
13
11
12
11
18
9
11
14
11
16
19
9
9
11
9
13
9
8
16
13
14
10
15
15
8
16
19
11
21
16
13
17
21
23
26
27
25
19
18
19
24
21
21
23
22
33
26
25
32
31
36
42
33
30
44
40
34
47
49
38
48
55
62
52
53
53
45
57
55
44
36
54
50
42
54
59
40
41
47
43
33
32
39
33
33
31
37
44
30
22
23
16
23
24
18
20
23
15
18
27
12
15
13
11
14
21
15
11
10
10
15
13
12
15
14
12
13
10
8
12
14
13
11
8
9
6
4
19
11
10
13
8
8
11
9
9
10
7
12
8
10
15
7
4
8
5
16
11
11
13
8
11
7
7
15
11
7
12
6
10
5
12
7
10
8
9
7
6
6
14
6
5
9
11
10
2
13
10
7
9
3
8
9
9
4
9
8
9
7
7
15
13
12
7
$ROI:
43
143 193
144 194
424 531
429 529
440 544
440 545
440 549
443 544
443 553
490 516
604 1134
679 1395
690 1434
772 934
800 953
827 855
828 856
840 1946
849 1974
857 2002
872 900
880 1058
887 915
914 1083
1010 1038
1208 1258
1345 1375
1418 1448
2436 2526
3229 3279
3607 3645
6449 6521
6459 6531
6463 6535
6464 6536
6467 6539
6471 6543
6482 6526
6489 6513
6497 6521
12997 13047
12999 13049
13000 13050
