$SPEC_ID:
GAMWIN
$SPEC_REM:


$DETDESC:

$DATE_MEA:
09/03/2025 15:35:53
$MEAS_TIM:
54788.62 55631.12
$MCA_CAL:
3
1.32118272781372E+001 1.29107522964478E+000 0.00000000000000E+000
$DATA:
0 2047
0
0
0
0
0
0
0
0
0
0
0
0
0
0
0
0
0
0
0
0
0
0
0
0
0
0
0
0
0
0
0
0
0
0
0
2053
2076
2218
2225
2468
2636
2730
2879
2926
3003
3084
3231
3434
3728
4171
4712
4945
5039
4936
4661
4313
3825
3557
3487
3345
3241
3217
3106
3066
2848
2620
2442
2224
2030
1896
1794
1782
1606
1730
1617
1701
1657
1560
1610
1517
1566
1623
1576
1564
1575
1608
1606
1618
1626
1573
1608
1718
1680
1693
1604
1551
1618
1613
1582
1629
1511
1605
1639
1607
1585
1551
1537
1520
1515
1465
1506
1440
1394
1397
1436
1387
1403
1362
1328
1421
1393
1403
1350
1381
1412
1416
1382
1530
1536
1530
1590
1652
1534
1512
1487
1473
1353
1424
1330
1298
1353
1347
1314
1331
1331
1353
1325
1397
1367
1378
1349
1334
1280
1270
1325
1283
1317
1324
1369
1478
1583
1650
1789
1963
2142
2419
2686
2739
2813
2888
2966
2783
2688
2403
2185
2086
1779
1590
1513
1280
1171
1117
1057
992
1026
964
995
888
918
913
1015
1031
1011
933
959
1035
1001
952
1013
961
967
1030
1015
1055
1020
1119
1179
1164
1227
1255
1297
1171
1206
1212
1096
1118
990
972
844
850
822
771
721
698
679
659
634
673
744
723
706
752
725
775
845
838
846
859
1005
1000
1003
1039
1066
1118
1227
1253
1334
1221
1326
1289
1318
1345
1255
1273
1201
1112
1100
985
862
804
761
679
623
578
559
564
529
436
495
498
437
452
437
438
442
445
469
443
468
417
429
416
418
442
434
462
444
453
423
458
399
431
398
437
409
422
421
396
375
410
371
369
365
352
360
345
384
353
341
344
376
323
339
339
364
351
344
358
375
356
361
374
356
380
359
372
406
396
374
377
406
384
351
344
368
382
379
380
389
389
353
362
357
359
353
323
314
327
364
351
287
301
308
331
315
369
348
356
384
341
360
400
450
475
462
450
485
454
482
506
436
415
435
408
365
392
365
369
347
308
320
351
320
286
293
262
299
286
269
250
252
272
284
267
271
272
284
258
282
285
274
262
305
293
329
321
347
361
368
385
400
418
450
535
505
552
515
560
574
587
603
609
653
580
592
654
614
552
617
609
601
616
636
628
615
609
631
642
652
665
650
625
631
623
565
547
529
519
500
429
401
404
361
340
338
288
278
278
255
251
236
260
214
252
235
232
213
228
216
251
224
218
243
237
213
231
235
217
194
225
242
234
205
236
235
185
231
226
236
190
213
225
200
220
186
220
232
206
204
217
212
224
220
225
192
228
219
213
229
223
226
192
231
212
204
227
246
238
238
283
251
238
266
274
251
253
256
246
261
232
222
249
246
233
258
225
250
223
241
268
214
224
257
205
227
260
224
196
225
228
234
232
232
234
246
223
219
243
232
236
229
268
223
260
262
238
224
248
225
247
230
229
222
238
243
211
243
226
208
217
211
194
210
206
200
192
193
208
191
186
180
185
216
164
189
190
202
183
206
186
187
203
184
185
197
190
192
180
192
202
193
215
199
214
202
221
226
188
225
204
215
230
252
206
249
256
232
236
232
239
250
227
252
255
222
210
246
237
214
228
214
229
213
201
208
221
224
224
227
237
242
280
253
278
303
309
329
306
297
314
322
318
348
319
337
359
326
317
309
283
321
272
270
266
269
260
236
252
229
241
220
219
202
251
227
223
201
238
230
256
209
228
259
215
273
271
232
260
258
249
291
294
287
294
280
284
293
281
254
269
256
252
262
252
245
204
225
218
191
204
200
182
177
188
202
174
160
169
150
171
167
153
170
158
150
164
155
175
164
157
145
149
152
148
171
164
161
143
153
161
145
187
149
144
160
160
166
146
147
170
156
168
153
175
171
176
151
130
172
176
178
169
140
169
157
162
169
150
178
166
144
157
173
164
171
154
181
149
157
158
151
180
201
165
172
164
187
190
188
173
166
184
177
196
223
211
204
216
188
212
219
205
217
226
228
234
218
219
228
236
225
214
219
212
212
207
233
207
199
240
212
199
220
204
210
172
192
183
174
175
201
177
173
169
170
169
168
185
167
164
184
137
176
139
166
195
188
162
167
171
174
181
178
193
160
191
189
160
171
176
194
189
172
131
178
168
174
149
169
184
196
182
185
189
202
159
175
176
202
159
156
159
176
173
166
163
171
176
144
174
165
167
187
142
155
151
168
156
159
142
165
139
148
159
133
141
158
120
110
123
158
112
117
113
102
111
110
115
115
116
103
109
79
92
121
99
90
89
109
101
88
84
98
91
89
72
78
88
100
85
72
84
98
66
92
80
78
83
84
67
92
79
89
70
76
68
91
74
65
91
81
69
66
66
74
64
68
89
73
60
79
66
74
81
75
57
84
59
70
105
64
70
81
62
79
70
77
77
64
94
76
74
87
88
82
76
83
99
91
94
86
81
81
86
84
79
94
91
85
97
109
109
86
104
95
89
88
105
103
116
93
101
135
101
140
142
130
138
140
172
206
177
198
227
250
243
271
232
297
342
353
361
369
474
447
501
510
559
569
625
581
712
691
741
718
773
762
794
775
780
781
816
766
754
733
757
679
700
673
606
540
554
530
512
443
451
358
357
300
260
286
269
218
206
176
182
145
117
128
127
105
103
85
80
82
81
82
67
74
71
53
56
59
52
52
53
52
55
51
50
46
52
46
39
39
49
34
31
29
39
50
30
43
37
32
50
39
33
39
47
33
34
41
42
26
29
40
43
42
49
45
46
39
46
47
49
46
42
40
50
37
42
36
45
39
40
44
43
54
45
42
39
37
38
37
38
39
41
35
36
45
44
39
34
51
38
22
30
41
36
32
38
38
34
37
42
30
32
41
29
27
42
32
42
32
30
25
33
22
34
22
36
30
29
27
28
27
35
38
25
30
31
28
25
30
26
25
23
28
24
24
24
39
34
35
34
36
24
24
28
27
31
21
19
33
27
32
21
27
23
34
31
31
33
35
36
38
33
40
38
32
40
38
35
28
28
51
33
44
47
28
43
34
37
37
63
38
48
45
43
46
57
59
61
59
60
54
60
57
56
44
61
48
55
57
47
44
64
64
50
51
53
37
52
49
44
49
42
42
37
47
41
34
34
26
39
34
34
32
31
27
25
19
20
23
33
18
22
19
18
22
23
24
30
18
22
17
20
28
22
28
18
24
21
21
21
18
23
22
25
28
20
20
19
21
26
14
31
11
20
21
24
22
28
29
18
21
23
20
27
14
19
14
27
19
22
20
24
11
17
16
14
18
16
19
24
24
25
21
11
25
18
26
21
12
9
16
16
16
24
20
19
23
16
11
22
15
24
20
23
15
15
13
19
19
8
16
21
12
23
19
14
15
13
30
14
21
22
17
19
26
14
17
17
36
23
17
20
13
17
11
18
14
16
14
18
15
9
20
20
16
16
14
18
26
11
12
15
15
15
12
18
15
17
17
19
13
14
20
12
16
17
18
18
23
18
20
16
20
21
21
21
20
14
20
17
15
13
21
20
10
15
13
17
11
15
23
20
20
15
13
19
14
17
19
19
16
22
28
17
12
14
18
12
20
13
16
20
20
20
13
16
21
9
16
23
22
16
22
25
21
25
17
14
22
20
25
27
20
23
18
21
22
19
28
24
27
24
25
27
31
32
29
29
24
26
32
22
24
36
26
19
21
27
31
22
27
32
16
22
20
29
25
22
29
28
23
14
18
26
18
21
25
21
23
18
18
20
19
17
16
12
20
21
23
22
22
12
25
28
28
28
20
32
30
22
33
30
24
22
31
29
22
36
27
28
28
20
25
25
26
38
20
32
25
22
26
25
33
19
31
23
32
26
19
18
26
26
29
25
21
25
27
17
21
29
22
23
26
19
19
23
18
19
11
30
22
18
18
24
25
18
26
25
18
21
10
14
28
20
18
19
19
18
13
30
23
17
19
16
31
12
17
20
16
34
19
19
22
28
15
17
19
23
13
16
20
16
18
14
20
17
14
17
19
23
15
18
15
20
14
19
31
17
16
23
17
20
22
13
15
21
13
19
19
9
16
12
21
18
20
21
14
12
24
28
16
14
21
28
20
14
11
17
7
17
18
18
11
17
15
20
22
17
16
12
8
11
7
17
10
23
12
14
9
18
15
14
10
7
15
12
14
15
18
15
10
12
12
14
14
9
20
8
15
18
11
12
18
17
11
19
20
11
12
21
12
14
16
18
12
11
14
17
12
15
12
14
23
11
13
15
12
12
18
12
22
14
17
12
12
13
7
11
16
19
12
9
11
17
10
9
17
13
12
11
6
10
11
11
9
14
16
16
16
10
15
6
15
8
10
7
12
7
7
12
12
12
8
12
14
17
11
11
18
11
10
10
12
16
14
12
15
9
19
13
23
12
19
13
20
15
15
15
18
19
28
23
26
21
25
41
40
34
40
29
37
33
37
40
47
38
39
46
47
45
39
42
64
56
46
48
40
54
57
46
61
48
49
62
49
42
42
34
58
51
39
34
55
46
44
51
39
31
30
42
37
22
30
15
29
25
28
18
25
22
24
22
17
20
22
13
18
19
17
15
12
9
14
11
18
13
19
14
10
13
9
9
12
17
10
14
9
6
12
5
10
13
8
8
6
6
13
10
9
5
11
6
14
10
6
8
7
9
10
7
10
9
11
7
5
13
5
6
13
9
6
8
7
13
15
10
6
7
13
11
8
13
14
11
11
8
11
8
6
8
10
6
3
15
8
8
15
10
12
11
12
12
7
7
11
8
8
1
12
10
8
12
$ROI:
43
143 193
144 194
424 531
429 529
440 544
440 545
440 549
443 544
443 553
490 516
604 1134
679 1395
690 1434
772 934
800 953
827 855
828 856
840 1946
849 1974
857 2002
872 900
880 1058
887 915
914 1083
1010 1038
1208 1258
1345 1375
1418 1448
2436 2526
3229 3279
3607 3645
6449 6521
6459 6531
6463 6535
6464 6536
6467 6539
6471 6543
6482 6526
6489 6513
6497 6521
12997 13047
12999 13049
13000 13050
