$SPEC_ID:
GAMWIN
$SPEC_REM:


$DETDESC:

$DATE_MEA:
09/03/2025 07:58:16
$MEAS_TIM:
26912.03 27379.74
$MCA_CAL:
3
1.32118272781372E+001 1.29107522964478E+000 0.00000000000000E+000
$DATA:
0 2047
0
0
0
0
0
0
0
0
0
0
0
0
0
0
0
0
0
0
0
0
0
0
0
0
0
0
0
0
0
0
0
0
0
0
0
1280
1272
1318
1411
1487
1557
1678
1789
1860
1868
1949
1983
2096
2462
2688
2886
3122
3172
3028
2957
2590
2390
2202
2073
2124
2134
1938
1883
1809
1827
1618
1461
1381
1277
1204
1095
1115
1027
1023
1027
1000
1002
989
965
950
963
1001
956
951
887
951
997
941
1008
1011
1053
1003
1032
989
1019
955
977
971
1003
982
959
940
986
989
907
974
945
939
888
934
921
950
904
885
853
826
796
841
787
799
820
816
830
846
859
822
842
917
886
994
951
949
964
939
934
914
872
795
828
816
808
794
809
764
844
773
809
765
806
840
881
840
772
746
797
798
787
785
857
818
933
988
1108
1214
1459
1527
1657
1671
1688
1873
1818
1782
1662
1609
1425
1264
1060
966
916
783
719
636
611
604
613
559
571
592
578
604
593
627
576
555
604
598
611
592
614
571
582
617
619
649
634
659
727
766
752
750
786
753
681
755
704
685
583
546
565
515
467
481
432
420
439
426
408
375
374
418
425
444
498
437
494
490
502
538
615
612
613
621
682
727
720
754
756
835
805
844
832
827
862
799
710
761
639
633
536
516
476
425
396
359
302
311
276
279
291
256
263
253
253
256
261
242
238
236
247
260
259
248
252
230
271
252
251
278
267
256
253
279
216
253
233
243
258
246
230
215
235
202
205
184
217
213
202
215
194
217
219
193
220
187
232
215
215
225
199
236
182
197
204
189
205
231
214
236
224
222
244
206
214
227
228
242
202
229
211
204
181
195
209
180
201
174
170
195
189
171
188
203
179
213
229
194
218
215
244
229
214
235
209
245
271
269
262
268
283
261
265
247
255
254
236
210
217
199
198
185
183
153
183
170
160
156
180
160
150
156
157
153
153
177
167
149
164
156
173
171
177
162
183
175
192
180
182
217
244
217
259
237
272
295
319
318
322
342
348
385
357
374
349
366
437
385
377
400
356
374
386
351
372
384
400
410
408
409
389
372
406
422
371
388
383
366
376
346
281
296
254
221
233
216
185
198
177
173
151
136
128
148
135
134
142
114
128
133
124
105
141
131
149
132
132
124
130
144
131
150
116
137
131
147
111
131
123
119
138
126
119
129
100
120
118
115
103
120
102
121
127
130
121
128
122
124
126
113
135
132
137
151
150
118
107
126
123
137
119
138
151
135
121
159
167
141
146
139
152
175
136
135
172
162
149
143
146
131
150
143
111
132
125
128
130
118
107
120
130
121
143
127
120
129
142
120
133
130
152
163
153
133
150
121
145
156
144
144
153
149
130
133
147
127
139
120
139
141
107
108
118
141
132
114
113
119
99
117
113
113
118
124
101
124
110
106
103
104
98
97
104
114
104
120
125
93
106
112
122
107
127
103
107
121
112
105
128
125
115
120
126
126
114
139
120
138
122
111
119
140
142
120
148
125
150
109
115
119
129
127
123
118
108
125
133
108
137
133
115
129
144
128
166
165
165
175
189
168
188
196
194
179
192
221
204
183
189
192
200
189
196
167
159
145
161
168
148
148
150
118
116
140
132
130
123
142
131
112
130
147
148
131
127
162
153
151
152
172
165
157
158
179
147
155
153
141
151
156
150
142
140
149
153
152
140
131
133
115
106
142
122
106
115
101
104
86
108
80
84
107
86
80
92
100
71
86
94
88
90
83
83
86
74
94
83
79
63
96
66
76
77
76
110
103
92
87
89
84
81
76
106
87
80
92
76
79
90
102
97
85
78
92
79
70
97
78
76
99
77
103
77
104
65
74
84
85
100
81
95
86
99
97
105
88
92
114
84
93
114
109
106
107
119
112
130
103
91
112
121
110
123
114
108
109
137
132
113
115
121
113
117
122
127
125
104
107
129
96
105
129
121
91
107
84
79
92
97
102
101
98
89
97
94
97
77
91
94
98
102
78
95
81
85
92
100
78
78
88
91
93
72
100
93
94
95
103
108
83
96
102
79
75
83
77
102
69
78
105
91
81
80
98
114
87
91
98
67
87
91
88
99
97
115
93
91
94
89
106
97
96
89
87
87
96
90
85
90
102
86
79
77
76
91
84
79
74
59
63
83
70
69
77
73
60
68
66
71
49
75
50
64
58
45
61
55
47
55
67
62
38
49
45
40
50
51
50
61
53
42
58
42
49
43
48
47
35
45
47
46
33
34
25
46
45
43
44
39
42
50
44
43
50
37
39
41
46
31
46
40
39
31
25
48
41
38
38
35
60
40
40
42
48
46
37
35
37
45
47
43
52
62
36
38
46
47
58
51
51
45
41
42
56
44
52
40
57
62
39
58
50
54
58
60
50
62
61
57
61
70
49
59
54
62
65
68
61
80
69
84
77
91
87
90
120
129
133
149
138
165
142
177
160
178
215
235
240
248
295
311
346
348
324
402
350
370
400
348
388
411
405
401
379
411
376
424
363
326
347
330
309
335
303
277
239
244
223
214
201
178
157
131
144
113
112
118
100
104
81
65
76
71
59
53
48
52
41
41
43
47
36
30
40
34
40
31
32
34
31
36
31
25
30
38
29
31
30
25
36
14
24
27
32
25
14
20
26
19
27
32
21
19
27
19
28
18
22
16
20
20
24
24
27
25
29
33
32
28
20
26
32
27
31
29
32
25
29
34
30
32
28
29
27
20
22
28
30
28
31
29
21
21
28
27
25
26
20
15
24
19
29
18
27
20
24
35
27
24
21
12
13
14
11
18
14
10
21
20
15
17
16
26
20
27
17
16
16
15
14
26
18
11
16
16
22
23
13
24
18
13
14
14
15
20
19
19
17
16
12
15
18
13
15
20
10
18
11
13
11
17
16
23
9
15
15
20
22
24
22
21
23
21
24
18
23
20
19
23
13
27
20
26
24
29
32
25
23
23
19
26
31
34
26
25
23
22
37
48
31
37
26
37
39
32
36
32
30
34
30
39
25
33
20
34
36
34
22
20
31
27
38
24
29
21
14
23
16
25
21
18
23
13
16
20
28
25
20
19
13
7
13
11
13
14
12
17
11
15
15
12
19
13
14
10
17
21
11
15
17
15
22
10
16
16
13
18
16
18
18
12
14
18
12
12
16
12
11
13
19
19
15
10
11
18
9
14
11
5
17
17
14
17
12
12
12
16
14
11
8
7
13
10
9
14
11
11
13
13
6
10
5
12
3
11
7
12
15
7
12
6
10
9
15
13
9
13
5
11
14
11
13
17
12
8
12
7
11
7
12
12
11
12
8
10
10
7
12
13
9
4
20
12
15
9
13
8
8
11
5
9
12
11
13
6
16
5
9
9
11
13
11
9
10
9
11
11
13
5
10
11
6
4
9
13
15
14
6
8
14
18
13
11
6
9
6
10
8
3
11
10
14
10
12
8
8
5
7
8
7
15
19
10
8
8
8
13
7
15
14
9
11
10
15
8
13
11
12
10
6
12
14
9
7
8
10
15
9
14
10
12
10
16
9
15
6
10
12
14
14
19
14
13
13
10
16
18
11
15
18
18
14
18
11
15
15
23
15
22
21
15
18
19
13
11
10
13
17
22
12
12
23
12
14
10
16
13
13
11
18
17
18
9
14
10
11
14
7
13
12
20
10
10
13
9
14
18
9
6
14
10
12
13
11
12
13
12
15
13
7
19
19
14
19
13
22
20
18
18
10
13
19
15
22
15
14
21
16
14
18
15
15
10
10
18
14
14
14
12
20
11
19
8
19
11
23
13
19
7
8
15
12
6
12
14
7
9
6
15
10
8
8
9
3
12
9
17
12
12
15
8
12
17
19
12
13
14
9
12
14
14
14
5
13
7
14
15
11
14
17
9
14
14
10
10
10
6
12
9
10
11
5
21
7
13
10
18
13
8
8
12
12
13
10
13
11
8
10
8
12
12
12
12
17
9
8
11
12
6
10
8
13
15
16
6
12
12
10
11
5
5
5
5
8
6
8
13
14
9
16
11
9
11
8
12
8
11
10
9
6
10
7
5
11
10
11
7
10
6
7
12
12
7
6
10
8
9
4
11
6
7
9
7
12
9
9
10
6
10
10
11
7
12
6
8
14
13
9
10
8
4
11
4
10
7
5
8
4
8
8
4
8
7
9
11
7
12
11
6
10
6
6
11
10
2
5
11
8
7
4
9
4
6
14
2
11
10
10
3
5
6
3
7
7
8
7
9
5
7
6
4
6
4
6
8
1
4
5
14
9
5
7
10
9
4
9
5
5
11
9
6
6
8
11
5
8
7
10
8
8
6
12
11
8
14
5
12
15
10
5
13
10
12
15
13
16
21
19
26
15
22
20
21
14
30
27
23
29
27
31
29
40
32
31
42
38
28
31
36
31
36
35
38
39
31
43
32
31
33
32
20
39
34
26
20
33
27
27
27
22
12
20
12
17
26
13
12
12
14
16
11
9
9
15
13
11
18
12
5
5
7
10
5
5
1
8
12
4
2
8
8
7
5
7
5
9
3
2
2
4
2
5
3
4
6
6
5
4
2
9
2
4
4
6
4
4
7
5
4
7
2
7
5
4
3
4
6
4
3
9
6
4
3
3
4
4
5
7
7
4
6
6
7
3
4
6
9
5
4
2
6
5
4
5
1
2
4
6
3
2
5
7
9
8
2
5
5
8
9
4
$ROI:
43
143 193
144 194
424 531
429 529
440 544
440 545
440 549
443 544
443 553
490 516
604 1134
679 1395
690 1434
772 934
800 953
827 855
828 856
840 1946
849 1974
857 2002
872 900
880 1058
887 915
914 1083
1010 1038
1208 1258
1345 1375
1418 1448
2436 2526
3229 3279
3607 3645
6449 6521
6459 6531
6463 6535
6464 6536
6467 6539
6471 6543
6482 6526
6489 6513
6497 6521
12997 13047
12999 13049
13000 13050
