$SPEC_ID:
GAMWIN
$SPEC_REM:


$DETDESC:

$DATE_MEA:
09/04/2025 14:52:30
$MEAS_TIM:
57270.51 58147.87
$MCA_CAL:
3
1.32118272781372E+001 1.29107522964478E+000 0.00000000000000E+000
$DATA:
0 2047
0
0
0
0
0
0
0
0
0
0
0
0
0
0
0
0
0
0
0
0
0
0
0
0
0
0
0
0
0
0
0
0
0
0
0
1997
1912
2052
2128
2196
2247
2417
2533
2558
2598
2616
2748
2990
3223
3529
3807
4040
4112
3981
3791
3571
3175
2961
2911
2784
2863
2639
2586
2498
2399
2244
2212
2019
1817
1695
1623
1566
1536
1492
1470
1538
1460
1435
1450
1419
1392
1438
1410
1429
1466
1446
1473
1409
1397
1470
1479
1466
1523
1439
1489
1429
1429
1443
1342
1476
1350
1474
1377
1383
1374
1394
1444
1381
1356
1354
1317
1307
1337
1233
1243
1154
1248
1239
1235
1159
1185
1113
1175
1248
1205
1233
1280
1226
1264
1337
1345
1344
1385
1255
1254
1290
1224
1219
1156
1179
1096
1166
1129
1160
1134
1188
1221
1202
1161
1209
1178
1128
1184
1230
1136
1165
1153
1202
1204
1198
1343
1373
1568
1704
1806
2101
2116
2132
2391
2358
2379
2363
2225
1958
1900
1654
1487
1303
1212
1212
1038
903
950
922
887
907
853
877
856
908
897
909
898
877
845
907
842
879
882
894
897
879
928
901
902
909
984
944
954
1082
1029
1030
1027
1010
936
877
889
866
781
692
728
648
679
696
660
662
603
595
602
611
660
599
694
682
679
707
779
769
773
810
883
887
905
949
991
1026
986
978
1044
1065
1030
989
1053
1030
953
910
871
793
749
711
633
563
558
568
569
443
446
444
411
403
406
403
444
395
440
389
388
423
402
403
400
402
392
412
376
384
403
398
440
411
417
392
408
387
382
414
385
372
383
361
371
337
356
343
337
342
373
345
337
307
346
358
350
338
345
335
365
331
344
314
332
335
374
351
315
341
334
357
345
343
366
360
372
368
349
350
344
343
354
345
320
333
346
343
305
311
341
311
306
315
358
297
309
294
308
321
358
334
383
362
383
389
363
388
366
398
451
397
391
413
407
395
382
373
340
315
336
335
335
324
300
287
277
237
293
260
283
254
286
256
244
256
250
270
284
273
261
292
270
304
291
246
299
292
283
290
338
353
305
333
384
397
407
392
401
461
459
487
471
498
526
580
511
498
548
521
493
515
501
491
516
506
521
498
492
475
494
558
516
531
487
525
488
483
438
462
432
403
402
335
343
324
314
299
282
281
255
255
242
233
228
246
207
209
229
224
235
235
203
216
244
210
222
218
208
209
211
218
211
236
200
223
197
239
205
187
240
204
227
221
214
218
229
218
182
200
194
213
228
190
199
207
225
219
195
202
195
215
217
244
223
222
215
225
218
227
239
226
229
222
227
221
250
239
239
240
255
218
258
262
240
276
232
242
232
238
234
199
198
198
194
235
237
197
218
214
199
222
217
214
225
233
213
253
213
224
216
227
246
214
212
205
234
231
239
217
210
242
243
228
238
234
219
219
238
211
193
209
225
213
201
204
194
207
194
192
225
190
210
187
198
185
209
195
215
226
198
187
161
182
196
188
188
208
175
188
197
202
213
205
197
211
193
196
220
222
213
226
220
250
243
217
240
254
234
243
228
242
252
239
253
248
241
246
239
210
237
214
247
213
228
217
229
222
228
213
212
259
233
235
215
253
254
258
258
243
269
277
294
285
325
273
296
300
290
268
299
310
274
262
270
237
229
240
262
249
221
240
226
226
231
216
213
205
200
220
201
226
234
220
222
237
238
253
264
223
248
250
261
259
271
272
252
278
267
249
264
265
239
264
247
240
239
214
234
217
200
185
175
197
217
203
201
175
193
184
181
164
176
160
150
179
156
148
177
154
177
182
157
182
135
152
166
169
136
171
147
164
156
154
152
157
154
145
171
168
180
175
155
154
166
163
162
166
178
171
156
192
166
151
159
176
162
145
199
181
139
181
163
180
198
160
151
169
170
161
162
183
191
192
173
213
163
192
169
168
157
219
169
192
162
191
182
219
207
204
202
201
196
186
235
196
215
224
203
222
235
214
233
238
198
221
236
218
225
239
217
203
195
205
204
225
188
198
197
195
198
198
175
197
195
180
176
205
196
197
197
184
195
186
206
192
195
190
216
210
166
224
175
174
207
192
196
202
204
202
189
200
185
188
195
207
210
190
186
169
172
199
215
168
187
183
185
198
200
190
175
203
188
199
185
189
168
184
162
209
176
196
182
162
192
177
205
173
164
169
191
160
146
181
157
152
149
153
137
143
126
111
149
138
147
142
131
122
124
117
117
106
105
98
108
111
99
101
89
97
102
108
89
94
92
98
98
96
91
99
79
77
87
82
96
91
80
76
60
96
80
86
74
70
66
86
75
107
69
77
82
90
78
64
88
67
79
63
59
64
92
74
64
68
74
72
60
78
85
68
85
62
73
75
70
87
84
66
77
66
59
80
90
85
74
72
72
85
69
72
74
89
88
73
88
99
77
101
88
95
104
78
122
70
85
97
104
87
97
91
94
99
86
123
111
146
119
137
126
135
159
168
153
191
195
226
226
229
266
303
322
365
401
414
438
420
479
531
585
632
640
655
722
803
816
819
863
855
944
920
962
1003
957
936
971
934
928
902
875
807
804
793
757
731
675
634
614
574
552
452
416
428
383
367
285
298
252
220
222
183
177
169
136
112
108
85
95
100
96
62
83
66
68
64
53
54
54
69
41
36
47
36
48
44
34
40
42
32
42
46
39
52
37
40
43
31
28
33
31
36
37
28
31
44
27
38
32
33
39
29
44
33
29
28
41
33
33
37
30
35
35
35
35
44
27
34
38
32
49
34
35
40
53
52
37
31
33
35
36
40
46
40
34
25
32
28
26
33
44
23
32
34
27
32
29
33
32
30
25
30
22
34
29
30
25
25
32
28
32
30
25
21
22
30
31
27
27
22
29
18
28
35
32
32
34
21
32
18
31
35
33
22
24
18
20
17
23
30
28
17
23
25
22
18
24
22
25
17
20
20
15
29
24
31
34
20
19
20
28
35
25
28
26
29
34
31
35
29
32
21
31
41
42
36
33
26
30
37
33
39
42
43
42
50
27
33
43
35
35
37
42
44
39
39
48
49
36
48
44
51
45
40
52
42
37
37
39
43
32
40
30
29
19
28
34
27
19
26
34
32
17
24
28
42
25
20
19
22
17
17
24
20
21
15
25
17
18
22
21
22
11
18
21
14
15
17
18
15
16
23
18
22
21
18
22
20
14
19
22
20
16
22
12
17
14
17
23
18
19
15
16
13
14
22
20
16
13
15
18
18
12
21
19
20
12
18
19
14
7
26
18
11
22
14
12
14
17
14
18
14
20
11
15
12
17
14
10
18
20
15
6
15
17
19
16
7
16
14
15
18
21
20
9
11
16
21
14
10
10
13
18
14
13
14
18
20
12
14
12
12
17
13
11
12
16
11
16
14
21
15
25
15
18
11
6
18
7
14
16
13
15
11
20
15
14
17
14
19
14
13
10
17
11
10
9
13
12
12
14
13
16
15
13
20
18
7
9
11
18
18
11
8
20
15
10
18
7
11
11
12
15
12
13
20
21
9
14
17
16
16
8
10
12
14
13
19
17
13
15
18
20
15
19
11
10
11
11
11
28
23
20
15
14
23
17
13
22
27
18
20
20
21
20
22
23
24
28
26
22
18
22
27
24
21
19
23
20
30
30
19
31
24
29
27
21
22
19
21
23
19
21
15
21
18
25
20
14
19
18
17
21
18
13
15
24
16
14
19
12
22
23
16
22
25
23
16
21
27
19
19
26
14
14
11
20
19
22
13
21
17
23
24
26
24
23
16
21
27
21
28
20
24
26
22
21
22
18
23
19
21
22
27
23
16
27
16
24
20
17
20
23
23
23
22
16
19
19
17
26
15
17
21
28
12
12
21
13
20
8
9
10
16
30
14
22
14
15
15
19
19
14
21
14
19
18
22
17
19
31
15
19
17
16
20
18
17
16
18
17
22
20
18
17
22
18
15
18
22
19
16
11
17
23
13
17
20
7
15
11
16
17
19
14
9
17
11
22
16
20
18
15
23
17
9
18
19
11
16
8
11
13
13
15
15
16
18
19
15
13
6
18
19
13
19
11
15
12
18
15
16
14
10
14
15
17
17
17
13
18
27
13
17
19
15
12
16
18
12
15
14
19
13
20
10
13
7
8
6
14
20
10
12
19
11
13
16
12
17
10
16
16
15
14
12
11
14
16
13
14
9
6
18
13
15
12
12
8
14
10
9
12
19
11
14
12
14
13
14
15
13
9
14
10
14
14
18
11
9
9
7
10
7
11
9
13
8
7
6
13
9
15
10
8
10
18
11
5
10
8
13
6
13
12
13
6
13
10
13
9
12
15
6
15
12
9
14
11
11
5
12
19
14
8
11
13
13
14
11
12
14
22
13
20
23
13
14
27
17
21
29
23
22
21
23
20
32
28
25
26
34
36
31
32
36
29
27
38
30
44
30
43
31
45
35
51
50
42
49
54
42
41
49
44
44
42
42
42
25
39
41
43
37
45
27
31
45
35
33
28
28
30
34
25
16
23
24
24
23
22
32
17
15
18
20
14
15
11
12
19
5
12
11
16
14
10
9
14
13
9
5
10
11
8
18
6
5
8
3
9
8
10
12
8
6
4
15
8
7
6
9
11
2
9
9
5
3
14
13
10
9
13
9
14
12
13
17
11
7
9
10
12
9
11
11
6
11
11
6
8
4
10
11
7
6
10
8
14
7
4
11
10
11
16
4
9
11
14
8
9
8
8
9
10
10
6
4
7
2
6
17
6
6
$ROI:
43
143 193
144 194
424 531
429 529
440 544
440 545
440 549
443 544
443 553
490 516
604 1134
679 1395
690 1434
772 934
800 953
827 855
828 856
840 1946
849 1974
857 2002
872 900
880 1058
887 915
914 1083
1010 1038
1208 1258
1345 1375
1418 1448
2436 2526
3229 3279
3607 3645
6449 6521
6459 6531
6463 6535
6464 6536
6467 6539
6471 6543
6482 6526
6489 6513
6497 6521
12997 13047
12999 13049
13000 13050
