$SPEC_ID:
GAMWIN
$SPEC_REM:


$DETDESC:

$DATE_MEA:
08/29/2025 15:05:28
$MEAS_TIM:
227761.84 231061.87
$MCA_CAL:
3
1.32118272781372E+001 1.29107522964478E+000 0.00000000000000E+000
$DATA:
0 2047
0
0
0
0
0
0
0
0
0
0
0
0
0
0
0
0
0
0
0
0
0
0
0
0
0
0
0
0
0
0
0
0
0
0
0
7419
7395
7690
7997
8469
8614
9348
9364
9589
9828
10169
10484
11162
11885
13251
14374
15194
15609
15415
14393
13211
12140
11348
10943
10637
10311
10346
10271
9664
9226
8690
7897
7422
6876
6486
6266
5977
5788
5748
5668
5627
5666
5625
5382
5472
5426
5240
5327
5308
5285
5467
5532
5496
5631
5723
5614
5631
5656
5678
5480
5441
5458
5238
5333
5379
5331
5370
5276
5253
5257
5251
5084
5106
5029
5020
5055
4930
4853
4806
4858
4723
4606
4732
4707
4692
4725
4631
4524
4526
4574
4795
4816
4927
4822
4925
5090
5028
5009
4837
4839
4677
4670
4653
4386
4468
4473
4410
4423
4372
4538
4431
4388
4480
4468
4478
4379
4381
4447
4372
4271
4385
4341
4503
4527
4901
5027
5408
5831
6278
6640
7312
7959
8329
8709
8851
8794
8568
8329
7657
7165
6495
5865
5038
4660
4342
3889
3681
3537
3305
3433
3364
3350
3307
3369
3493
3462
3331
3346
3384
3322
3346
3302
3420
3368
3357
3304
3293
3385
3380
3563
3714
3632
3800
3894
4022
3956
3823
3890
3847
3606
3555
3313
3208
2949
2830
2740
2610
2535
2422
2464
2317
2352
2287
2378
2455
2425
2529
2595
2648
2736
2822
3049
2941
3053
3236
3175
3394
3474
3602
3742
3871
3946
3971
4117
4096
4148
4199
4029
3830
3718
3547
3402
3101
2972
2713
2516
2387
2156
2056
1916
1916
1741
1722
1635
1633
1570
1573
1676
1609
1602
1574
1582
1571
1575
1538
1546
1588
1496
1531
1482
1551
1550
1546
1492
1558
1457
1587
1498
1524
1466
1483
1470
1425
1459
1442
1374
1357
1364
1324
1374
1314
1304
1349
1317
1318
1221
1278
1248
1343
1286
1266
1287
1258
1311
1339
1329
1280
1334
1325
1329
1334
1380
1327
1356
1410
1361
1373
1389
1364
1385
1368
1357
1337
1340
1254
1281
1298
1234
1176
1228
1238
1191
1244
1234
1179
1202
1167
1222
1234
1305
1221
1245
1301
1374
1338
1410
1544
1562
1537
1655
1556
1673
1536
1594
1547
1524
1505
1497
1428
1445
1330
1292
1263
1278
1197
1187
1136
1058
1142
1029
1020
1033
1064
971
944
1010
993
971
955
1044
962
914
988
1040
1029
1031
1085
1067
1166
1135
1153
1142
1208
1261
1315
1335
1513
1515
1588
1648
1698
1818
1800
1817
1921
1824
1941
1924
1987
1986
1954
1954
1879
1838
1858
1917
1947
1839
1950
2004
1962
2036
2045
2085
2005
1989
2049
1927
1886
1860
1822
1673
1607
1530
1418
1373
1173
1237
1149
1079
972
1017
953
951
932
832
915
833
829
829
865
857
794
864
862
813
792
804
852
842
835
800
853
857
812
868
863
834
810
857
842
818
819
813
823
841
825
792
787
799
776
835
789
811
829
777
769
842
876
832
799
836
795
819
875
794
846
832
829
802
844
799
895
840
904
868
919
957
902
927
888
876
915
918
986
958
908
922
878
877
828
834
801
825
851
794
812
864
810
809
850
821
844
850
799
836
851
830
849
871
869
932
897
877
889
874
871
852
911
877
822
826
787
887
818
925
863
869
801
870
797
816
836
767
779
815
760
820
822
769
773
721
731
749
762
704
743
705
708
686
702
728
730
732
757
730
739
766
776
795
747
780
705
763
728
798
835
726
755
768
810
826
803
871
856
820
884
893
857
893
888
887
884
994
950
912
914
887
855
902
846
914
887
887
815
852
812
823
829
888
885
843
820
888
877
910
953
936
980
1021
998
1068
1055
1079
1107
1060
1095
1111
1074
1143
1121
1079
1126
1125
1033
1042
991
977
976
894
968
912
896
883
870
846
837
846
824
788
825
818
782
860
869
866
854
862
887
861
962
985
953
986
999
1005
998
1041
938
932
984
940
980
898
933
873
896
922
870
869
862
830
771
757
763
749
695
713
674
707
708
694
690
671
673
632
585
683
658
603
640
652
615
614
610
637
623
624
667
599
587
646
611
629
649
596
590
623
645
620
673
601
628
611
659
617
627
621
640
629
648
663
653
634
671
636
610
604
622
672
666
667
675
674
628
671
664
715
704
720
691
658
644
665
661
646
663
666
731
677
731
764
707
670
691
716
751
758
761
762
730
775
810
822
804
815
791
839
835
817
851
769
866
818
840
838
820
829
851
774
831
810
794
775
795
817
751
743
745
728
755
751
696
757
740
752
750
734
721
685
738
719
718
693
713
724
712
745
688
708
664
712
712
698
743
717
728
683
750
733
700
726
682
702
736
733
718
679
745
659
704
693
686
696
727
646
725
695
762
681
679
675
762
723
768
669
747
736
729
711
688
674
761
707
687
710
651
650
654
725
628
627
621
650
619
580
579
595
574
520
557
499
534
548
519
493
487
465
454
482
472
437
434
428
429
408
399
424
394
386
398
383
387
342
361
334
380
333
380
329
320
336
308
322
332
359
313
331
339
320
288
323
323
282
296
315
268
300
279
276
305
271
265
275
225
229
256
295
301
253
271
248
285
315
248
274
249
269
273
276
275
286
301
247
293
279
272
257
295
289
294
285
337
298
280
283
283
317
303
273
285
305
339
327
297
320
320
323
312
323
328
346
354
329
351
365
319
341
383
349
374
421
415
421
411
438
444
462
507
498
531
508
599
631
631
689
784
883
893
980
1026
1142
1228
1369
1463
1626
1726
1784
1942
2141
2240
2280
2472
2648
2868
2887
3111
3234
3264
3417
3440
3392
3453
3514
3577
3575
3551
3481
3520
3401
3330
3203
2886
2852
2812
2533
2418
2268
2099
1925
1769
1674
1448
1435
1364
1237
1050
1015
895
832
757
634
596
573
476
478
419
349
362
336
317
302
290
260
234
230
236
231
198
174
199
175
187
191
181
171
161
170
151
179
128
147
151
167
137
154
151
138
127
143
125
131
110
120
139
135
126
145
132
121
144
140
115
124
149
147
130
115
107
175
126
139
150
152
138
163
129
133
137
158
144
149
144
116
142
138
171
162
150
138
128
164
147
140
135
112
123
122
125
137
105
138
124
121
120
137
109
120
135
120
117
85
120
99
116
116
104
117
103
115
111
114
98
102
95
93
90
101
93
93
100
89
83
83
90
110
108
94
102
97
92
113
99
90
85
79
74
85
92
92
87
111
105
96
80
80
83
102
75
89
90
100
86
101
92
101
102
92
74
85
100
105
99
93
126
126
112
104
115
99
129
134
107
132
136
129
134
142
124
146
127
158
149
167
168
167
161
146
154
163
165
168
199
190
161
177
171
172
171
179
166
176
173
171
165
164
155
151
141
140
142
136
144
128
131
134
124
88
113
104
98
106
97
93
102
110
89
96
83
84
83
73
83
91
96
81
74
66
63
74
109
97
92
72
78
70
82
61
75
94
84
75
79
82
73
71
71
70
64
88
74
79
81
70
77
77
74
67
82
65
78
65
69
88
75
73
88
75
72
61
76
65
81
62
73
64
57
64
50
71
56
59
69
58
74
42
52
50
67
61
63
61
52
64
50
56
54
54
56
63
64
62
69
68
56
55
52
57
62
45
66
65
53
38
59
64
56
44
52
47
49
81
63
57
58
49
67
62
59
51
52
63
56
71
46
69
55
67
55
56
58
48
61
65
68
68
55
47
49
57
56
66
42
68
54
56
51
59
64
66
63
51
49
68
71
47
64
57
56
48
60
57
54
64
55
69
60
55
55
58
73
65
59
57
52
61
67
51
61
56
59
56
68
60
71
55
48
54
62
58
62
54
54
44
52
50
72
54
65
50
53
55
72
71
48
60
72
53
63
60
64
67
64
63
62
69
77
83
65
69
83
83
92
80
81
84
85
80
87
88
85
80
94
104
99
107
96
96
79
111
88
94
87
96
84
94
81
92
94
86
79
78
94
80
92
77
69
68
89
89
80
79
66
74
82
82
55
79
71
69
77
62
81
84
73
85
66
82
75
79
84
78
75
84
87
86
75
79
92
81
67
87
64
65
80
81
84
94
90
92
78
83
97
104
85
94
106
78
79
97
68
87
93
82
103
90
79
84
91
99
78
73
71
78
94
69
70
75
80
68
77
80
61
72
68
66
83
58
66
73
57
80
55
64
74
66
60
73
69
76
64
76
60
53
49
70
64
65
45
77
55
65
62
76
62
67
61
65
69
62
71
64
62
76
64
70
65
58
75
70
53
62
66
62
76
61
63
73
66
64
75
70
52
65
62
70
61
67
64
55
48
67
58
74
47
55
53
86
82
61
51
57
66
58
56
49
69
62
59
57
61
41
63
72
57
57
55
53
59
63
56
53
59
58
50
62
69
53
69
48
57
49
45
43
59
68
58
38
52
53
58
46
57
42
63
58
60
56
40
60
56
50
53
63
51
51
44
55
48
42
47
41
59
43
55
49
63
47
47
58
53
39
42
56
44
52
51
57
63
50
39
52
53
55
62
56
43
39
39
38
54
50
41
29
37
36
43
47
49
52
39
40
48
40
31
41
38
26
40
41
44
53
45
38
39
42
32
41
49
33
48
43
51
49
29
40
34
39
55
36
45
45
46
46
46
59
38
48
49
44
44
42
46
52
49
44
53
53
49
63
59
58
44
59
55
42
57
60
60
76
82
77
70
70
85
90
92
105
97
89
93
117
99
117
118
118
153
138
141
160
148
126
152
135
168
156
151
174
165
145
177
183
171
165
176
162
150
162
149
155
169
153
140
146
137
139
119
153
128
114
119
108
96
111
119
83
84
92
86
85
74
74
59
77
63
62
53
55
58
56
50
53
37
39
33
40
41
39
35
52
32
33
34
43
43
39
32
37
50
41
35
39
33
38
35
30
36
42
32
40
39
36
38
27
25
28
34
29
34
38
36
40
27
39
40
44
40
34
36
38
39
46
41
41
37
37
30
30
28
20
24
35
45
46
31
37
30
39
44
32
41
38
29
30
35
26
32
40
40
43
48
37
41
33
39
26
39
34
45
30
33
36
38
$ROI:
43
143 193
144 194
424 531
429 529
440 544
440 545
440 549
443 544
443 553
490 516
604 1134
679 1395
690 1434
772 934
800 953
827 855
828 856
840 1946
849 1974
857 2002
872 900
880 1058
887 915
914 1083
1010 1038
1208 1258
1345 1375
1418 1448
2436 2526
3229 3279
3607 3645
6449 6521
6459 6531
6463 6535
6464 6536
6467 6539
6471 6543
6482 6526
6489 6513
6497 6521
12997 13047
12999 13049
13000 13050
