$SPEC_ID:
GAMWIN
$SPEC_REM:


$DETDESC:

$DATE_MEA:
09/04/2025 07:04:13
$MEAS_TIM:
27505.33 28029.03
$MCA_CAL:
3
1.32118272781372E+001 1.29107522964478E+000 0.00000000000000E+000
$DATA:
0 2047
0
0
0
0
0
0
0
0
0
0
0
0
0
0
0
0
0
0
0
0
0
0
0
0
0
0
0
0
0
0
0
0
0
0
0
1420
1438
1597
1725
1709
1926
1991
2107
2168
2267
2348
2362
2657
2895
3265
3577
3887
3984
3905
3623
3079
2915
2779
2606
2477
2454
2446
2276
2281
2081
2011
1753
1630
1529
1435
1321
1304
1174
1162
1183
1183
1156
1143
1168
1132
1197
1124
1141
1082
1121
1173
1141
1190
1210
1161
1241
1203
1241
1260
1195
1216
1214
1166
1181
1153
1174
1201
1218
1177
1158
1118
1103
1147
1122
1126
1097
1080
1036
1032
1026
1026
1003
1031
1053
1051
999
1021
956
1040
1072
1052
1079
1108
1160
1214
1181
1169
1156
1095
1095
1071
995
1008
968
971
941
994
970
1000
992
955
981
992
975
978
978
969
903
941
926
938
958
963
1092
1101
1178
1231
1389
1575
1609
1867
2055
2095
2235
2246
2180
2075
2031
1836
1698
1546
1389
1135
1018
905
851
746
704
714
691
671
702
682
665
698
743
693
711
687
731
710
655
706
654
694
741
781
744
765
803
834
917
940
967
929
965
954
914
899
773
818
789
697
642
584
552
539
509
474
492
484
506
515
482
475
551
525
649
561
623
635
651
674
734
686
751
792
844
933
906
1056
1009
1070
1065
1106
1151
1128
1080
973
961
868
798
783
745
603
577
525
456
400
394
347
332
317
300
335
310
326
317
289
317
293
284
282
276
318
275
268
293
285
300
320
331
270
305
306
313
283
285
291
325
313
280
292
265
292
271
307
240
241
268
243
244
225
223
253
254
240
231
225
241
247
244
233
247
250
235
264
218
233
254
238
276
276
252
269
227
258
266
271
265
251
262
238
249
252
281
227
235
223
217
214
228
216
199
212
220
237
236
250
233
212
231
248
270
265
273
269
293
282
311
295
303
293
310
329
281
297
270
270
261
226
244
230
237
217
213
229
198
173
185
186
204
177
194
202
190
148
194
161
168
201
192
190
190
185
188
205
203
225
214
246
248
269
258
292
327
320
316
368
391
418
419
433
436
476
427
445
455
412
471
485
492
458
491
491
472
494
485
492
537
490
509
538
556
561
519
539
465
496
440
428
398
380
364
324
299
283
245
231
206
192
209
201
186
171
160
159
160
146
136
147
141
143
138
154
134
156
127
140
163
175
144
150
154
153
156
157
145
166
147
140
155
162
160
139
152
166
147
149
172
138
122
112
152
134
139
141
143
150
148
129
152
165
130
164
152
169
180
146
175
190
176
168
172
164
158
152
178
157
183
189
183
182
170
176
160
169
167
186
171
162
166
158
163
165
141
128
146
149
148
163
152
151
132
174
174
185
158
177
173
178
172
173
177
199
152
169
176
160
169
166
178
168
151
164
153
143
152
162
161
141
156
148
158
168
132
155
139
123
153
128
128
102
149
117
115
132
132
109
137
133
123
129
107
142
127
123
112
149
142
134
143
120
125
139
109
138
125
130
154
149
141
169
150
145
137
164
118
130
146
152
130
159
139
145
157
140
140
163
151
136
155
138
132
133
149
123
155
117
171
145
142
152
182
177
153
176
190
199
201
208
210
195
241
228
214
235
217
233
224
217
211
209
210
206
225
215
164
164
174
191
155
175
138
133
135
143
148
170
150
135
143
130
168
151
166
171
153
172
154
177
167
178
191
229
171
210
213
204
181
190
189
184
185
197
168
186
138
152
155
135
148
129
116
120
112
118
115
124
88
102
96
81
102
80
86
101
90
93
99
109
108
97
98
73
92
111
82
95
85
82
76
79
88
79
90
95
90
95
95
83
96
79
91
104
95
95
93
102
86
85
97
102
92
101
87
71
77
113
89
89
72
98
78
73
114
86
101
104
92
118
105
105
87
110
108
93
107
99
108
99
91
135
106
128
107
118
130
126
139
133
130
132
130
130
121
165
149
159
137
141
165
121
137
150
151
144
134
149
132
132
138
125
111
131
112
126
105
121
128
105
95
121
88
95
111
107
97
94
102
115
88
110
112
101
98
102
126
107
91
112
88
95
103
118
99
92
94
89
89
83
86
79
99
94
94
95
101
106
90
96
86
92
88
82
100
108
105
101
97
98
90
102
117
103
105
93
98
108
103
139
107
83
110
108
109
102
97
96
113
95
92
80
100
106
105
88
94
94
91
92
95
82
89
72
87
60
60
65
81
52
69
73
67
51
58
81
57
46
64
79
66
59
65
54
64
52
46
44
61
53
51
49
47
56
43
59
48
51
44
42
40
43
70
51
54
56
48
47
49
51
44
41
42
47
39
48
41
43
35
49
47
54
46
31
42
41
41
49
53
41
63
53
44
38
61
53
59
55
55
49
53
53
60
45
52
63
62
53
54
53
50
66
66
49
53
40
61
61
57
64
56
63
66
74
62
63
56
57
74
78
78
66
70
70
67
72
73
78
82
77
81
94
107
99
95
124
103
133
141
144
158
162
211
210
224
219
232
243
282
294
311
336
360
333
363
389
405
452
427
404
369
399
381
393
457
409
393
401
362
365
350
316
314
290
266
267
276
213
201
218
171
157
129
125
125
116
107
104
84
74
67
77
55
73
63
68
46
43
45
43
50
59
35
52
47
40
31
35
42
32
43
25
40
44
31
34
25
24
31
27
24
30
24
29
28
38
27
23
32
26
27
28
21
25
40
24
32
26
27
25
34
31
22
33
27
25
30
32
30
33
25
35
51
39
36
27
21
32
32
35
36
47
37
34
23
43
44
39
25
30
36
37
29
32
34
48
37
33
29
27
32
30
33
21
27
32
29
38
23
30
18
23
18
19
24
25
24
23
23
20
22
24
26
17
13
24
22
21
23
23
14
23
18
15
12
16
18
15
26
24
17
17
29
18
21
21
17
29
14
30
19
19
11
19
12
17
28
19
17
24
24
24
27
27
29
26
18
19
25
31
32
22
30
24
32
31
29
28
31
25
37
39
28
27
34
30
42
40
40
31
40
41
44
49
37
45
42
45
43
34
43
48
44
55
52
47
38
47
45
39
48
39
57
42
45
48
38
46
39
44
39
31
27
29
26
30
30
20
22
23
18
22
24
20
18
18
20
17
16
20
20
20
10
12
19
16
16
20
24
18
21
17
14
28
12
23
11
21
21
18
13
20
15
21
17
20
16
30
15
21
19
14
16
12
16
30
19
28
11
11
11
17
18
18
12
11
19
16
18
18
19
16
14
18
11
10
10
13
7
13
7
8
7
13
16
16
10
12
12
14
15
7
8
13
13
15
14
12
11
8
6
11
8
14
9
8
11
16
11
17
10
11
10
13
11
16
6
14
14
11
14
9
16
10
15
11
6
13
9
13
16
9
13
7
8
8
14
12
13
17
11
5
13
17
17
11
14
16
17
21
11
15
9
10
9
13
14
12
16
13
12
12
18
11
9
16
7
13
14
9
10
12
8
16
12
13
13
12
11
10
9
10
14
8
10
8
14
10
14
5
17
11
6
11
12
7
10
11
13
13
7
9
10
10
10
10
16
10
9
10
18
7
14
9
9
17
14
18
18
15
12
14
17
17
23
16
20
19
9
20
22
23
17
20
20
21
17
19
22
19
24
28
16
23
18
14
20
23
21
26
16
16
27
21
15
13
21
15
18
22
13
31
17
16
13
15
16
23
16
17
10
16
11
13
16
14
11
14
21
9
14
15
17
11
12
18
15
18
23
19
25
11
11
11
20
21
18
16
21
18
23
35
16
16
19
26
19
17
12
19
19
19
20
18
14
22
11
14
13
24
13
20
13
17
16
13
21
22
14
19
12
19
15
22
8
17
15
9
16
16
15
17
11
13
5
16
10
18
10
14
18
8
14
14
11
13
19
9
14
11
12
18
9
13
10
11
10
17
17
12
18
7
15
16
16
15
11
14
14
9
12
16
13
15
13
20
10
15
9
18
9
16
12
14
16
13
17
18
13
13
11
9
20
14
23
10
18
10
15
13
17
13
7
16
9
10
7
11
18
7
22
16
10
12
10
18
15
7
14
12
10
18
10
7
15
13
14
9
15
10
15
8
10
8
13
8
9
10
9
11
12
8
10
8
9
5
9
12
11
9
8
8
10
10
6
10
9
10
14
7
11
10
11
17
9
4
11
13
13
8
13
13
7
9
6
8
13
6
8
11
10
10
13
4
16
11
6
11
9
5
2
9
7
10
10
12
5
6
6
10
5
6
4
9
6
8
6
4
5
8
4
3
6
4
6
5
9
8
8
8
4
5
8
5
9
10
6
6
1
10
4
9
8
7
3
10
2
7
7
6
6
10
8
7
13
6
11
8
8
5
9
8
15
5
11
8
7
8
13
5
16
17
9
10
13
10
13
14
16
7
14
15
12
23
19
20
32
19
24
24
30
22
23
34
26
34
32
41
37
30
29
31
40
43
39
42
37
42
44
41
36
45
43
44
48
43
39
35
32
36
33
38
28
29
37
33
26
27
24
23
25
30
19
27
21
17
15
21
12
13
17
14
14
9
8
4
8
11
8
7
9
14
10
5
7
4
5
10
5
8
5
10
5
8
6
4
6
10
4
5
4
5
5
5
5
1
7
6
5
6
8
4
2
7
9
6
9
8
4
5
5
0
6
6
6
5
1
3
9
3
6
3
8
9
4
6
5
9
5
6
3
3
3
7
9
4
5
7
4
5
3
5
2
4
5
5
6
3
5
6
8
9
7
11
3
4
7
8
3
3
3
8
$ROI:
43
143 193
144 194
424 531
429 529
440 544
440 545
440 549
443 544
443 553
490 516
604 1134
679 1395
690 1434
772 934
800 953
827 855
828 856
840 1946
849 1974
857 2002
872 900
880 1058
887 915
914 1083
1010 1038
1208 1258
1345 1375
1418 1448
2436 2526
3229 3279
3607 3645
6449 6521
6459 6531
6463 6535
6464 6536
6467 6539
6471 6543
6482 6526
6489 6513
6497 6521
12997 13047
12999 13049
13000 13050
