$SPEC_ID:
GAMWIN
$SPEC_REM:


$DETDESC:

$DATE_MEA:
10/10/2025 15:25:03
$MEAS_TIM:
229954.70 231264.43
$MCA_CAL:
3
1.32118272781372E+001 1.29107522964478E+000 0.00000000000000E+000
$DATA:
0 2047
0
0
0
0
0
0
0
0
0
0
0
0
0
0
0
0
0
0
0
0
0
0
0
0
0
0
0
0
0
0
0
0
0
0
0
2138
2074
2126
2225
2341
2387
2678
2710
2905
2843
2937
3149
3320
3596
3850
4185
4400
4568
4437
4307
4236
4054
3762
3631
3458
3541
3409
3412
3275
3063
2964
2730
2548
2493
2321
2274
2234
2204
2162
2206
2155
2185
2136
2158
2191
2185
2116
2158
2124
2134
2149
2132
2130
2155
2168
2122
2111
2115
2120
2173
2103
2164
2167
2036
2157
2088
2074
2138
2035
2196
2088
2063
2015
2058
2018
2076
2065
2006
1908
1918
1974
1957
1913
1930
1952
1911
1925
1983
1960
1907
1981
2040
1976
2116
2080
1977
2040
2087
2030
2012
1923
1949
1845
1864
1891
1825
1829
1833
1854
1828
1891
1875
1774
1753
1799
1785
1809
1715
1688
1776
1730
1724
1771
1797
1884
1931
2011
2042
2219
2401
2377
2500
2602
2603
2621
2628
2493
2423
2232
2058
1935
1787
1736
1578
1499
1483
1374
1398
1346
1405
1387
1362
1404
1337
1371
1399
1441
1390
1390
1348
1412
1376
1335
1445
1413
1378
1439
1460
1552
1485
1614
1625
1650
1629
1575
1660
1538
1592
1570
1504
1381
1418
1241
1207
1193
1178
1162
1078
1009
982
1003
1010
993
1003
1069
1039
1073
1080
1076
1105
1091
1133
1112
1190
1266
1268
1316
1331
1419
1531
1590
1610
1771
1729
1743
1673
1625
1638
1581
1461
1419
1285
1220
1131
1038
975
878
849
850
803
803
786
739
748
721
705
693
723
705
680
693
700
706
684
686
645
675
653
658
679
648
658
697
643
649
643
613
651
598
640
583
645
624
592
578
562
575
567
572
580
581
576
586
610
557
549
591
563
550
559
534
573
554
506
593
547
558
543
551
568
559
600
617
574
555
550
596
539
554
571
569
553
554
597
549
562
537
514
527
493
548
515
542
504
546
547
582
572
585
557
591
599
651
620
650
672
748
673
718
735
797
705
768
741
665
712
672
639
631
585
570
553
496
481
491
463
477
470
419
461
420
443
455
423
431
442
430
409
406
415
355
413
420
434
398
403
415
438
477
403
462
469
451
470
512
484
508
553
510
528
557
593
553
627
622
613
659
607
691
648
652
680
697
749
693
738
775
759
801
789
795
888
833
844
797
795
756
780
724
716
640
625
593
511
490
465
438
393
437
385
365
384
398
336
335
358
344
347
342
372
321
351
338
335
328
340
364
314
359
338
347
354
325
344
329
325
339
341
354
297
350
330
320
320
308
307
344
348
342
319
335
341
311
326
306
307
348
308
318
316
341
322
314
302
326
328
339
311
349
334
330
316
343
314
317
309
328
310
319
330
349
326
322
308
310
296
319
310
333
313
285
316
322
327
338
290
358
332
345
299
305
337
302
345
330
379
332
344
355
354
342
314
377
344
334
398
347
366
349
313
339
332
315
320
317
337
329
304
307
298
283
334
320
305
319
272
288
311
310
296
304
257
300
269
277
296
258
290
276
295
318
286
290
299
284
333
300
317
293
308
323
328
324
320
368
356
342
333
343
372
346
329
383
408
381
363
436
431
462
443
455
467
469
470
437
478
429
439
435
445
402
393
393
387
365
357
377
348
349
312
326
346
339
350
341
302
347
349
342
370
345
329
354
340
358
360
342
358
366
361
331
329
304
318
322
325
293
320
301
307
295
314
265
322
248
298
317
315
297
296
281
285
290
297
292
287
325
323
291
315
303
299
306
299
327
330
296
296
318
272
309
301
304
291
293
287
259
268
246
238
260
257
245
223
231
257
228
216
243
209
222
220
230
200
236
210
228
231
215
215
204
218
217
216
227
204
210
236
235
219
204
231
207
218
203
208
209
212
211
218
196
220
222
207
204
201
208
211
216
202
223
206
234
212
221
202
229
200
219
204
198
218
207
211
208
228
214
198
208
216
228
201
213
199
214
242
230
216
219
250
270
226
267
246
249
253
267
259
270
287
279
289
286
265
290
277
292
290
272
238
280
252
250
264
236
274
265
240
241
265
251
256
199
243
226
242
256
244
227
230
261
259
188
198
205
237
227
201
209
219
254
196
225
222
222
204
207
192
215
186
195
223
219
221
210
179
217
195
202
210
210
202
234
202
200
211
204
203
199
204
190
211
221
199
201
217
193
202
241
224
236
229
205
211
239
249
228
217
236
221
210
213
182
232
227
215
214
200
210
231
193
189
191
175
198
165
184
179
204
199
167
172
173
151
179
194
154
175
165
160
169
149
161
176
147
152
139
188
156
172
151
140
159
152
156
127
164
153
159
157
145
150
147
158
148
156
134
140
143
143
138
133
125
139
154
123
137
159
127
116
147
138
151
117
163
152
131
132
167
148
125
138
123
137
157
131
143
154
162
144
141
149
146
147
158
142
169
159
153
153
150
151
155
163
161
165
139
145
175
160
154
162
166
177
156
134
160
178
170
168
151
167
154
183
153
192
188
206
196
176
178
171
188
191
189
221
224
247
207
239
214
266
294
270
294
279
331
356
329
404
388
446
440
467
497
551
551
573
602
599
572
617
617
633
667
672
715
694
661
729
671
656
654
682
639
602
566
537
548
495
465
494
387
376
403
408
350
331
294
283
235
252
217
221
187
182
206
176
176
176
157
159
141
137
125
112
132
105
114
111
120
110
116
87
114
98
111
107
111
104
96
103
99
103
108
81
96
82
104
99
78
99
61
91
86
71
82
89
62
68
85
64
82
71
70
75
81
73
81
73
72
58
87
71
70
87
66
70
67
79
76
66
61
76
69
69
68
70
65
61
76
72
74
69
75
69
55
53
66
67
69
66
57
68
74
56
60
56
60
73
65
68
51
51
55
64
59
58
50
51
72
67
68
69
58
60
53
52
51
59
60
59
60
69
42
52
41
58
54
54
47
81
51
55
56
59
47
62
43
54
60
51
49
48
45
60
43
55
51
64
64
57
56
59
54
72
54
52
51
56
65
53
55
65
58
68
70
56
71
58
74
84
78
65
57
74
80
86
92
71
82
76
77
73
88
100
89
81
95
58
93
88
79
81
90
92
91
62
95
75
94
83
94
86
80
79
75
92
100
81
86
81
79
80
88
75
72
63
68
58
62
56
77
55
63
47
59
51
50
62
55
46
49
52
52
47
47
41
49
55
56
59
36
49
49
59
33
46
44
34
39
44
43
51
48
35
47
41
45
38
41
50
32
45
38
51
49
38
43
56
38
35
36
48
37
36
43
41
48
41
52
35
48
43
36
36
30
38
47
31
39
35
42
38
44
35
38
35
50
37
34
42
39
31
41
51
36
41
31
36
32
31
27
39
30
38
44
49
47
37
31
38
33
45
35
37
41
22
31
42
52
38
34
36
36
32
42
34
33
32
44
30
26
33
39
28
48
47
46
31
28
30
33
43
38
34
31
32
41
38
36
26
41
39
43
31
26
40
32
32
33
33
31
40
36
36
38
38
29
32
32
36
36
40
37
42
27
39
42
42
40
42
44
33
35
33
41
33
32
35
25
43
32
33
35
36
34
44
39
35
30
35
32
40
26
39
37
42
31
31
23
36
19
26
36
29
31
28
37
26
35
35
30
33
24
25
39
38
34
37
45
33
24
45
34
23
36
32
39
47
26
44
46
39
45
38
43
46
30
41
35
37
52
42
44
38
38
48
47
43
47
50
38
45
54
45
46
49
41
46
45
47
39
47
48
33
59
38
43
37
49
53
44
51
36
55
46
45
37
53
34
35
40
38
63
42
53
47
55
47
43
49
39
46
55
46
44
46
54
46
44
44
50
42
46
49
49
45
46
59
44
45
47
52
55
40
58
36
45
47
40
59
56
38
28
51
41
46
36
45
41
42
49
35
39
39
31
36
44
46
40
38
47
43
34
42
44
42
28
24
32
28
33
35
33
31
27
34
35
42
34
39
39
39
38
34
33
48
45
31
37
38
39
23
46
43
44
46
45
47
29
38
36
33
41
35
38
37
42
41
35
27
31
34
25
33
40
41
40
34
35
35
38
42
34
51
35
42
31
37
33
37
32
37
39
22
36
34
32
35
21
35
25
37
36
28
31
38
35
29
28
32
29
37
33
29
33
36
36
37
35
34
41
40
40
38
28
27
41
29
24
31
42
43
40
28
30
40
32
34
34
37
48
31
30
39
37
32
33
35
35
31
44
35
29
37
35
31
31
33
32
34
28
46
40
44
35
26
28
33
45
48
42
36
38
29
42
39
27
40
38
29
37
42
29
37
39
37
30
35
34
33
23
35
29
30
30
33
40
27
28
40
28
35
25
36
25
31
26
35
34
32
24
28
33
40
38
24
35
32
29
30
35
38
31
35
44
31
30
31
35
48
32
36
42
25
38
36
37
37
37
33
34
30
47
48
21
27
42
46
40
49
39
39
48
36
34
53
51
43
58
47
36
47
53
51
50
62
57
52
49
61
60
72
67
70
56
65
58
56
61
55
69
66
67
58
61
61
74
55
58
61
58
56
53
46
47
46
51
48
48
46
39
33
39
51
52
38
37
39
26
36
38
34
39
32
45
36
34
30
27
29
38
28
34
30
19
30
33
32
32
30
26
32
30
29
39
30
32
36
34
37
32
31
20
31
31
28
21
38
31
23
32
31
28
41
32
36
39
33
39
30
40
32
30
22
31
31
30
29
25
31
29
31
34
32
35
28
26
28
37
25
23
26
27
38
28
26
30
30
30
31
29
25
33
38
31
33
43
29
29
48
26
37
42
30
35
38
27
32
34
33
18
32
33
34
29
35
23
30
28
22
38
$ROI:
43
143 193
144 194
424 531
429 529
440 544
440 545
440 549
443 544
443 553
490 516
604 1134
679 1395
690 1434
772 934
800 953
827 855
828 856
840 1946
849 1974
857 2002
872 900
880 1058
887 915
914 1083
1010 1038
1208 1258
1345 1375
1418 1448
2436 2526
3229 3279
3607 3645
6449 6521
6459 6531
6463 6535
6464 6536
6467 6539
6471 6543
6482 6526
6489 6513
6497 6521
12997 13047
12999 13049
13000 13050
