$SPEC_ID:
GAMWIN
$SPEC_REM:


$DETDESC:

$DATE_MEA:
10/24/2025 07:22:46
$MEAS_TIM:
27075.43 28273.90
$MCA_CAL:
3
1.32118272781372E+001 1.29107522964478E+000 0.00000000000000E+000
$DATA:
0 2047
0
0
0
0
0
0
0
0
0
0
0
0
0
0
0
0
0
0
0
0
0
0
0
0
0
0
0
0
0
0
0
0
0
0
0
3271
3405
3606
3821
4003
4241
4486
4599
4879
5071
5169
5642
6102
6854
7589
8025
8336
8347
8093
7538
6741
6350
5831
5679
5471
5636
5349
5158
5069
4542
4295
3999
3617
3360
3192
3049
3031
2960
3029
2893
2878
2888
2839
2733
2716
2789
2782
2711
2799
2756
2830
2841
2956
2962
2836
2996
2891
2999
2911
2799
2916
2809
2734
2757
2745
2800
2795
2849
2738
2725
2819
2658
2739
2596
2617
2567
2590
2536
2487
2440
2468
2528
2422
2342
2338
2404
2392
2402
2377
2401
2517
2530
2599
2580
2712
2691
2634
2570
2526
2410
2480
2312
2267
2246
2254
2238
2294
2203
2201
2299
2270
2296
2327
2317
2204
2209
2116
2250
2133
2076
2151
2227
2351
2492
2773
2952
3219
3546
3958
4244
4440
4787
4940
4873
4868
4611
4281
3978
3605
3202
2730
2507
2194
2020
1813
1749
1676
1596
1508
1590
1562
1557
1525
1524
1617
1589
1664
1616
1497
1595
1544
1613
1566
1558
1614
1627
1757
1697
1861
1909
1950
2083
2091
2062
2151
2041
1956
1880
1775
1583
1590
1452
1373
1230
1228
1181
1174
1117
1107
1157
1082
1111
1164
1144
1176
1233
1366
1339
1444
1482
1510
1597
1673
1713
1783
1979
1968
2010
2114
2204
2289
2261
2362
2283
2309
2221
2138
1943
1879
1719
1675
1358
1256
1183
1065
918
916
783
787
768
710
667
659
702
695
656
687
681
645
703
637
602
667
684
704
677
651
680
616
662
632
634
669
604
633
616
590
619
670
640
638
591
573
571
636
572
583
560
548
543
582
536
537
515
588
511
485
543
562
580
510
528
572
571
521
534
574
582
546
543
587
557
559
589
615
581
597
583
572
552
487
529
528
551
485
497
528
478
513
478
444
491
480
446
503
476
495
542
534
554
522
554
564
588
613
631
672
671
655
634
631
623
619
578
618
558
563
561
478
494
457
449
501
445
433
428
421
409
445
412
425
417
396
390
399
455
441
408
438
438
400
463
499
493
464
464
505
526
585
630
605
699
705
786
775
793
909
891
893
977
991
1058
993
955
1013
1026
1034
1047
1020
1018
1058
1069
1076
993
1099
1068
1128
1073
1137
1233
1111
1092
1048
1059
1002
977
838
887
794
765
698
636
590
566
482
458
455
423
413
368
349
359
353
345
334
345
341
320
309
331
325
316
321
310
335
297
363
322
318
295
338
304
354
315
356
339
342
304
295
306
315
322
294
316
315
315
301
338
316
305
289
322
311
287
327
314
289
366
349
320
323
358
339
343
344
362
340
339
333
376
397
338
362
392
378
419
401
454
402
391
359
413
411
348
365
359
359
356
316
341
337
362
354
369
341
318
355
333
365
338
316
361
347
368
366
375
359
351
352
395
353
378
385
407
367
318
369
376
364
351
339
385
350
325
350
336
350
274
317
330
350
300
300
298
295
318
276
281
251
275
262
254
287
278
292
255
253
265
303
277
262
313
274
296
267
293
312
308
297
308
304
294
314
309
301
310
320
312
293
317
289
321
293
283
325
318
299
308
311
316
308
290
269
335
287
292
329
294
310
325
305
286
313
353
326
331
326
391
394
420
423
466
464
478
453
477
474
493
523
526
526
537
505
532
529
450
455
441
426
464
420
443
388
399
354
371
316
354
314
329
346
321
297
357
352
320
317
328
372
396
388
348
367
421
412
413
425
446
434
486
400
428
434
450
423
398
443
381
428
382
357
329
375
326
379
286
294
295
299
297
293
260
255
231
230
244
224
241
232
244
231
234
223
219
234
240
185
225
218
195
209
216
211
221
217
205
233
198
213
215
208
222
212
224
204
205
224
251
218
225
230
215
241
232
225
212
225
236
216
214
217
226
198
227
200
215
217
229
217
239
234
235
230
233
244
260
233
255
224
278
225
256
265
257
274
282
263
297
322
283
258
288
315
285
258
302
342
301
337
338
335
354
326
362
355
335
298
294
322
322
339
301
327
325
302
262
296
245
236
236
285
257
305
275
266
267
249
260
277
251
224
261
259
256
255
268
227
251
228
220
262
262
242
240
230
253
243
232
226
236
223
275
250
216
250
246
237
221
232
262
243
231
246
261
229
239
249
264
235
237
223
253
230
222
271
236
238
236
242
247
250
258
241
268
246
240
277
232
238
227
244
234
254
222
237
220
197
224
206
200
196
190
174
182
182
202
153
164
170
161
152
129
141
162
148
148
150
128
138
151
148
123
132
121
132
146
126
126
121
129
119
124
115
95
119
107
115
124
102
115
95
102
99
95
115
96
121
108
108
94
99
83
91
89
113
90
87
112
120
111
92
85
100
90
105
101
100
92
89
94
98
96
88
104
94
115
104
104
94
120
96
103
133
120
102
141
129
106
135
137
123
118
111
133
120
124
132
133
139
121
135
131
126
123
150
126
129
126
155
147
131
150
147
152
156
160
169
143
166
181
188
212
229
200
243
275
278
267
323
339
384
410
453
500
535
506
591
659
659
742
779
789
900
919
1012
960
1012
1076
1033
1066
1095
1083
1138
1093
1093
1103
1108
1029
1027
1017
966
942
901
872
766
742
734
649
598
556
489
477
430
391
375
312
283
246
257
236
202
201
161
132
141
141
135
108
121
112
90
91
98
83
96
65
75
65
77
61
74
66
68
64
56
75
54
67
58
54
66
54
46
60
53
53
54
53
49
48
55
65
49
47
42
42
52
56
44
55
65
72
44
68
45
62
60
48
62
67
63
66
56
75
77
72
58
72
66
51
85
71
69
77
62
51
78
63
60
64
63
67
51
75
63
72
52
65
60
62
55
49
51
55
57
43
53
61
50
58
53
38
44
56
46
44
44
37
52
44
48
43
42
49
48
39
35
43
44
50
31
38
39
48
37
37
38
32
47
40
40
41
40
36
39
35
34
39
28
42
33
50
40
34
42
50
28
41
50
38
43
41
48
40
33
38
33
45
45
40
34
41
50
50
47
58
60
49
69
61
71
81
63
68
59
65
75
60
70
80
89
77
75
71
91
84
81
86
88
86
94
109
89
113
96
85
102
98
99
95
88
90
61
95
77
71
81
74
83
67
70
58
73
54
61
60
59
53
45
52
42
37
37
45
47
39
44
37
30
28
38
30
37
25
30
38
34
36
29
30
29
32
29
19
37
38
23
41
37
41
30
35
29
29
32
33
29
28
32
33
40
33
31
30
34
31
38
23
28
23
30
39
37
23
42
33
37
25
23
37
27
22
33
23
23
29
40
25
19
15
28
28
23
23
28
36
20
26
23
23
22
25
32
22
18
26
18
18
30
23
27
19
21
16
31
21
27
23
25
19
23
23
21
27
18
26
25
19
25
27
16
22
17
25
17
16
22
20
26
27
20
27
24
23
16
31
23
22
24
24
18
23
23
28
24
24
19
19
15
18
16
18
19
15
19
26
20
18
27
25
22
33
21
22
15
23
24
18
24
23
22
13
14
19
25
19
22
25
25
23
19
21
25
14
19
20
18
20
14
16
21
23
16
29
18
15
31
23
20
23
19
27
23
20
23
29
19
26
24
30
28
25
31
18
26
21
38
26
41
33
26
24
28
32
32
37
44
41
41
37
50
30
42
27
39
49
27
47
33
36
60
44
34
37
45
32
44
57
33
51
39
41
49
39
32
27
45
29
31
40
19
19
27
43
26
33
28
27
21
25
20
30
37
25
40
30
34
29
39
34
26
28
26
31
35
32
29
28
30
51
27
37
33
28
27
28
39
26
39
31
39
41
28
25
39
34
39
48
33
28
42
38
34
57
29
25
40
27
33
37
36
33
35
24
37
31
27
22
35
26
29
20
28
28
21
22
31
27
24
35
28
27
23
35
24
31
27
26
18
29
21
24
26
30
28
22
22
28
22
25
21
24
31
36
22
31
29
21
22
24
17
21
18
21
30
24
24
22
28
21
21
31
25
25
17
20
24
25
19
43
25
27
20
26
23
23
24
17
29
25
28
17
29
17
26
31
22
21
21
24
24
31
26
26
30
25
18
25
28
26
19
16
13
25
24
33
17
15
20
19
19
30
23
19
20
22
21
23
14
17
18
20
17
16
20
14
23
33
24
13
13
18
12
31
16
14
16
14
9
12
19
21
15
14
14
17
20
18
22
19
16
19
22
16
23
20
20
19
19
15
11
17
15
14
16
22
12
11
18
23
19
13
13
18
14
11
15
13
15
13
16
16
15
11
12
8
23
17
16
10
5
9
8
6
11
11
15
6
7
9
8
16
13
13
12
8
12
8
15
10
6
12
16
8
19
9
13
14
6
8
12
4
12
5
17
7
9
13
16
10
13
19
12
15
15
11
11
15
11
16
23
16
19
17
18
25
21
26
21
20
36
30
40
27
34
30
38
33
39
43
50
47
55
58
60
52
59
67
60
87
69
75
72
87
78
72
79
86
80
88
91
78
82
75
69
86
85
84
73
81
87
86
84
82
66
66
57
67
50
58
45
54
58
39
48
51
42
37
26
32
34
33
31
22
25
22
19
22
27
19
12
16
10
18
12
19
13
9
9
12
9
12
6
10
10
14
7
8
14
11
9
6
10
8
6
4
9
8
5
3
5
14
8
8
5
8
7
6
2
6
11
12
6
9
8
4
5
10
8
12
8
2
6
5
8
11
10
8
8
5
8
8
0
4
7
4
5
9
7
7
7
3
10
8
3
5
9
2
3
4
7
4
5
7
5
6
5
6
9
7
5
5
5
4
5
7
4
6
8
11
9
5
6
10
4
7
7
4
2
6
7
4
5
$ROI:
43
143 193
144 194
424 531
429 529
440 544
440 545
440 549
443 544
443 553
490 516
604 1134
679 1395
690 1434
772 934
800 953
827 855
828 856
840 1946
849 1974
857 2002
872 900
880 1058
887 915
914 1083
1010 1038
1208 1258
1345 1375
1418 1448
2436 2526
3229 3279
3607 3645
6449 6521
6459 6531
6463 6535
6464 6536
6467 6539
6471 6543
6482 6526
6489 6513
6497 6521
12997 13047
12999 13049
13000 13050
