$SPEC_ID:
GAMWIN
$SPEC_REM:


$DETDESC:

$DATE_MEA:
09/25/2025 07:55:01
$MEAS_TIM:
26906.25 27959.67
$MCA_CAL:
3
1.32118272781372E+001 1.29107522964478E+000 0.00000000000000E+000
$DATA:
0 2047
0
0
0
0
0
0
0
0
0
0
0
0
0
0
0
0
0
0
0
0
0
0
0
0
0
0
0
0
0
0
0
0
0
0
0
2788
2862
3013
3217
3387
3585
3911
3916
4115
4232
4416
4616
5125
5536
6229
6725
7181
7182
6973
6313
5911
5211
5010
4815
4739
4644
4527
4389
4243
3809
3640
3257
3039
2846
2676
2632
2529
2493
2487
2359
2441
2332
2352
2277
2295
2291
2193
2260
2294
2223
2264
2398
2420
2457
2514
2477
2554
2479
2481
2365
2378
2259
2317
2244
2352
2243
2227
2302
2289
2193
2110
2224
2193
2198
2047
2116
2116
2041
2041
1972
1981
2002
1855
1945
1906
1863
1955
1880
1848
1958
1943
1961
2063
2165
2111
2097
2009
2093
2086
2033
1935
1963
1904
1858
1850
1783
1902
1975
1869
1908
1902
1867
1975
1901
1901
1804
1751
1817
1846
1797
1833
1919
1937
2032
2239
2371
2704
3000
3244
3665
4122
4037
4205
4230
4350
4133
3946
3618
3314
2990
2634
2214
1971
1710
1656
1468
1314
1354
1278
1341
1283
1267
1207
1337
1296
1329
1315
1355
1290
1286
1349
1318
1330
1225
1265
1297
1364
1296
1402
1445
1505
1580
1578
1588
1533
1606
1563
1506
1513
1430
1339
1222
1153
1084
1042
1002
938
945
908
895
900
923
943
943
1052
1012
1099
1107
1160
1256
1293
1283
1425
1419
1462
1515
1561
1546
1640
1666
1669
1758
1713
1708
1744
1678
1678
1518
1417
1312
1291
1087
1065
984
911
824
787
782
654
589
625
598
604
576
553
607
538
565
559
569
525
550
564
545
550
559
616
554
550
578
534
561
562
543
607
583
540
574
558
540
489
522
526
526
535
457
491
469
439
487
505
433
449
480
466
430
436
429
457
459
444
451
496
443
488
456
483
530
458
467
506
487
516
510
526
540
522
520
531
521
509
474
443
444
448
422
387
431
445
404
403
444
398
437
388
437
388
423
418
451
501
516
498
502
546
513
535
566
572
596
560
574
588
579
515
498
539
507
478
469
474
415
421
398
378
386
382
358
329
398
375
379
392
359
370
377
367
359
390
366
367
357
378
372
425
427
409
454
472
469
512
524
561
611
688
698
732
735
785
802
853
845
880
918
926
861
926
910
843
837
811
848
858
818
816
734
822
857
817
818
814
834
873
787
793
729
755
724
703
628
576
547
493
457
460
404
449
375
351
360
321
327
276
298
258
247
298
295
263
296
301
293
301
277
281
262
277
283
275
293
304
311
294
295
303
307
272
290
269
269
277
275
266
287
281
279
276
248
267
259
277
239
286
282
281
249
283
277
250
287
304
285
284
276
268
310
307
292
344
316
332
321
292
337
325
336
339
359
371
368
349
360
341
340
323
337
323
274
295
278
298
273
279
279
308
307
262
297
270
285
295
298
291
320
303
323
306
330
304
318
320
297
325
298
316
303
307
302
315
336
342
301
312
303
292
263
315
266
302
327
285
278
278
285
263
267
258
249
219
242
261
256
222
237
208
245
229
236
240
253
225
241
262
253
252
290
241
232
248
250
273
241
259
261
266
218
258
276
277
288
258
273
260
266
294
284
262
285
264
241
244
285
275
275
280
271
264
265
275
247
275
238
258
274
269
275
300
309
327
318
337
355
365
363
403
402
435
428
473
455
482
446
467
450
439
434
477
417
474
404
426
362
367
364
376
343
329
345
315
322
276
344
264
285
262
294
264
310
309
301
300
331
342
321
335
352
386
379
373
404
371
396
415
394
389
357
425
350
370
375
390
358
336
353
356
335
292
256
253
256
241
240
245
255
223
203
215
201
202
210
199
199
210
208
212
210
189
189
184
217
200
199
177
196
185
184
177
190
177
177
176
219
198
192
196
192
202
181
201
200
193
227
202
165
187
186
180
186
213
214
204
168
211
189
197
190
203
206
221
223
198
211
218
219
189
196
206
214
201
204
204
226
233
237
234
208
212
224
207
209
240
243
219
227
288
267
268
263
259
285
271
225
250
276
276
290
256
279
267
270
276
244
276
265
272
273
236
255
269
215
225
226
240
207
203
208
254
215
226
180
235
220
215
210
202
205
221
214
246
218
215
190
211
212
191
219
219
204
213
206
239
226
233
235
190
209
220
203
211
221
217
224
214
212
216
205
195
207
202
223
202
209
200
229
184
220
230
216
186
219
223
215
211
223
207
214
217
214
205
194
213
204
232
209
201
215
197
212
206
192
176
170
163
172
185
174
155
151
160
168
139
145
138
131
135
138
123
114
112
140
125
124
121
106
107
107
110
119
102
105
124
97
93
90
100
100
95
94
112
102
94
94
100
84
99
83
77
89
93
88
82
106
91
82
94
83
77
73
89
84
83
83
78
94
77
82
96
85
87
92
85
88
60
92
84
84
86
95
72
103
82
88
94
85
81
86
89
89
91
96
85
106
99
110
91
85
96
94
113
98
88
75
98
96
110
111
118
117
115
92
81
106
103
119
109
126
109
111
137
131
127
151
173
156
194
157
183
197
209
231
262
284
268
302
354
379
465
451
467
531
588
566
652
688
695
789
812
816
888
893
1018
1012
1002
1008
1056
1030
1039
1047
1014
1045
1001
1041
1021
926
902
827
779
795
708
712
665
642
563
503
483
409
379
379
318
275
237
251
239
198
180
154
136
124
124
116
115
80
93
92
62
77
69
71
64
67
51
57
64
59
65
58
54
44
41
51
39
45
41
27
35
39
45
38
53
32
53
46
39
30
38
40
29
42
40
35
38
44
41
51
43
46
52
57
37
52
58
43
61
54
52
55
56
51
58
54
70
73
72
47
45
57
49
53
54
66
53
61
54
64
61
50
62
66
51
49
48
65
50
52
52
62
50
43
48
41
39
38
41
48
37
41
45
47
37
46
45
29
31
32
29
44
29
44
36
22
36
32
36
33
39
37
40
34
26
24
30
25
22
30
25
26
26
34
30
31
26
39
36
24
29
31
28
16
32
32
30
28
35
29
26
35
44
29
30
30
29
30
39
39
33
30
32
60
36
43
48
35
50
40
48
51
62
58
43
50
46
50
58
53
56
64
56
50
72
64
56
59
69
49
60
58
68
64
72
73
56
60
77
82
53
54
60
72
58
65
51
46
42
52
44
46
42
44
47
36
41
46
32
34
34
33
26
33
31
35
27
31
18
30
27
22
16
28
23
28
31
24
19
29
25
25
27
34
21
19
25
35
36
20
27
24
26
25
16
37
24
35
34
26
25
33
30
26
23
22
23
34
20
18
21
28
25
23
29
26
14
27
22
19
15
30
23
16
24
24
27
16
25
24
31
24
18
22
23
25
22
18
22
25
37
13
29
31
21
16
23
18
25
20
12
17
26
14
18
13
25
13
26
15
28
19
17
20
22
15
14
21
22
21
18
19
17
19
14
21
17
21
16
16
19
15
14
14
29
21
25
22
21
26
11
25
19
22
23
19
17
23
17
17
31
17
17
19
18
21
20
14
25
13
20
17
30
19
14
14
16
14
17
24
24
15
17
20
24
17
14
8
22
24
18
16
23
19
23
15
16
14
12
28
20
18
19
17
17
25
18
18
23
20
21
20
18
14
17
19
26
19
31
18
19
26
26
19
29
35
28
31
20
34
25
22
25
36
26
37
34
34
33
36
28
35
26
50
40
37
49
32
45
47
46
34
40
32
41
45
41
22
42
32
29
40
39
32
37
41
28
33
19
22
21
34
36
24
34
33
23
25
35
21
24
28
28
31
23
31
22
25
24
21
27
23
18
28
25
27
37
30
27
24
28
29
19
30
22
28
33
30
36
38
32
26
32
40
23
28
21
35
37
27
33
35
28
31
30
32
35
32
26
27
33
33
35
29
22
21
21
33
23
34
28
25
26
25
29
24
27
27
30
21
23
26
23
23
22
24
21
20
24
23
22
21
29
26
25
22
24
31
12
29
33
24
19
27
22
31
18
15
26
17
33
15
23
15
25
25
21
20
22
25
31
22
21
22
24
25
18
19
29
24
29
22
25
19
18
25
17
18
22
25
22
24
24
17
16
25
24
16
23
22
20
19
27
25
26
20
25
23
25
25
31
24
32
23
18
15
32
22
23
24
18
18
21
14
30
21
18
21
28
16
17
20
25
21
16
16
16
16
22
18
14
11
15
17
12
22
23
18
12
8
18
12
13
9
13
15
20
13
16
14
20
13
17
14
12
9
18
12
15
21
18
12
16
15
13
19
13
16
10
16
15
10
11
21
14
13
16
9
13
11
9
13
14
7
11
13
10
7
6
8
12
14
9
12
11
4
6
11
7
15
9
11
9
13
11
7
10
12
3
12
11
8
8
9
10
7
5
5
5
14
13
15
10
9
15
7
6
11
10
4
12
18
13
10
13
14
8
15
12
15
10
9
21
10
23
14
16
20
20
27
22
28
16
28
29
29
37
34
39
31
43
37
42
43
62
46
46
60
46
57
60
80
62
77
96
73
71
68
81
75
83
85
86
81
61
77
70
91
77
79
64
82
66
82
58
59
70
53
61
58
71
54
50
66
47
30
38
39
42
35
33
24
31
30
27
19
17
18
18
19
21
24
23
12
15
17
10
5
13
11
7
13
13
8
8
22
10
9
6
9
3
6
6
6
10
11
3
8
13
6
7
11
10
10
2
12
6
7
5
11
5
9
5
11
9
4
4
10
10
5
5
5
6
6
1
3
12
10
8
4
6
9
8
6
6
3
7
5
11
3
11
10
5
6
9
7
7
7
5
3
9
6
1
8
6
5
5
6
12
8
6
4
8
6
7
10
6
8
5
10
7
7
7
10
10
5
9
7
7
$ROI:
43
143 193
144 194
424 531
429 529
440 544
440 545
440 549
443 544
443 553
490 516
604 1134
679 1395
690 1434
772 934
800 953
827 855
828 856
840 1946
849 1974
857 2002
872 900
880 1058
887 915
914 1083
1010 1038
1208 1258
1345 1375
1418 1448
2436 2526
3229 3279
3607 3645
6449 6521
6459 6531
6463 6535
6464 6536
6467 6539
6471 6543
6482 6526
6489 6513
6497 6521
12997 13047
12999 13049
13000 13050
