$SPEC_ID:
GAMWIN
$SPEC_REM:


$DETDESC:

$DATE_MEA:
10/21/2025 15:02:22
$MEAS_TIM:
58871.05 59862.26
$MCA_CAL:
3
1.32118272781372E+001 1.29107522964478E+000 0.00000000000000E+000
$DATA:
0 2047
0
0
0
0
0
0
0
0
0
0
0
0
0
0
0
0
0
0
0
0
0
0
0
0
0
0
0
0
0
0
0
0
0
0
0
2041
2105
2250
2360
2491
2517
2653
2762
2769
2835
2889
3001
3156
3507
3700
3935
4065
4072
3933
3737
3484
3248
3072
2900
2812
2866
2794
2706
2627
2515
2280
2091
2087
1937
1846
1743
1792
1716
1616
1642
1624
1689
1577
1682
1581
1608
1547
1601
1529
1515
1599
1607
1587
1625
1649
1624
1667
1626
1612
1574
1518
1487
1574
1586
1466
1489
1477
1499
1552
1519
1444
1454
1459
1472
1378
1389
1370
1365
1330
1309
1337
1307
1302
1238
1320
1298
1284
1325
1272
1315
1338
1299
1377
1337
1385
1333
1411
1318
1348
1348
1225
1230
1327
1195
1240
1262
1262
1280
1280
1253
1338
1289
1240
1320
1283
1200
1298
1279
1211
1284
1248
1354
1357
1352
1390
1528
1684
1807
1986
2110
2164
2311
2422
2327
2330
2270
2105
2043
1872
1665
1555
1390
1265
1191
1073
1063
1035
1001
977
951
1018
979
975
931
965
1003
1011
954
1021
914
933
954
902
965
925
961
1013
971
953
1036
1026
938
1008
998
1014
1023
973
1025
975
894
894
869
771
774
719
741
688
684
657
701
658
692
711
600
732
687
722
778
793
822
796
852
835
860
860
971
913
1040
1045
1029
1042
1102
1046
1037
1057
1025
962
947
916
854
793
774
706
652
677
580
526
522
504
487
486
449
476
435
452
465
489
460
470
445
482
428
413
454
472
458
475
441
411
458
455
437
421
396
445
429
433
403
423
414
399
409
406
443
423
376
388
357
394
386
350
352
390
379
371
394
372
409
380
391
371
378
386
373
389
378
396
418
361
388
399
367
397
417
400
371
424
392
390
395
397
361
415
373
363
348
358
363
343
337
363
327
350
379
327
338
324
379
394
388
405
388
413
439
417
452
435
480
461
428
435
477
464
429
461
439
439
391
376
392
357
368
309
313
318
327
302
309
292
285
312
298
309
272
308
306
306
299
286
314
270
290
318
284
290
308
330
326
346
327
358
371
390
396
393
429
460
423
498
470
512
521
507
499
532
554
512
526
522
577
522
543
521
477
514
479
528
526
468
485
478
534
467
495
514
473
457
404
398
393
418
336
364
329
334
287
302
272
266
292
264
258
262
266
282
251
230
242
223
255
239
265
248
272
228
244
260
245
237
221
248
249
252
254
259
235
212
257
250
280
258
241
218
252
221
255
247
237
215
241
241
247
248
268
237
251
279
232
228
245
235
214
250
250
268
255
250
261
264
259
252
239
270
257
275
271
243
274
269
279
255
262
227
251
259
257
273
233
249
201
245
249
226
235
229
227
235
241
250
234
257
228
243
273
281
253
255
262
231
296
258
243
255
232
234
242
260
251
248
271
255
251
227
258
223
244
241
254
255
246
213
235
212
213
238
202
218
223
234
224
212
251
205
220
226
211
201
215
222
207
241
212
217
197
217
225
215
226
199
246
229
229
208
227
235
210
239
249
237
243
237
236
250
245
259
256
257
279
261
286
297
317
256
298
249
301
293
260
243
285
246
255
256
245
294
264
251
260
236
295
264
284
236
291
298
315
272
300
305
319
343
316
331
371
314
337
318
343
304
306
299
269
285
285
302
280
264
260
223
237
254
248
252
245
284
248
239
239
289
247
238
255
278
254
290
282
314
286
266
305
319
289
289
265
263
293
261
273
277
298
278
276
241
248
241
222
248
242
238
229
217
209
236
215
212
206
201
205
223
214
189
209
212
199
182
196
189
193
218
212
197
212
201
203
200
202
190
193
218
190
224
206
183
187
215
203
220
194
203
202
205
212
187
214
189
194
212
192
222
208
215
201
213
187
212
217
219
211
231
214
223
193
190
197
216
196
225
227
195
210
204
216
229
251
244
213
214
237
224
233
216
249
233
260
225
225
236
217
262
264
263
247
258
261
260
244
257
256
258
271
271
258
263
233
236
245
258
238
241
230
227
201
246
215
253
238
217
253
240
201
225
215
218
210
242
250
219
236
223
228
220
225
254
233
218
247
247
235
221
234
217
236
212
279
197
225
228
241
219
215
226
216
236
240
215
248
240
229
223
223
239
226
221
231
223
246
242
215
216
215
204
235
222
195
198
207
239
215
239
204
209
231
192
203
202
205
216
205
185
197
188
179
182
186
151
161
159
165
146
149
139
145
133
134
133
123
127
137
124
114
110
123
112
112
120
129
123
126
90
115
116
101
87
92
93
85
99
94
95
98
82
83
90
98
79
84
108
91
87
87
77
79
87
86
78
88
74
80
80
100
105
92
86
86
69
76
78
85
75
78
64
81
82
86
78
74
91
71
72
85
85
80
91
82
66
89
71
77
82
98
83
71
98
90
103
97
91
94
107
101
89
97
87
98
110
88
94
106
103
123
75
107
117
113
106
121
122
114
141
133
158
181
190
216
203
220
234
250
271
261
296
351
333
415
427
450
500
549
567
638
638
716
764
845
827
924
936
1013
1025
1088
1143
1138
1191
1243
1223
1249
1232
1192
1201
1199
1124
1146
1067
1005
1036
927
914
832
851
728
711
596
589
499
509
460
366
310
364
269
243
217
191
201
176
163
145
137
135
114
107
91
96
83
64
51
64
65
49
51
63
64
54
58
51
64
51
41
39
49
36
35
44
29
41
30
31
41
43
37
39
26
35
35
40
42
27
32
36
32
32
40
26
24
36
25
46
25
53
31
28
31
27
33
28
44
36
25
41
43
38
50
35
33
41
45
32
24
41
35
37
31
30
33
26
41
42
33
36
31
23
28
31
24
38
32
30
30
32
23
27
37
31
31
35
31
29
33
25
17
25
16
24
28
28
24
24
26
22
28
20
16
21
18
16
32
16
32
19
20
24
19
27
18
30
28
22
28
24
13
24
21
26
25
23
18
16
24
29
16
25
20
17
16
26
33
23
29
23
20
26
32
33
25
28
28
29
21
23
34
28
35
24
39
29
33
20
39
31
32
40
33
24
34
25
32
36
37
37
32
34
37
31
51
39
47
35
52
45
40
40
42
37
31
40
43
35
29
31
39
39
22
27
30
35
34
27
32
37
30
31
22
26
29
21
24
20
28
19
25
19
23
17
23
25
20
20
19
24
20
23
20
22
21
19
23
20
17
21
18
23
26
22
19
28
21
15
19
15
26
15
15
21
19
8
18
28
22
18
18
24
23
19
14
20
15
19
18
14
23
20
16
16
14
11
18
19
23
17
9
13
17
19
15
16
17
17
17
12
18
16
17
22
16
18
18
21
18
18
19
22
14
12
20
15
18
18
27
10
15
11
17
15
20
18
14
16
13
10
9
14
16
23
14
14
14
13
20
14
7
20
11
11
21
15
13
16
9
20
13
13
15
16
11
18
9
10
11
23
20
15
13
11
18
17
17
12
12
14
14
15
19
16
20
13
15
16
21
11
15
16
12
17
20
15
13
20
14
15
18
12
19
11
18
22
10
17
21
16
13
13
20
16
19
17
17
16
12
16
18
9
19
17
13
17
14
7
16
12
7
13
16
20
12
17
13
15
18
18
12
21
16
15
16
20
14
15
26
18
25
18
13
19
20
19
11
30
21
20
31
17
33
22
28
23
27
19
31
17
16
14
18
20
23
17
27
27
20
23
21
22
20
20
18
23
14
23
20
15
22
14
33
21
20
21
19
22
19
15
19
24
20
16
26
30
23
13
20
22
16
17
14
19
24
24
15
14
14
21
26
18
26
16
25
19
12
17
18
22
21
24
19
21
20
18
24
18
21
24
18
16
21
15
26
22
20
20
21
24
27
20
25
23
29
14
26
18
13
15
13
19
25
19
11
19
16
15
16
20
11
23
16
12
17
24
15
11
14
15
12
18
18
21
16
23
14
20
15
22
18
22
9
22
10
18
11
16
16
23
22
21
21
17
17
23
31
19
20
11
20
19
19
20
16
19
13
19
16
11
17
18
22
18
11
22
14
19
17
15
15
21
22
17
19
16
16
19
17
22
13
19
10
20
16
13
26
16
15
15
13
16
15
16
19
15
13
9
18
14
19
17
15
14
18
12
18
7
19
19
24
8
15
15
9
11
13
12
11
14
18
9
14
14
20
11
14
20
13
6
14
13
16
17
19
10
9
13
14
13
15
10
16
14
13
16
17
13
15
14
17
18
12
11
12
15
20
16
12
14
8
7
15
16
12
13
17
13
7
12
12
21
13
12
13
8
12
11
7
14
9
11
12
6
16
13
10
11
7
7
10
11
11
14
6
15
15
8
10
10
13
22
9
13
13
11
8
7
11
12
9
9
8
12
16
7
9
17
9
9
14
9
8
15
16
16
20
19
15
19
24
19
14
13
8
23
23
25
10
21
24
26
23
27
19
21
33
19
26
34
39
27
42
35
50
45
37
44
35
42
40
36
54
48
49
43
40
49
41
46
45
39
42
41
36
39
35
39
29
34
43
35
40
36
32
35
22
39
35
36
18
24
20
29
15
30
20
23
13
23
18
18
16
22
13
16
20
17
11
10
14
8
8
10
12
8
14
11
5
7
9
5
11
11
13
8
6
9
12
9
9
4
9
7
13
11
5
7
11
14
6
5
11
5
6
4
6
6
12
13
5
12
16
6
5
8
7
11
7
5
5
7
13
9
8
7
7
12
11
7
12
11
8
11
7
7
6
7
7
7
9
8
9
11
11
13
10
6
10
7
8
10
6
7
9
5
6
6
5
12
15
9
10
10
7
11
12
13
7
12
5
11
10
9
$ROI:
43
143 193
144 194
424 531
429 529
440 544
440 545
440 549
443 544
443 553
490 516
604 1134
679 1395
690 1434
772 934
800 953
827 855
828 856
840 1946
849 1974
857 2002
872 900
880 1058
887 915
914 1083
1010 1038
1208 1258
1345 1375
1418 1448
2436 2526
3229 3279
3607 3645
6449 6521
6459 6531
6463 6535
6464 6536
6467 6539
6471 6543
6482 6526
6489 6513
6497 6521
12997 13047
12999 13049
13000 13050
