$SPEC_ID:
GAMWIN
$SPEC_REM:


$DETDESC:

$DATE_MEA:
10/22/2025 15:41:12
$MEAS_TIM:
55629.15 56674.57
$MCA_CAL:
3
1.32118272781372E+001 1.29107522964478E+000 0.00000000000000E+000
$DATA:
0 2047
0
0
0
0
0
0
0
0
0
0
0
0
0
0
0
0
0
0
0
0
0
0
0
0
0
0
0
0
0
0
0
0
0
0
0
2315
2388
2427
2500
2586
2784
2897
2957
3006
3037
3141
3351
3623
3954
4137
4606
4773
4819
4569
4296
4059
3659
3483
3265
3200
3166
3143
3065
2988
2729
2533
2426
2252
2121
2112
1889
1852
1874
1867
1885
1765
1791
1794
1733
1699
1710
1700
1758
1659
1731
1764
1691
1733
1828
1824
1782
1791
1828
1878
1706
1749
1635
1721
1708
1646
1641
1613
1673
1648
1549
1719
1694
1618
1553
1621
1567
1535
1573
1476
1493
1418
1508
1466
1449
1476
1374
1418
1396
1414
1408
1507
1442
1477
1495
1454
1488
1466
1437
1482
1398
1368
1418
1355
1328
1417
1408
1344
1360
1426
1417
1383
1439
1495
1423
1412
1441
1438
1402
1373
1372
1436
1386
1432
1591
1713
1740
1964
2124
2387
2472
2620
2837
2931
2943
2814
2796
2651
2421
2262
2053
1804
1666
1463
1313
1278
1167
1054
1050
1043
989
970
1052
1004
1030
1027
1079
1083
1075
1059
1071
1016
1042
1036
1030
1114
1024
1054
1026
1103
1067
1025
1148
1170
1192
1182
1149
1148
1124
1019
983
984
1011
885
838
837
802
766
721
724
769
768
740
721
737
787
760
839
821
901
899
924
969
972
997
1013
1118
1037
1174
1070
1150
1072
1181
1155
1140
1095
1094
1100
1037
1009
909
916
866
797
778
670
672
639
571
536
511
543
490
526
526
461
483
493
481
489
499
432
475
475
444
456
489
476
510
465
455
436
494
504
467
460
477
487
462
495
450
481
443
438
462
413
437
451
421
417
444
396
430
398
440
431
404
420
404
424
407
443
434
419
426
432
403
386
405
434
476
438
428
434
453
433
432
452
430
431
400
428
365
420
364
402
382
384
379
320
384
380
354
386
412
370
379
396
368
389
421
479
445
421
424
460
461
490
482
521
510
524
475
514
488
434
467
464
440
408
396
389
377
352
364
365
311
305
353
355
302
340
279
317
330
304
318
310
337
342
318
332
342
310
347
345
342
372
392
385
398
390
396
458
492
487
521
550
549
576
573
622
622
639
591
592
624
617
629
600
599
579
615
546
574
560
593
580
568
552
565
543
579
529
561
541
521
484
491
464
454
422
409
369
359
358
334
344
333
289
287
285
270
273
263
248
243
250
265
302
280
267
259
254
281
280
265
260
253
286
230
245
260
245
255
231
267
263
265
255
240
273
266
279
257
238
240
258
243
222
253
266
272
249
243
228
263
247
258
279
271
247
277
277
278
267
255
305
270
269
310
268
274
298
267
287
307
293
320
313
302
331
289
274
301
294
274
291
269
258
279
275
282
270
282
267
255
264
241
274
262
262
259
250
253
274
275
269
309
279
267
263
255
295
250
285
298
265
309
276
244
310
256
264
269
302
267
276
265
251
248
252
230
239
272
266
249
241
225
234
225
218
198
231
217
230
230
256
248
278
218
258
228
267
229
237
241
239
243
235
242
246
257
254
279
266
263
256
247
265
299
278
252
268
250
283
290
261
277
296
318
295
275
306
292
282
307
260
284
268
259
288
265
253
275
264
280
276
286
292
275
308
310
313
344
326
328
345
351
350
389
347
368
406
353
362
350
355
371
358
319
335
311
315
310
296
305
301
282
260
294
279
225
267
243
272
262
254
272
281
302
305
260
302
310
303
322
315
316
315
334
342
326
330
323
341
327
302
333
337
334
307
315
295
294
292
304
285
253
268
238
281
246
270
225
213
228
199
200
223
223
230
231
196
189
190
223
216
202
223
208
182
185
209
216
191
184
205
205
203
220
195
242
208
213
211
173
208
232
200
225
232
233
207
201
214
216
189
192
199
222
209
185
227
217
218
216
193
219
225
219
227
220
230
191
218
207
220
247
220
227
211
247
241
225
223
221
227
242
243
233
243
212
262
227
244
239
238
227
276
249
236
283
276
287
262
247
252
267
265
240
267
251
291
241
227
269
251
225
291
240
223
214
258
252
241
243
269
223
225
234
235
230
242
224
254
259
231
199
253
236
244
260
230
246
239
248
234
240
227
232
241
256
262
218
213
236
213
239
226
236
271
247
236
266
239
234
242
243
243
274
272
258
236
245
227
265
253
256
240
232
248
227
222
259
224
261
230
238
241
239
209
236
216
209
213
205
186
212
179
167
179
201
199
195
187
178
154
135
172
150
130
138
152
122
143
133
154
130
134
130
135
124
126
111
142
114
110
104
113
117
100
110
103
114
109
105
116
105
98
80
94
86
99
89
84
92
95
92
88
93
103
81
99
89
92
89
86
103
77
90
79
68
72
69
73
78
63
85
90
78
76
75
78
65
80
93
93
86
85
82
81
84
95
91
83
90
85
70
89
107
84
62
93
95
84
109
77
91
89
105
97
95
99
94
94
111
104
121
103
93
86
104
105
114
112
126
129
131
159
155
155
141
172
183
191
215
219
245
265
303
334
330
376
385
425
409
515
526
563
603
668
711
810
835
835
964
989
1044
1027
1079
1142
1136
1155
1150
1255
1293
1289
1203
1239
1199
1215
1210
1154
1124
1115
959
947
864
932
791
724
743
599
550
530
465
481
389
353
312
317
270
224
217
208
160
149
155
114
93
112
108
83
87
76
64
70
66
62
56
54
74
47
53
52
47
36
52
51
62
50
47
49
39
41
33
49
50
33
31
42
32
28
22
39
20
40
35
26
44
37
37
29
36
37
40
42
34
47
36
40
39
47
41
54
53
45
45
41
44
37
34
42
48
36
49
42
50
32
45
44
42
37
38
51
42
36
43
34
35
38
56
45
35
40
48
38
30
47
23
37
30
30
39
32
35
32
32
31
30
28
33
35
25
27
28
26
25
19
28
27
29
25
24
25
32
21
25
23
23
27
30
19
27
18
15
17
29
23
24
26
25
16
25
24
30
20
21
28
20
16
25
20
28
24
21
29
24
28
17
25
28
31
28
28
33
27
29
36
33
28
26
28
29
43
30
36
39
40
34
26
36
38
27
57
35
36
31
31
36
42
40
40
41
33
53
35
46
40
50
42
32
44
36
46
40
42
41
35
37
42
34
32
36
31
27
29
22
29
33
21
27
23
36
27
24
17
26
21
25
23
19
24
19
21
17
29
18
18
32
22
29
23
18
21
24
20
20
24
25
16
16
18
23
19
21
26
26
28
23
20
26
19
23
20
20
27
15
25
21
15
21
26
17
21
9
17
17
22
13
13
18
21
21
16
21
12
14
19
13
20
22
18
20
19
19
17
14
16
26
9
13
15
12
13
17
12
16
19
19
16
18
19
11
14
19
15
19
12
14
18
22
17
19
26
12
15
18
18
19
18
12
12
16
12
19
24
11
20
24
12
16
13
22
16
18
20
17
17
11
18
15
14
12
10
14
13
19
14
15
21
26
17
22
16
15
10
20
18
12
29
12
25
22
15
16
13
21
18
17
9
22
22
14
17
19
14
15
10
10
20
16
15
19
22
15
19
20
14
16
15
13
19
9
17
14
14
16
18
17
16
15
18
16
22
12
28
18
17
17
12
15
18
16
19
21
21
17
22
22
17
18
14
13
20
22
21
27
26
19
31
27
21
28
35
20
34
23
24
23
24
35
25
33
31
34
26
25
26
23
21
25
22
31
24
23
23
25
29
30
20
23
17
27
22
31
28
28
23
18
22
20
28
26
24
17
21
17
11
33
22
17
18
21
20
20
24
23
22
20
12
27
32
27
30
24
29
26
30
24
20
28
22
23
27
28
23
23
19
16
25
19
19
29
20
17
21
32
19
30
22
22
17
28
22
20
21
29
22
21
15
26
18
19
14
17
12
20
29
14
27
19
18
19
20
26
23
27
23
19
17
16
13
16
23
27
20
15
23
19
16
20
14
19
20
15
18
24
18
20
31
24
23
18
16
21
12
18
24
28
19
27
24
22
21
15
31
25
22
25
29
22
18
25
24
18
26
22
23
21
11
14
22
21
13
21
17
15
23
14
17
28
19
29
19
20
27
19
18
19
32
24
19
17
19
18
26
21
17
15
15
31
24
19
10
19
16
18
17
13
15
16
14
19
16
22
20
16
10
17
23
17
18
21
23
17
16
14
13
15
13
15
16
29
17
20
9
28
12
23
11
11
19
16
14
14
20
11
10
14
12
11
15
17
15
8
17
14
15
11
15
8
15
11
20
18
12
14
9
13
12
10
16
18
21
18
9
17
13
13
12
11
9
14
15
13
11
13
14
10
12
12
9
11
10
7
12
12
8
11
13
12
10
6
7
13
13
14
12
11
9
11
12
10
12
16
10
7
10
10
9
11
17
11
8
11
9
10
10
14
9
20
19
12
10
18
11
23
14
22
19
17
20
11
30
24
20
22
23
31
17
19
46
26
26
35
35
40
27
32
30
33
43
34
36
46
32
47
42
48
55
52
50
42
44
52
52
50
61
65
55
54
58
66
51
69
55
56
44
48
40
42
45
40
41
42
34
36
36
31
25
28
26
31
25
20
25
6
21
18
19
13
17
12
9
19
14
10
19
18
13
14
11
11
11
13
8
13
10
10
8
8
9
12
6
14
6
13
5
11
7
6
15
13
8
12
18
9
10
15
8
15
11
10
8
11
8
15
3
9
15
13
8
6
12
14
13
4
9
14
15
7
4
8
9
6
4
6
9
6
8
11
7
7
11
5
15
17
4
9
10
9
10
6
7
9
6
10
6
11
8
9
9
8
10
8
10
14
8
16
6
9
11
9
6
7
9
8
5
11
11
9
14
$ROI:
43
143 193
144 194
424 531
429 529
440 544
440 545
440 549
443 544
443 553
490 516
604 1134
679 1395
690 1434
772 934
800 953
827 855
828 856
840 1946
849 1974
857 2002
872 900
880 1058
887 915
914 1083
1010 1038
1208 1258
1345 1375
1418 1448
2436 2526
3229 3279
3607 3645
6449 6521
6459 6531
6463 6535
6464 6536
6467 6539
6471 6543
6482 6526
6489 6513
6497 6521
12997 13047
12999 13049
13000 13050
