$SPEC_ID:
GAMWIN
$SPEC_REM:


$DETDESC:

$DATE_MEA:
10/01/2025 08:02:42
$MEAS_TIM:
27714.84 28619.81
$MCA_CAL:
3
1.32118272781372E+001 1.29107522964478E+000 0.00000000000000E+000
$DATA:
0 2047
0
0
0
0
0
0
0
0
0
0
0
0
0
0
0
0
0
0
0
0
0
0
0
0
0
0
0
0
0
0
0
0
0
0
0
2684
2710
2891
3136
3340
3580
3723
3826
4095
4074
4334
4501
4906
5603
6035
6632
7023
7151
6522
6054
5553
5011
4835
4609
4484
4388
4444
4254
4136
3738
3397
3177
2845
2713
2514
2470
2437
2275
2288
2308
2215
2172
2181
2113
2168
2173
2203
2145
2149
2146
2303
2174
2316
2234
2298
2316
2352
2320
2308
2264
2226
2186
2234
2171
2191
2273
2263
2191
2212
2154
2154
2029
2115
2040
2041
2034
2087
2032
1925
1985
1936
1806
1914
1846
1897
1871
1776
1852
1877
1977
1943
2143
2089
2049
2123
2140
2101
2074
2033
1887
1913
1870
1788
1818
1752
1783
1836
1848
1885
1797
1763
1820
1895
1755
1800
1741
1671
1719
1670
1677
1721
1739
1875
2037
2057
2407
2498
2884
3167
3284
3651
3906
3922
3934
3898
3749
3455
3166
2872
2554
2208
1978
1745
1644
1472
1311
1266
1269
1215
1255
1232
1187
1243
1258
1356
1261
1216
1318
1304
1281
1294
1285
1265
1244
1310
1342
1363
1440
1552
1605
1586
1666
1692
1684
1759
1711
1686
1440
1439
1419
1262
1138
1140
1084
998
943
928
839
849
893
859
820
872
889
919
1006
1054
1060
1084
1231
1213
1227
1275
1413
1440
1492
1486
1675
1685
1827
1829
1937
1911
2000
1980
1834
1745
1658
1563
1452
1363
1183
1089
940
884
841
735
702
617
549
557
564
546
499
506
558
547
528
511
475
483
538
522
456
558
558
529
556
512
551
529
512
563
546
570
537
507
486
537
534
481
512
505
463
436
452
401
436
408
450
431
391
406
425
404
445
460
423
409
408
408
407
395
418
421
430
445
421
438
465
442
465
453
461
523
463
463
498
480
458
402
460
397
422
416
373
382
375
408
373
420
393
381
385
405
406
414
406
407
427
430
390
470
487
464
494
511
506
544
528
500
501
498
493
458
462
456
377
416
390
387
387
383
393
360
351
329
299
325
335
363
304
324
286
353
320
311
334
358
298
375
370
332
361
362
366
391
420
432
471
488
533
526
552
607
675
745
671
762
793
761
780
839
784
865
799
797
838
847
800
861
858
830
932
879
889
914
924
940
930
967
932
915
897
837
798
823
773
689
665
594
554
547
490
401
380
361
335
344
326
285
277
275
257
261
203
271
242
273
265
254
247
247
277
256
259
254
252
271
263
281
249
264
261
239
276
271
254
275
251
273
239
273
235
261
236
240
228
267
250
237
270
215
256
264
236
248
274
276
255
252
318
251
256
260
276
277
284
274
280
297
316
293
320
302
271
290
292
299
329
299
274
267
275
312
274
294
277
260
256
273
248
257
236
251
259
264
269
304
303
276
291
284
289
314
301
288
310
297
323
279
310
299
328
282
299
271
281
272
276
280
296
249
264
258
268
264
243
266
260
250
255
260
241
247
225
200
240
230
228
219
185
218
228
201
211
226
216
205
221
215
218
219
219
214
217
268
213
231
202
219
254
252
220
226
204
242
228
239
237
243
248
266
283
232
215
255
231
242
242
252
245
248
242
238
222
230
225
209
249
260
222
216
251
263
277
291
300
302
317
347
375
333
329
405
358
360
418
401
408
410
396
417
411
413
366
419
372
368
344
360
340
338
317
302
288
291
274
295
243
245
252
247
278
262
237
240
272
268
286
283
296
255
290
327
307
306
299
328
330
352
342
322
356
315
325
323
346
317
298
288
303
259
248
241
238
208
206
195
213
202
220
200
169
179
163
171
196
173
188
179
143
195
164
152
151
146
150
173
178
182
165
152
161
161
176
152
165
170
160
177
157
160
165
160
136
152
157
180
140
199
151
176
174
143
169
167
168
159
170
182
175
161
169
192
156
155
187
159
166
180
167
163
188
178
199
175
183
175
184
180
167
204
207
209
193
250
209
203
190
219
264
208
227
222
234
274
243
251
250
245
277
294
272
269
273
248
249
290
245
248
254
239
214
233
240
231
192
201
208
180
178
217
190
171
186
188
151
180
182
188
209
207
204
182
188
200
185
159
179
170
160
165
152
163
186
163
169
178
153
173
199
180
147
178
171
167
162
165
174
171
198
160
170
168
180
175
167
180
154
151
170
189
198
178
216
208
175
160
192
171
160
194
171
180
197
188
185
179
193
171
152
175
176
187
170
177
178
158
166
153
145
153
137
130
123
131
131
138
135
127
136
130
120
126
102
107
101
112
113
88
99
103
112
101
101
97
102
91
91
88
73
99
76
83
101
90
82
98
97
88
78
86
84
89
73
74
80
73
98
88
72
96
73
73
84
86
72
68
58
74
79
77
83
74
70
57
85
67
100
88
69
77
85
85
91
85
100
79
76
89
93
87
97
97
82
96
93
75
81
101
103
97
95
95
114
106
99
110
92
100
115
109
107
119
100
117
120
98
139
120
108
131
134
109
124
137
120
140
122
145
142
165
150
171
188
174
237
239
268
250
301
302
357
359
326
396
391
423
472
535
540
607
646
641
712
702
731
787
763
759
780
824
769
778
843
752
795
751
719
659
682
585
600
564
592
524
488
420
403
373
346
303
295
283
249
235
217
198
181
172
132
133
126
118
119
101
78
82
88
91
60
66
70
73
59
72
76
49
70
53
52
55
60
50
43
49
56
53
52
48
46
47
29
35
53
51
40
49
41
34
42
45
40
52
43
44
44
42
53
45
37
41
41
53
51
68
42
37
47
53
45
63
55
48
62
52
58
61
48
68
65
67
54
62
55
59
48
57
72
49
55
55
57
56
46
48
55
54
45
57
49
55
44
50
35
49
43
46
51
37
54
37
40
26
53
35
44
46
42
35
31
30
26
40
47
36
29
38
29
39
39
31
29
24
29
26
35
19
33
29
32
32
24
34
24
35
33
32
35
34
21
34
31
29
33
33
28
37
40
22
27
33
35
23
31
34
35
46
36
49
32
49
45
31
44
35
44
50
49
45
59
50
43
38
61
63
67
60
54
62
77
48
77
68
60
73
92
71
68
76
85
63
79
64
84
75
78
83
80
72
81
78
75
65
70
69
48
55
58
61
50
52
57
34
48
53
50
47
40
43
30
36
28
38
22
30
36
32
28
28
23
27
29
35
26
22
32
30
28
40
18
21
26
38
23
26
29
25
25
31
25
44
21
28
31
31
32
32
25
23
30
24
30
25
23
26
23
35
28
29
26
25
32
22
25
25
19
33
25
21
18
19
19
20
18
22
28
22
21
22
19
20
19
22
11
19
19
16
21
20
20
18
23
22
17
13
25
15
22
26
20
25
15
21
20
19
19
18
16
21
21
17
21
23
30
12
20
16
16
20
20
13
9
31
23
9
19
18
21
21
9
16
22
14
28
13
23
19
14
19
16
18
17
22
16
23
18
21
22
21
14
18
13
25
18
11
12
26
25
9
18
23
19
24
21
23
21
19
15
20
18
13
19
13
12
10
17
19
20
27
9
14
15
28
12
21
20
23
29
11
14
15
13
17
17
12
11
20
12
20
14
20
14
27
24
18
15
17
23
17
17
17
18
24
26
30
30
34
29
33
22
27
23
25
33
23
32
25
43
30
38
28
25
36
23
39
21
31
32
35
37
33
29
37
36
31
39
37
39
35
28
37
35
28
27
22
27
35
22
21
21
25
31
26
22
16
23
31
20
23
24
19
30
23
19
20
28
16
20
22
21
29
23
23
18
25
24
29
26
26
25
24
19
35
24
33
25
36
28
31
32
31
35
25
37
43
39
43
32
34
30
34
34
32
32
30
27
26
19
22
32
26
21
29
22
37
24
30
27
27
18
20
26
26
29
20
24
23
16
18
17
22
15
21
36
20
34
24
22
11
26
21
22
18
13
23
28
14
17
23
17
27
26
26
28
28
18
22
21
32
11
22
26
17
12
15
13
30
34
24
20
18
18
19
24
23
15
22
13
20
14
28
22
17
23
21
26
25
22
24
20
18
15
19
23
18
17
13
17
18
19
19
20
18
18
16
11
21
17
28
25
21
21
13
22
17
23
17
32
23
18
12
14
20
20
25
18
17
17
24
16
15
12
9
18
16
22
15
14
25
10
14
16
17
16
11
14
18
18
9
14
15
15
17
13
11
14
13
12
26
14
12
21
20
16
10
13
15
8
13
22
13
21
16
14
14
16
16
13
13
21
14
21
14
9
10
13
13
7
9
20
7
10
10
10
10
11
12
16
9
8
10
14
8
12
11
18
8
10
6
6
7
8
9
6
11
10
11
7
10
8
9
6
11
14
7
8
7
8
9
17
2
8
4
10
10
12
14
17
15
11
10
5
14
14
12
9
12
18
17
20
14
19
11
15
19
23
19
19
29
14
15
24
24
33
26
45
32
43
40
38
38
37
44
42
54
38
50
49
52
52
62
58
51
54
66
65
68
60
78
66
78
68
80
65
56
53
65
72
64
65
70
65
51
46
42
52
62
46
41
48
46
43
34
33
32
27
29
21
30
19
19
17
19
19
15
20
11
19
9
21
15
15
14
17
12
10
11
7
15
6
14
8
8
12
4
6
4
9
7
7
10
8
12
13
9
7
5
6
5
7
7
7
7
6
7
11
7
10
9
3
9
8
7
13
4
5
4
8
8
1
8
11
7
8
5
4
10
10
4
9
3
4
5
10
3
3
6
9
5
5
5
11
4
7
4
7
5
4
4
6
6
6
6
6
5
13
11
5
10
6
3
1
6
3
5
11
5
5
3
8
5
8
6
8
5
6
14
5
3
11
10
$ROI:
43
143 193
144 194
424 531
429 529
440 544
440 545
440 549
443 544
443 553
490 516
604 1134
679 1395
690 1434
772 934
800 953
827 855
828 856
840 1946
849 1974
857 2002
872 900
880 1058
887 915
914 1083
1010 1038
1208 1258
1345 1375
1418 1448
2436 2526
3229 3279
3607 3645
6449 6521
6459 6531
6463 6535
6464 6536
6467 6539
6471 6543
6482 6526
6489 6513
6497 6521
12997 13047
12999 13049
13000 13050
