$SPEC_ID:
GAMWIN
$SPEC_REM:


$DETDESC:

$DATE_MEA:
10/02/2025 15:31:40
$MEAS_TIM:
57244.78 57860.80
$MCA_CAL:
3
1.32118272781372E+001 1.29107522964478E+000 0.00000000000000E+000
$DATA:
0 2047
0
0
0
0
0
0
0
0
0
0
0
0
0
0
0
0
0
0
0
0
0
0
0
0
0
0
0
0
0
0
0
0
0
0
0
1479
1568
1601
1645
1843
1799
1917
2001
2021
2117
2163
2228
2379
2664
2961
3058
3275
3272
3075
2858
2671
2600
2270
2328
2189
2212
2134
1987
1968
1877
1711
1676
1381
1392
1349
1216
1208
1162
1230
1167
1152
1200
1148
1177
1125
1073
1154
1100
1055
1098
1151
1181
1165
1138
1159
1184
1239
1168
1221
1212
1190
1156
1099
1157
1140
1126
1141
1072
1153
1104
1124
1074
1094
1063
1081
1094
1014
1089
1014
1028
1095
1000
1029
1026
998
1017
967
957
1056
1047
1018
1000
1006
1051
1050
1079
1106
1045
1061
990
1046
949
948
898
964
940
885
885
977
980
1016
963
936
943
958
940
899
924
926
950
918
933
914
951
1107
1170
1232
1381
1430
1622
1701
1790
1799
1893
1904
1829
1820
1639
1452
1314
1181
1103
1003
916
855
741
776
704
711
727
669
679
674
674
758
636
696
691
762
708
708
693
675
693
708
718
738
741
754
770
746
827
825
823
883
828
806
784
809
705
703
683
603
602
585
548
543
488
481
516
497
517
479
511
533
561
526
591
598
595
611
648
689
686
713
749
744
740
744
801
832
772
788
888
877
875
814
749
707
654
618
609
520
537
471
465
437
416
376
367
402
355
321
299
395
348
327
320
319
301
288
299
314
313
347
305
289
318
329
294
353
308
348
339
280
321
317
277
317
290
281
274
306
286
266
261
262
286
271
286
262
276
270
275
274
264
266
261
256
308
254
240
296
254
258
261
260
268
260
320
284
288
290
291
242
261
300
272
259
261
284
253
252
258
251
265
249
262
227
264
204
249
250
262
258
246
230
257
262
298
273
274
319
291
326
337
347
343
328
323
328
305
307
359
316
305
305
291
263
274
269
239
252
253
218
206
198
201
222
212
202
179
220
207
228
212
201
189
193
209
200
195
229
208
223
221
249
225
245
273
253
261
287
286
312
311
326
355
394
387
357
407
456
414
397
399
417
401
410
392
403
409
391
387
416
412
384
395
411
461
432
385
396
400
397
408
384
362
345
342
294
296
265
262
255
235
213
185
209
224
171
154
154
170
149
183
159
179
167
155
147
173
185
158
188
188
172
170
182
163
164
186
167
160
165
177
151
161
157
149
163
159
160
170
122
178
169
164
153
151
143
149
143
154
169
161
144
169
166
158
176
176
143
181
162
173
163
191
201
158
163
174
182
182
202
171
184
173
177
183
186
193
177
175
188
155
168
174
176
161
167
159
170
167
157
178
164
174
158
145
170
156
172
157
170
172
147
201
171
173
196
200
156
166
170
171
196
166
176
157
193
168
169
158
163
164
150
167
159
184
140
154
110
135
166
161
153
155
144
147
135
141
151
136
132
144
133
164
143
135
131
127
136
161
133
150
151
160
138
124
154
155
148
168
153
171
151
150
163
175
185
150
179
161
166
188
205
170
183
199
196
175
213
205
178
183
170
161
174
175
177
167
181
170
179
170
176
178
202
202
184
190
157
205
196
213
204
212
207
201
240
220
225
233
227
213
203
213
225
211
208
191
223
152
183
170
165
169
185
160
163
152
157
161
169
175
157
155
165
172
170
146
179
182
165
183
178
188
160
184
195
213
213
194
158
179
207
167
196
175
164
171
166
166
153
151
152
121
142
134
122
145
143
134
136
121
142
128
120
122
120
115
109
142
116
122
122
119
111
117
99
119
112
103
104
126
106
127
127
90
100
115
103
118
104
105
119
104
99
125
130
107
109
109
109
107
108
126
127
118
114
118
127
130
115
138
124
132
140
125
112
108
122
115
115
110
108
141
122
119
120
121
150
135
100
114
130
127
143
128
133
136
127
164
130
135
119
128
145
135
130
157
161
148
169
159
141
143
154
137
142
142
147
138
129
147
137
141
161
140
135
126
122
118
128
144
129
117
139
135
138
103
133
139
142
130
124
92
115
112
119
117
115
119
120
107
138
126
110
102
110
139
122
112
126
103
116
120
132
122
121
133
126
125
126
150
138
137
143
122
116
122
139
130
121
130
132
104
132
121
100
138
128
112
131
131
101
120
121
105
125
127
124
122
127
117
113
98
103
98
124
101
92
96
104
106
88
88
103
87
98
81
74
83
80
88
81
66
92
80
81
71
70
87
85
58
82
64
68
81
61
74
57
82
77
62
67
66
66
51
48
55
58
63
73
70
51
60
51
72
63
72
61
68
56
60
60
59
53
47
57
55
46
48
56
67
47
63
60
52
61
51
52
51
58
41
54
51
64
54
67
51
60
67
60
62
72
50
59
60
58
69
53
62
73
53
61
71
59
61
68
74
76
58
77
68
72
64
71
58
70
74
75
76
68
81
70
65
78
75
73
80
105
90
129
110
117
110
131
126
128
144
172
177
185
169
243
272
257
272
307
308
333
399
397
393
445
444
446
548
515
489
533
564
526
526
581
556
569
588
517
512
505
490
498
480
434
393
408
387
337
332
270
271
282
217
221
207
154
171
153
133
136
119
132
87
91
77
66
70
74
59
46
64
44
59
53
42
62
47
49
39
44
32
31
30
51
48
33
43
48
34
32
28
31
29
28
22
40
33
26
35
31
40
28
42
35
36
23
29
33
31
25
22
18
27
34
32
29
44
17
23
34
39
38
42
26
20
31
31
29
30
28
38
22
30
23
30
26
33
25
27
35
32
27
33
29
19
37
20
26
27
23
26
35
30
32
35
37
39
34
31
40
31
24
29
29
26
21
28
25
31
25
16
25
29
27
31
18
15
20
17
22
25
20
12
25
27
19
26
14
15
25
17
17
22
26
31
22
20
23
12
26
17
14
16
12
16
27
28
21
21
25
15
16
25
22
21
23
18
13
28
33
22
22
26
23
29
26
22
34
22
34
34
33
24
20
30
36
32
32
24
32
22
26
39
28
37
38
48
34
39
28
44
35
31
42
32
51
32
39
44
28
42
27
39
39
33
38
35
34
44
32
43
24
30
29
18
28
21
21
22
18
20
24
26
19
18
19
17
12
17
27
15
19
10
17
21
17
13
20
20
21
17
29
13
17
24
21
26
10
20
19
20
24
18
18
15
16
23
14
19
16
22
15
16
17
20
18
13
12
13
19
16
15
16
16
14
20
14
15
12
20
14
8
15
11
10
19
17
13
16
16
18
16
18
18
13
17
15
12
16
9
13
13
10
13
16
6
12
19
14
11
12
5
18
17
14
11
16
10
13
21
12
15
13
18
6
7
9
11
14
12
12
13
15
11
15
10
8
4
19
18
10
11
14
14
21
9
9
15
15
19
15
14
13
17
13
13
22
17
12
16
20
12
15
10
22
12
10
15
15
12
10
8
16
16
21
11
8
12
15
14
13
12
15
14
15
7
15
12
7
10
14
12
13
23
17
13
11
13
16
12
11
10
11
12
12
10
11
9
20
19
9
15
11
17
9
12
17
8
11
15
16
10
19
12
9
16
15
12
12
18
16
12
12
12
20
14
11
21
11
14
15
26
18
14
12
22
22
16
18
19
25
21
21
23
17
21
29
20
14
24
22
19
14
19
21
30
27
15
23
20
16
18
19
20
21
20
15
20
20
13
16
16
13
18
14
11
20
10
12
18
10
7
12
13
21
20
12
21
18
16
20
17
18
14
20
32
18
12
27
20
22
19
15
18
17
17
15
22
18
23
14
26
23
11
19
21
18
20
11
15
17
17
25
20
16
18
14
20
21
16
12
17
16
18
17
12
20
16
19
16
19
14
17
18
20
16
16
23
12
24
11
18
18
9
17
18
18
13
20
15
19
15
28
15
10
17
11
7
21
13
10
12
14
18
18
12
15
18
19
10
25
19
18
13
15
9
20
15
15
19
15
16
14
15
12
12
14
11
16
17
15
9
24
13
9
19
7
16
20
17
14
10
11
9
14
14
18
8
14
21
14
12
15
14
12
14
15
14
16
26
18
11
15
14
13
10
12
16
9
8
7
15
17
15
9
6
9
8
9
14
15
19
12
15
10
8
11
16
15
13
11
14
14
12
11
11
14
13
9
9
12
10
7
9
12
16
14
9
9
10
18
14
18
17
13
11
10
15
15
18
6
7
13
12
11
14
8
8
11
6
12
8
10
10
13
9
7
10
10
10
13
8
11
7
13
10
12
11
9
12
10
9
12
6
15
10
8
13
9
8
7
15
8
9
7
6
13
14
12
12
5
13
21
9
18
11
4
6
10
8
19
15
12
8
14
7
9
10
14
9
10
12
13
16
12
16
6
12
15
14
4
16
9
15
18
12
18
13
28
16
25
17
24
28
20
26
30
25
19
35
23
25
22
41
30
31
31
37
33
31
29
38
42
37
38
41
36
39
43
36
30
34
43
26
32
33
38
35
23
37
21
31
28
26
29
15
23
22
29
16
17
22
15
11
11
13
15
14
15
20
9
13
11
8
12
9
14
11
14
12
9
8
13
10
5
16
10
9
16
7
9
4
13
10
5
4
14
7
7
13
11
12
12
7
5
8
7
8
6
3
6
11
7
8
13
9
15
15
8
9
8
7
9
1
3
10
8
11
6
6
9
10
7
7
10
9
8
12
5
4
14
7
6
9
7
13
8
6
8
7
9
7
8
12
7
12
11
12
13
8
11
15
7
6
9
8
9
8
7
9
14
6
11
8
11
14
6
12
5
12
$ROI:
43
143 193
144 194
424 531
429 529
440 544
440 545
440 549
443 544
443 553
490 516
604 1134
679 1395
690 1434
772 934
800 953
827 855
828 856
840 1946
849 1974
857 2002
872 900
880 1058
887 915
914 1083
1010 1038
1208 1258
1345 1375
1418 1448
2436 2526
3229 3279
3607 3645
6449 6521
6459 6531
6463 6535
6464 6536
6467 6539
6471 6543
6482 6526
6489 6513
6497 6521
12997 13047
12999 13049
13000 13050
