$SPEC_ID:
GAMWIN
$SPEC_REM:


$DETDESC:

$DATE_MEA:
10/09/2025 07:07:15
$MEAS_TIM:
26783.39 27898.87
$MCA_CAL:
3
1.32118272781372E+001 1.29107522964478E+000 0.00000000000000E+000
$DATA:
0 2047
0
0
0
0
0
0
0
0
0
0
0
0
0
0
0
0
0
0
0
0
0
0
0
0
0
0
0
0
0
0
0
0
0
0
0
3395
3402
3607
3726
4091
4372
4599
4814
4946
5225
5398
5628
6219
6870
7459
8087
8664
8621
8301
7534
6786
6240
5860
5635
5426
5453
5372
5297
5085
4576
4230
3963
3704
3335
3121
2998
2944
2940
2802
2765
2794
2754
2710
2749
2625
2663
2723
2698
2666
2730
2722
2868
2871
2807
2884
2789
2833
2817
2879
2738
2786
2678
2819
2855
2706
2708
2738
2783
2708
2693
2729
2714
2656
2601
2685
2546
2531
2460
2495
2434
2357
2353
2391
2258
2356
2381
2317
2355
2385
2474
2479
2508
2583
2651
2617
2622
2655
2640
2571
2574
2386
2192
2331
2275
2151
2218
2165
2171
2194
2311
2228
2242
2275
2195
2174
2120
2148
2077
2104
2143
2095
2239
2319
2497
2524
2917
3256
3533
3940
4119
4543
4769
4892
4997
4767
4549
4349
3912
3554
3138
2775
2444
2125
1961
1805
1671
1587
1495
1555
1565
1571
1520
1536
1475
1639
1577
1572
1551
1562
1526
1498
1573
1588
1636
1616
1664
1670
1910
1924
2010
2032
2061
2128
2175
2167
2058
1972
1868
1860
1651
1537
1423
1371
1197
1186
1092
1064
1006
1108
1136
1114
1097
1071
1212
1193
1203
1279
1307
1380
1450
1507
1546
1596
1777
1824
1896
1988
2082
2176
2232
2346
2344
2377
2377
2357
2274
2129
2015
1893
1774
1636
1464
1244
1163
1020
975
847
831
755
718
710
687
650
598
655
631
656
702
620
635
636
639
634
610
607
586
629
654
624
606
682
614
630
662
662
614
649
629
632
651
627
533
572
558
574
556
553
553
508
564
504
500
568
486
543
521
496
576
531
486
540
525
534
512
554
537
563
510
566
560
585
591
552
586
564
592
584
535
517
533
541
497
484
500
531
495
543
513
431
478
461
445
437
453
498
451
511
518
513
494
529
576
527
590
595
553
561
630
646
656
584
592
594
601
538
535
542
521
526
488
450
444
438
452
400
428
414
407
358
378
357
388
415
370
389
392
423
424
412
457
402
448
447
458
522
429
502
498
572
592
628
637
671
692
764
866
892
890
885
899
975
1025
984
1016
983
996
1016
1020
1000
1054
1016
1101
1101
1101
1119
1140
1105
1134
1223
1211
1192
1120
1074
1069
1045
1033
967
902
882
759
694
635
597
552
462
455
480
387
367
383
339
342
327
328
332
322
309
316
332
282
312
308
307
322
357
306
321
334
290
327
310
328
313
306
322
319
307
326
309
320
308
298
305
292
319
290
280
316
302
281
288
278
306
282
302
301
306
283
300
300
338
322
339
350
336
371
318
343
366
371
367
338
389
370
383
359
391
352
371
356
351
354
333
366
366
371
332
318
308
317
296
333
328
274
327
329
317
323
348
318
340
334
347
378
327
339
320
383
366
382
370
361
392
370
345
375
344
341
374
337
329
336
350
325
335
322
319
319
287
271
285
311
319
291
323
307
266
300
257
296
270
254
299
233
268
284
265
278
261
261
243
283
255
258
261
283
245
283
275
277
287
305
261
290
271
276
285
299
279
310
271
272
300
287
310
270
288
283
289
312
289
280
289
326
303
282
292
305
289
299
301
296
300
304
371
338
331
364
360
383
392
374
437
433
481
470
461
471
479
462
516
477
493
502
503
454
413
430
454
403
372
376
368
416
362
330
322
339
293
333
296
333
314
317
307
329
299
353
356
355
363
406
347
345
387
387
398
384
395
449
400
419
429
412
376
399
402
393
393
339
348
326
311
311
291
300
299
240
269
276
257
224
241
242
233
239
221
216
218
204
221
218
188
224
189
202
189
206
208
190
204
206
203
224
196
190
180
192
196
176
219
175
195
198
177
220
207
194
199
191
191
210
194
186
217
189
193
198
189
201
225
194
234
214
199
205
194
208
212
227
203
212
230
246
210
218
204
233
230
185
209
212
244
227
224
259
256
235
280
260
304
279
290
301
310
284
297
320
336
325
318
294
307
331
345
311
329
269
315
311
264
294
314
293
281
287
254
239
279
290
237
267
231
251
255
238
222
221
243
225
237
226
212
221
200
218
231
213
218
204
225
223
220
229
192
209
209
235
217
204
199
223
223
224
190
242
205
187
227
194
191
223
176
231
236
218
239
241
211
206
221
202
209
219
221
213
208
215
204
220
274
247
244
228
211
246
231
244
234
253
230
180
243
228
206
207
196
184
186
192
192
177
177
166
179
155
184
145
154
157
137
147
120
150
130
122
143
145
138
129
137
135
120
136
117
131
114
117
113
118
87
112
109
109
88
115
120
90
114
102
88
87
93
111
92
116
82
111
94
93
92
98
88
80
96
94
81
93
83
86
75
83
91
90
95
97
117
108
90
87
96
101
89
79
107
90
74
106
95
123
110
127
111
108
105
131
126
111
138
107
125
104
132
111
121
130
111
103
109
131
128
138
139
132
131
147
129
125
134
114
132
110
141
149
129
138
164
162
164
154
183
197
204
203
228
218
231
251
338
326
352
346
397
409
461
490
536
578
617
623
666
741
698
747
836
860
904
920
915
1007
969
957
1011
946
925
976
922
921
848
825
870
760
698
723
717
605
636
529
523
503
477
368
339
331
323
283
264
221
224
172
167
155
138
135
135
96
124
129
100
91
84
103
68
70
82
69
75
72
76
65
72
68
76
79
68
63
58
53
48
45
46
56
65
61
51
46
56
51
52
50
62
51
57
53
49
56
53
45
49
44
53
52
57
60
63
60
73
62
64
59
66
65
81
57
55
71
58
64
59
64
65
78
71
59
74
66
68
71
67
84
56
73
70
61
59
69
60
55
54
46
65
49
61
60
48
52
58
57
51
47
54
60
45
62
58
34
38
41
52
48
35
48
43
45
50
48
38
36
49
40
42
47
36
51
31
44
42
49
40
38
34
36
34
22
35
39
31
37
34
32
37
50
41
40
43
32
35
33
50
35
25
36
57
41
49
33
54
53
51
53
51
52
57
58
55
53
53
54
45
50
64
50
71
58
49
76
84
68
71
88
67
80
95
93
88
90
101
108
78
100
93
92
91
109
112
113
92
99
97
89
104
78
90
82
76
61
67
73
67
63
65
60
59
59
51
40
45
46
37
54
47
39
37
32
45
43
29
36
30
25
31
38
25
24
32
35
27
34
24
37
29
35
26
34
31
24
37
37
24
38
38
39
31
27
46
35
32
41
39
36
34
38
32
30
33
40
40
43
25
26
31
38
30
27
35
26
37
39
33
27
37
30
22
24
21
23
27
21
27
26
29
25
17
27
27
35
31
31
23
23
28
24
20
23
20
29
25
30
22
19
21
19
16
16
25
23
16
23
30
21
28
21
31
27
21
28
17
15
21
25
17
21
27
23
35
14
24
29
13
21
26
19
21
26
21
27
22
29
19
17
23
27
23
23
15
24
21
26
26
16
21
13
24
22
19
21
19
22
23
29
22
15
22
22
20
22
19
27
17
20
23
18
25
19
26
18
13
13
20
16
14
28
21
29
19
24
26
20
22
22
20
18
26
27
17
19
17
32
25
20
14
17
26
15
35
25
24
22
20
28
24
19
31
37
33
26
31
20
28
27
31
39
28
41
52
37
28
36
53
44
30
55
35
60
48
38
31
47
37
45
46
41
39
32
40
21
40
26
47
34
28
31
31
28
44
29
34
33
29
36
31
33
24
42
26
20
31
30
35
25
23
38
29
26
35
25
21
40
27
35
21
25
29
23
39
39
38
30
29
26
39
37
33
33
39
42
38
33
39
33
36
37
34
45
36
34
44
48
28
31
38
41
32
38
27
36
32
36
31
42
30
39
34
32
31
32
34
31
23
29
35
40
22
24
20
27
23
34
25
20
22
33
28
27
27
28
27
25
25
28
23
35
26
27
23
33
27
31
25
25
33
29
23
19
20
27
26
24
30
34
25
21
25
21
25
26
31
23
21
33
33
23
23
29
20
27
34
22
24
34
19
36
37
24
19
20
22
31
23
20
34
29
19
30
18
19
23
21
25
24
23
29
17
24
18
25
17
19
25
20
28
21
28
28
23
18
24
20
21
23
20
15
31
17
17
20
12
20
15
19
21
30
19
17
13
21
21
15
21
22
16
17
23
20
15
22
19
20
15
18
15
16
17
18
22
11
16
17
17
24
18
22
17
16
17
11
12
24
17
12
17
19
18
18
15
23
10
22
24
19
14
14
14
15
18
18
13
14
12
11
9
12
13
15
12
13
10
11
15
14
11
14
10
9
16
13
10
13
10
8
14
5
13
9
5
16
9
14
5
15
16
13
6
12
15
17
9
7
13
13
8
9
12
15
9
12
6
8
11
14
14
16
13
12
16
21
3
15
18
18
21
16
15
18
23
20
32
26
24
38
26
30
32
40
37
40
42
43
45
38
55
47
31
51
56
70
60
69
67
80
66
70
77
79
85
80
85
85
94
82
92
74
103
87
79
70
66
74
92
85
69
79
78
66
59
69
57
71
59
51
53
40
46
30
40
40
37
38
30
28
26
32
12
27
17
19
15
15
14
16
21
8
14
9
15
16
15
11
6
9
7
10
10
11
7
5
3
8
5
15
5
8
1
14
10
4
6
8
7
11
6
5
8
10
3
6
11
8
5
5
8
10
5
9
5
11
4
9
10
6
7
9
6
3
9
6
5
5
5
7
5
9
6
3
6
8
6
6
4
8
11
6
8
1
11
7
2
9
9
6
4
3
6
5
8
4
5
9
6
5
8
4
5
8
6
8
6
11
7
4
9
9
3
9
3
6
3
5
8
9
9
3
7
$ROI:
43
143 193
144 194
424 531
429 529
440 544
440 545
440 549
443 544
443 553
490 516
604 1134
679 1395
690 1434
772 934
800 953
827 855
828 856
840 1946
849 1974
857 2002
872 900
880 1058
887 915
914 1083
1010 1038
1208 1258
1345 1375
1418 1448
2436 2526
3229 3279
3607 3645
6449 6521
6459 6531
6463 6535
6464 6536
6467 6539
6471 6543
6482 6526
6489 6513
6497 6521
12997 13047
12999 13049
13000 13050
