$SPEC_ID:
GAMWIN
$SPEC_REM:


$DETDESC:

$DATE_MEA:
10/15/2025 15:38:42
$MEAS_TIM:
56441.62 57227.36
$MCA_CAL:
3
1.32118272781372E+001 1.29107522964478E+000 0.00000000000000E+000
$DATA:
0 2047
0
0
0
0
0
0
0
0
0
0
0
0
0
0
0
0
0
0
0
0
0
0
0
0
0
0
0
0
0
0
0
0
0
0
0
1911
2021
2024
2175
2224
2397
2441
2709
2651
2760
2744
2966
3114
3339
3795
4153
4226
4303
4113
3813
3420
3276
3053
2936
2942
2879
2703
2637
2571
2459
2266
2154
1867
1765
1688
1692
1625
1529
1592
1523
1570
1529
1483
1512
1503
1478
1455
1453
1530
1584
1500
1478
1545
1655
1612
1509
1559
1506
1532
1613
1582
1527
1414
1496
1496
1470
1469
1458
1440
1422
1407
1425
1408
1402
1411
1411
1415
1382
1316
1307
1355
1253
1301
1283
1198
1278
1235
1388
1274
1281
1313
1249
1329
1281
1344
1388
1397
1254
1301
1250
1248
1249
1201
1194
1253
1198
1222
1175
1163
1182
1243
1228
1223
1275
1191
1256
1168
1251
1136
1170
1225
1222
1265
1323
1417
1551
1624
1776
1926
2164
2277
2385
2581
2511
2473
2461
2403
2147
2021
1788
1548
1398
1281
1074
1021
985
936
865
847
871
876
872
891
871
926
896
920
916
917
858
884
852
862
845
808
896
959
904
947
1010
967
1005
1018
976
1036
964
968
981
918
885
883
790
757
759
671
656
646
659
639
637
654
667
634
608
653
682
743
659
795
770
810
811
843
843
927
937
938
939
1005
1016
973
1075
1009
1015
1063
956
995
933
879
864
798
760
679
619
604
549
495
433
473
456
426
413
438
402
411
411
419
395
433
400
391
392
388
430
397
374
397
355
413
382
420
378
379
391
404
387
358
390
397
366
410
417
383
359
329
378
315
379
374
307
324
332
327
348
314
344
344
310
324
349
342
328
350
362
370
343
329
350
364
354
355
384
362
340
351
336
408
382
346
348
347
345
387
353
322
316
317
321
305
324
294
299
299
291
311
303
309
334
329
332
329
361
361
413
372
447
418
394
443
415
447
430
411
403
393
359
355
355
318
340
301
300
284
311
305
290
266
268
282
271
266
252
229
229
260
233
253
252
282
252
258
277
251
276
274
302
297
348
333
314
351
326
383
402
398
409
479
518
460
487
519
535
507
536
560
509
524
540
539
513
501
521
467
499
500
498
505
488
513
516
511
579
520
507
467
458
431
435
459
393
399
381
360
300
284
281
280
259
237
245
239
209
201
227
219
202
211
184
195
185
223
193
211
227
196
216
214
200
192
230
234
212
235
231
197
230
225
208
190
185
196
189
204
208
213
194
199
204
200
196
197
211
165
206
199
178
216
211
221
205
220
223
227
213
236
223
202
201
228
212
224
247
231
241
258
202
232
245
225
247
220
236
215
245
216
200
193
238
227
197
232
227
195
207
199
214
211
192
195
230
205
234
204
190
235
220
233
220
189
220
267
250
214
229
239
222
218
214
199
237
238
201
239
185
228
199
214
195
209
222
200
207
200
199
195
182
160
197
171
181
181
159
183
173
210
172
162
193
190
204
190
172
181
212
193
166
202
188
197
209
174
176
180
217
188
203
193
198
180
208
228
218
191
229
241
220
227
230
205
210
242
214
225
237
246
227
230
212
231
227
208
202
206
210
222
215
204
205
201
231
256
235
266
294
234
259
258
281
312
314
291
282
287
304
279
240
274
315
273
269
232
259
243
237
250
213
211
222
203
191
202
191
196
207
202
198
189
213
196
200
237
176
219
224
265
225
240
238
257
247
282
252
238
269
290
246
259
264
245
253
241
236
220
227
201
200
192
178
174
205
185
161
180
166
154
143
173
188
171
177
139
158
160
162
153
151
149
160
144
135
154
157
139
165
141
144
131
140
160
142
146
121
152
146
147
168
148
166
142
164
159
158
131
150
160
148
170
151
171
133
141
160
158
166
176
155
153
194
154
149
159
174
152
151
148
158
150
161
153
140
140
188
168
149
169
174
170
178
197
189
160
192
193
168
154
191
215
181
188
203
206
204
193
230
188
194
174
182
174
194
216
194
176
182
179
172
210
187
183
169
167
185
171
180
170
179
156
171
148
173
147
156
154
169
144
193
159
181
148
167
175
160
167
167
185
156
157
173
165
159
157
167
160
175
172
159
137
173
146
180
164
159
161
177
163
182
168
153
174
160
157
177
179
177
144
165
161
181
146
149
179
152
177
163
148
194
155
160
162
168
162
168
166
140
155
179
134
164
132
159
131
128
121
138
110
100
117
123
114
124
101
113
122
110
108
102
102
123
70
106
96
92
75
71
73
94
79
89
87
102
95
88
94
86
80
80
86
78
74
76
68
71
82
96
68
73
88
64
75
75
76
61
76
61
69
74
77
77
66
83
67
74
79
69
62
58
60
78
71
75
66
57
69
54
74
58
75
65
67
81
70
62
55
74
73
71
93
92
81
75
89
76
64
68
68
73
73
71
82
81
76
83
91
82
83
92
88
83
81
86
101
85
94
109
89
88
109
116
112
117
117
114
99
133
151
144
156
149
188
164
191
213
259
232
286
311
301
360
374
390
439
519
499
540
535
629
612
649
697
746
703
730
787
741
790
752
773
782
755
742
727
748
706
694
645
616
582
555
513
533
471
437
373
368
313
277
298
266
243
200
211
140
161
142
121
138
120
110
94
84
81
86
73
72
54
60
49
46
73
48
52
58
42
49
45
41
45
36
44
43
52
35
38
41
45
40
36
30
34
36
30
33
38
44
35
36
28
25
35
29
33
34
33
31
39
36
43
39
25
31
35
39
27
43
37
38
38
43
43
32
44
37
44
47
43
43
37
39
53
39
38
40
40
28
33
30
27
34
28
39
40
33
48
29
24
37
43
31
39
35
42
38
38
34
21
27
21
31
27
27
35
31
25
28
29
20
28
29
19
29
22
26
27
25
20
20
20
25
24
18
30
17
22
18
21
23
16
19
28
38
29
25
17
24
21
30
17
20
16
20
26
31
29
20
20
22
23
25
29
34
33
23
24
24
16
24
33
34
29
29
30
31
42
33
27
30
44
32
31
37
30
37
32
35
49
31
33
42
33
33
42
47
52
46
45
43
45
52
34
37
46
40
57
50
44
39
32
37
39
42
31
38
39
33
26
21
30
34
25
31
31
28
29
29
21
25
20
22
27
19
23
20
30
22
20
27
22
16
20
21
17
18
25
18
20
9
26
21
20
20
21
19
21
18
25
22
20
29
18
20
24
17
20
21
23
19
24
16
24
14
18
32
25
13
22
24
15
9
13
17
18
24
18
17
16
20
11
10
10
13
11
22
19
15
13
20
12
14
20
11
12
23
17
14
14
18
13
16
23
16
19
20
18
12
21
21
19
21
14
15
19
18
12
14
9
17
15
19
16
12
19
18
14
20
17
12
22
14
13
16
15
16
12
14
15
13
18
23
14
18
21
20
8
16
18
15
21
17
17
13
12
15
16
18
17
13
16
15
16
14
10
14
14
16
12
14
17
12
12
17
13
21
18
6
16
14
19
16
13
22
17
17
13
11
22
17
13
20
20
18
17
21
13
11
22
19
10
20
13
15
17
17
17
17
13
12
23
25
19
17
18
18
15
16
19
15
12
16
19
16
17
20
22
14
27
19
20
25
37
23
24
29
30
27
16
26
22
30
26
36
27
23
21
21
27
32
20
20
23
27
18
35
33
22
19
23
24
11
20
18
20
26
27
19
16
15
15
15
19
24
23
17
17
24
24
20
15
12
20
20
21
23
24
21
25
23
19
25
19
26
29
18
23
21
29
16
22
21
20
26
30
26
20
24
27
27
23
17
26
31
31
24
22
19
20
27
22
22
19
24
31
19
17
19
24
20
27
25
23
32
14
27
18
21
20
25
15
20
16
28
26
16
21
15
17
20
17
23
18
19
15
17
13
12
19
14
27
16
18
22
22
18
19
19
12
15
23
26
13
26
17
15
20
13
27
26
17
15
20
18
13
18
21
24
19
21
18
20
13
14
23
17
23
28
23
15
21
14
17
13
19
30
17
24
11
14
18
18
18
22
20
15
22
16
16
25
15
19
16
14
18
20
20
19
13
13
19
18
17
22
21
14
6
15
21
22
14
17
11
23
16
10
19
9
17
18
16
16
15
17
16
18
10
12
22
12
16
16
12
16
13
20
14
13
14
21
15
15
20
9
12
8
12
11
10
14
16
12
13
11
20
13
17
13
15
12
11
14
12
8
17
17
10
10
15
20
12
8
10
18
6
12
18
15
11
17
9
10
10
8
14
10
12
13
7
13
10
13
5
7
10
6
7
13
6
11
14
5
13
15
11
8
12
12
13
13
11
15
6
10
9
15
7
12
5
14
19
11
10
8
12
12
13
12
8
11
14
8
14
9
11
11
7
10
19
17
11
11
16
9
15
19
18
17
21
18
14
14
29
23
16
28
24
23
32
22
27
26
28
30
40
29
39
32
37
39
49
42
50
60
43
46
44
45
40
55
53
49
39
70
61
62
55
48
44
52
57
41
46
34
48
32
43
46
35
30
31
43
29
33
30
36
25
29
28
16
13
25
22
25
12
16
14
14
13
15
7
20
12
9
14
13
12
13
10
16
8
7
13
10
9
4
8
13
13
11
8
2
11
12
13
16
10
10
9
17
7
9
11
10
9
8
10
7
8
6
4
7
9
9
7
13
9
5
8
13
18
5
5
11
15
11
6
13
10
10
12
6
11
7
10
9
7
6
7
10
11
16
8
11
6
8
11
13
7
9
11
12
6
8
8
7
6
9
10
5
5
7
9
10
12
5
10
9
7
10
10
15
9
9
13
7
8
$ROI:
43
143 193
144 194
424 531
429 529
440 544
440 545
440 549
443 544
443 553
490 516
604 1134
679 1395
690 1434
772 934
800 953
827 855
828 856
840 1946
849 1974
857 2002
872 900
880 1058
887 915
914 1083
1010 1038
1208 1258
1345 1375
1418 1448
2436 2526
3229 3279
3607 3645
6449 6521
6459 6531
6463 6535
6464 6536
6467 6539
6471 6543
6482 6526
6489 6513
6497 6521
12997 13047
12999 13049
13000 13050
