$SPEC_ID:
GAMWIN
$SPEC_REM:


$DETDESC:

$DATE_MEA:
10/06/2025 06:50:13
$MEAS_TIM:
27382.63 28063.08
$MCA_CAL:
3
1.32118272781372E+001 1.29107522964478E+000 0.00000000000000E+000
$DATA:
0 2047
0
0
0
0
0
0
0
0
0
0
0
0
0
0
0
0
0
0
0
0
0
0
0
0
0
0
0
0
0
0
0
0
0
0
0
1514
1561
1685
1673
1715
1865
1845
1944
2005
2009
2155
2291
2311
2635
2839
3058
3138
3270
3115
2973
2717
2476
2316
2243
2256
2160
2025
2062
1990
1896
1705
1613
1486
1364
1350
1252
1197
1228
1208
1248
1209
1232
1130
1145
1142
1094
1163
1118
1017
1083
1137
1202
1217
1086
1246
1177
1120
1173
1233
1233
1167
1088
1138
1109
1086
1106
1098
1077
1046
1060
1082
1111
1051
1081
1016
1052
980
1013
974
954
954
957
943
920
1004
953
907
943
899
964
957
1019
992
1015
1025
1049
1010
984
985
996
951
928
961
873
917
876
907
940
874
896
918
904
955
883
955
907
913
858
933
876
925
975
985
973
1057
1124
1254
1373
1411
1677
1792
1798
1927
1977
1862
1843
1727
1621
1428
1266
1134
1017
923
860
798
801
641
719
677
715
680
678
677
679
634
672
661
652
693
678
656
693
644
645
680
690
701
668
696
752
738
780
801
750
780
746
729
746
688
695
617
565
570
575
533
544
508
449
462
455
489
450
486
474
542
569
565
552
534
588
568
662
701
692
682
744
741
716
752
779
800
831
813
743
819
712
848
704
653
676
583
540
497
454
477
405
386
343
375
362
314
322
320
322
319
315
330
308
313
278
301
289
340
311
334
298
315
297
302
328
320
313
296
294
313
312
283
315
271
290
304
282
319
285
289
265
276
293
253
245
278
242
275
255
289
288
251
266
274
283
260
248
252
260
297
265
306
297
275
268
245
293
253
283
289
290
275
268
267
274
282
269
285
266
229
261
253
243
245
225
239
238
217
216
239
266
225
269
285
244
270
255
266
289
282
292
293
325
304
307
290
302
294
303
278
288
271
251
218
246
241
249
220
240
198
228
208
221
194
200
209
193
206
184
213
192
204
207
233
218
209
198
195
217
206
221
219
236
276
261
279
282
303
338
357
351
346
375
369
389
408
396
434
435
419
422
432
415
403
409
356
408
404
398
398
387
409
432
379
397
393
416
415
382
354
378
330
322
299
309
323
264
247
256
226
218
218
209
204
186
175
181
182
171
176
170
183
184
160
186
198
164
170
174
163
150
160
208
189
164
220
165
172
166
182
163
152
198
187
168
173
133
178
148
159
193
156
157
174
152
130
181
170
158
181
168
149
173
174
166
182
155
176
159
201
173
180
181
171
188
162
191
193
156
199
186
199
187
211
213
206
220
172
170
192
171
164
183
186
191
181
184
164
173
155
191
160
172
178
190
171
163
173
176
169
181
177
186
177
210
168
183
184
166
179
188
202
176
167
167
175
188
172
141
167
176
151
175
152
163
174
183
173
170
180
170
146
143
180
134
154
147
151
146
140
133
151
172
141
153
167
145
171
147
131
135
161
141
123
167
173
164
147
156
163
170
177
171
161
159
181
185
181
170
168
206
154
172
193
180
162
174
171
162
166
193
195
165
145
164
180
175
186
160
184
190
186
186
187
168
219
186
209
233
219
199
234
266
237
219
266
266
242
240
238
231
227
245
218
222
217
239
196
230
192
186
185
174
192
176
179
184
152
220
184
168
166
188
193
189
179
205
194
208
197
213
214
211
223
233
212
201
235
234
199
205
211
189
190
212
205
199
177
176
187
167
154
178
178
169
143
142
130
147
134
141
145
152
127
133
153
141
130
140
157
109
145
134
124
133
127
152
147
131
152
126
160
122
124
136
141
141
133
147
134
127
136
129
139
131
122
132
145
142
131
140
139
146
140
147
131
158
141
143
154
133
155
149
132
156
152
142
135
136
138
161
149
163
147
120
146
149
168
148
141
165
155
164
172
179
157
151
154
173
152
167
167
174
191
179
150
207
188
169
176
179
168
150
167
190
177
181
160
193
176
139
185
167
151
185
145
164
175
169
155
200
189
173
165
165
150
157
159
184
167
176
174
140
148
160
165
161
161
147
166
152
148
141
159
175
146
162
157
146
173
189
157
159
169
158
157
178
160
159
163
134
186
161
172
164
155
144
160
163
158
147
177
154
183
152
159
170
144
164
159
156
143
153
156
133
145
143
133
146
155
139
149
129
131
118
144
156
146
119
109
98
98
91
114
91
88
102
101
74
91
96
98
85
72
84
68
74
73
91
62
65
74
66
78
64
60
73
69
72
59
62
70
63
53
72
59
64
66
60
71
69
60
67
58
59
60
56
43
46
55
71
52
63
41
60
48
52
44
55
61
63
41
33
63
48
56
50
35
52
44
64
53
44
53
62
51
53
47
55
55
54
56
60
55
64
57
66
54
59
52
68
49
65
91
60
58
54
54
59
58
68
74
88
76
78
67
73
79
76
69
82
93
91
99
114
101
126
126
140
123
142
156
161
188
236
215
235
271
270
315
352
373
418
446
454
512
547
548
595
649
707
690
717
753
814
815
863
826
775
868
865
859
837
827
806
856
808
740
708
735
600
584
582
560
510
435
423
366
345
312
312
271
222
213
192
157
140
132
126
114
91
73
81
82
74
58
67
50
44
52
41
34
36
46
49
39
39
30
29
20
27
23
38
27
30
33
25
19
24
24
22
15
23
33
23
22
25
23
22
16
19
27
18
24
19
14
18
20
19
21
23
23
20
23
26
28
22
24
26
21
30
25
42
31
27
28
31
23
34
22
31
24
25
28
28
21
24
22
29
28
30
20
19
24
29
21
30
25
18
28
25
22
23
23
18
20
19
23
18
17
21
18
14
12
24
14
15
21
16
22
16
20
19
16
12
14
30
16
8
16
11
16
13
15
15
26
14
13
14
18
21
22
17
19
16
22
21
19
19
18
16
12
15
17
17
15
19
13
17
17
20
16
11
15
22
33
23
22
10
23
23
20
12
19
22
19
22
20
25
23
18
23
25
28
36
30
29
30
24
24
27
34
27
22
29
35
27
32
33
33
31
25
34
26
27
19
26
30
48
34
27
27
26
25
15
23
14
18
15
20
23
18
19
17
18
21
18
16
19
23
11
16
9
17
14
14
11
10
14
19
14
11
9
11
8
9
13
14
16
11
15
14
13
11
18
15
19
13
17
6
11
5
17
14
10
17
11
13
15
12
10
11
13
15
16
17
11
8
12
13
11
12
19
12
17
8
11
18
9
14
9
15
10
11
10
10
10
18
8
12
13
9
12
13
15
8
14
15
10
10
9
6
11
7
12
8
11
11
16
11
6
9
4
14
4
8
9
8
14
8
3
13
9
9
9
17
6
8
11
7
13
11
9
10
8
9
6
10
12
7
12
11
7
10
9
9
17
10
8
11
5
7
11
9
13
9
12
8
17
16
7
7
5
7
10
10
4
8
11
7
13
7
4
11
10
9
6
12
9
11
11
9
17
5
9
9
5
15
7
8
12
6
9
9
9
10
4
12
9
11
14
5
21
10
13
4
7
9
12
15
9
12
7
6
9
13
14
11
15
11
8
9
16
10
14
13
16
10
17
13
21
9
18
17
17
11
11
14
19
21
18
18
15
10
12
12
11
15
14
18
29
20
21
13
12
22
15
10
13
18
23
14
16
18
17
11
13
17
14
15
16
9
10
11
8
12
6
7
15
13
15
13
17
11
13
11
12
7
13
14
15
8
10
6
15
14
17
11
13
16
14
16
15
10
10
9
14
15
20
19
15
13
8
14
10
15
19
21
11
20
13
9
16
14
13
15
17
15
20
21
15
18
26
10
16
9
10
15
11
5
5
12
9
8
11
18
23
9
13
12
11
8
8
11
17
12
11
11
7
6
10
7
14
10
15
12
14
15
13
7
13
5
13
11
12
8
12
9
13
10
12
11
14
8
11
10
8
12
15
13
18
11
5
15
11
9
9
8
10
7
14
9
11
14
12
5
9
5
4
11
11
10
14
10
12
12
9
13
10
12
9
10
12
4
13
10
9
14
7
13
13
9
10
11
12
11
12
10
9
9
9
8
9
10
12
5
9
14
13
13
9
9
5
7
7
6
7
8
7
2
13
6
11
10
3
7
10
8
9
10
10
10
10
4
4
9
7
12
7
5
10
7
9
6
9
7
7
2
4
5
11
5
10
9
8
6
5
9
7
6
9
11
4
11
9
13
11
12
14
5
7
7
4
12
6
8
4
7
7
6
5
7
4
5
6
8
4
4
6
7
5
8
6
1
4
6
6
9
6
8
5
7
10
6
4
7
5
10
4
9
5
5
6
5
5
4
5
11
4
10
4
6
8
9
5
9
7
13
5
9
7
7
9
10
13
13
10
5
16
16
8
11
14
14
13
13
19
16
13
16
16
28
29
21
26
23
32
26
36
29
29
24
29
33
44
32
23
34
51
24
31
36
37
37
33
32
33
37
33
26
31
25
35
29
20
23
24
27
27
22
16
23
15
23
16
14
13
11
10
12
7
9
5
7
10
12
9
9
6
7
5
7
7
6
8
7
5
9
3
6
5
3
7
7
5
3
4
4
5
2
3
1
4
5
5
1
2
6
4
4
4
4
9
6
4
4
3
2
6
5
8
5
5
1
7
8
5
6
1
2
4
8
4
8
4
5
4
0
4
4
4
4
5
4
8
6
4
6
4
3
5
5
1
7
6
1
8
4
5
1
3
4
5
8
9
2
4
5
7
8
8
4
10
4
4
3
5
2
6
4
1
3
3
3
5
3
5
3
$ROI:
43
143 193
144 194
424 531
429 529
440 544
440 545
440 549
443 544
443 553
490 516
604 1134
679 1395
690 1434
772 934
800 953
827 855
828 856
840 1946
849 1974
857 2002
872 900
880 1058
887 915
914 1083
1010 1038
1208 1258
1345 1375
1418 1448
2436 2526
3229 3279
3607 3645
6449 6521
6459 6531
6463 6535
6464 6536
6467 6539
6471 6543
6482 6526
6489 6513
6497 6521
12997 13047
12999 13049
13000 13050
