$SPEC_ID:
GAMWIN
$SPEC_REM:


$DETDESC:

$DATE_MEA:
10/29/2025 07:08:58
$MEAS_TIM:
27847.41 28584.40
$MCA_CAL:
3
1.32118272781372E+001 1.29107522964478E+000 0.00000000000000E+000
$DATA:
0 2047
0
0
0
0
0
0
0
0
0
0
0
0
0
0
0
0
0
0
0
0
0
0
0
0
0
0
0
0
0
0
0
0
0
0
0
1892
1913
2032
2084
2202
2340
2559
2586
2709
2797
2931
2983
3387
3674
3984
4344
4600
4740
4381
4161
3743
3472
3196
3209
3087
3079
2972
2868
2773
2627
2398
2183
2056
1897
1751
1705
1678
1716
1612
1563
1644
1629
1608
1531
1574
1631
1571
1499
1507
1576
1512
1518
1647
1568
1607
1617
1624
1684
1586
1564
1582
1576
1623
1548
1555
1514
1555
1547
1515
1496
1539
1525
1526
1526
1486
1426
1468
1385
1433
1449
1372
1353
1367
1342
1373
1352
1373
1370
1434
1418
1461
1434
1466
1540
1487
1507
1473
1406
1476
1427
1386
1267
1298
1294
1249
1259
1281
1223
1247
1277
1272
1273
1275
1225
1163
1265
1192
1197
1210
1218
1227
1212
1270
1332
1432
1622
1641
1850
2036
2214
2419
2473
2476
2527
2512
2442
2197
2135
2005
1755
1581
1415
1198
1147
1015
1028
889
933
902
891
984
883
847
855
929
889
939
941
900
926
912
893
935
863
942
928
1003
1044
1110
1114
1185
1241
1199
1307
1301
1244
1179
1185
1101
999
936
881
854
740
780
693
659
648
647
651
608
617
636
709
641
725
725
732
820
807
805
891
914
954
987
1048
1154
1157
1213
1290
1432
1429
1352
1446
1382
1376
1304
1315
1198
1069
948
899
764
751
641
614
521
519
491
426
416
410
384
403
391
393
387
404
385
401
381
387
369
364
386
362
376
412
399
434
401
397
402
382
419
383
396
371
362
390
380
376
342
340
351
334
305
332
306
318
323
287
347
323
332
323
316
312
308
312
316
313
348
331
331
322
321
333
315
314
365
373
349
334
310
363
360
317
328
349
315
304
319
294
301
329
305
304
294
271
279
295
288
301
270
268
279
278
290
338
325
309
345
364
346
369
387
389
355
411
353
416
375
388
327
335
337
335
286
299
274
266
246
277
277
259
268
253
263
231
257
233
245
245
225
235
248
234
232
263
259
260
246
276
245
318
274
309
324
313
333
384
360
397
390
411
446
444
461
474
497
498
569
501
546
578
519
594
561
531
562
639
576
638
653
649
633
710
728
685
714
701
686
649
636
574
651
540
494
512
451
411
366
347
364
294
267
265
239
245
243
197
196
200
207
212
220
214
215
193
183
201
204
204
204
218
192
207
207
196
175
196
208
194
210
210
203
197
208
234
181
194
186
206
180
188
207
189
192
182
180
192
194
194
203
192
165
200
213
195
205
201
192
200
186
212
222
196
240
224
218
221
222
222
227
225
240
252
206
215
206
211
233
212
220
209
230
195
190
198
214
192
187
214
215
201
191
199
221
225
208
219
223
219
239
231
273
208
229
213
231
236
237
208
215
203
217
240
191
190
218
228
214
228
225
199
212
207
199
183
214
224
199
191
159
175
172
171
153
165
164
148
173
163
168
188
202
168
203
163
164
169
169
152
187
168
180
172
173
191
197
167
170
199
194
194
192
173
211
187
187
189
191
187
202
219
182
194
193
176
171
201
193
195
221
189
180
164
183
199
184
181
199
184
193
196
209
213
226
225
213
237
219
265
234
256
262
267
289
290
278
287
293
274
327
273
269
248
259
254
245
277
224
223
237
220
223
241
211
187
234
193
188
197
199
207
205
239
196
248
191
253
227
213
240
247
232
235
241
247
229
237
243
235
230
252
231
222
207
232
203
197
221
184
173
211
180
172
152
168
159
181
185
154
159
130
157
145
159
139
152
136
163
164
133
155
156
136
173
135
150
117
133
145
131
159
126
137
152
136
134
145
138
138
155
160
164
126
134
131
143
129
142
141
150
153
158
159
142
125
154
128
159
134
146
149
157
139
166
144
156
136
146
146
158
157
148
136
158
165
147
159
160
172
166
180
169
194
168
184
175
194
207
220
195
196
210
224
197
219
214
217
198
223
212
234
214
216
204
232
209
202
186
210
208
196
213
201
187
184
202
172
197
168
190
178
166
172
189
162
164
157
188
157
158
155
179
151
141
153
146
144
151
143
159
160
151
156
164
156
149
157
134
131
150
148
160
140
157
158
143
152
149
148
173
146
139
149
153
143
149
168
136
148
148
166
181
163
148
157
167
194
145
200
158
150
170
177
183
158
164
169
155
152
168
130
141
152
150
151
130
143
106
144
126
113
114
108
111
107
101
100
105
88
102
100
92
108
88
88
94
92
87
76
87
100
71
94
73
73
90
90
94
68
74
73
67
57
66
64
63
66
76
71
68
65
56
62
52
63
65
62
71
69
72
55
59
58
79
60
57
59
71
61
67
54
57
40
66
60
60
69
57
55
67
56
69
61
60
54
75
69
80
59
67
89
60
73
90
89
78
89
87
79
81
88
74
76
88
75
70
71
75
84
78
73
103
79
71
89
76
105
91
91
84
84
84
93
105
119
114
148
128
136
164
157
188
180
194
212
224
244
257
266
323
333
395
391
402
449
466
496
524
626
546
659
669
647
722
706
734
774
765
735
739
760
762
719
736
729
689
671
593
619
546
510
523
464
444
379
393
356
307
295
250
250
224
185
206
159
156
130
109
117
92
104
87
101
63
74
72
69
47
69
41
64
51
54
49
38
42
50
38
46
39
45
56
42
43
38
17
31
41
48
40
28
28
35
26
39
24
28
40
31
37
26
25
42
37
30
29
25
40
25
31
36
37
32
35
36
33
30
48
43
39
35
45
47
38
38
42
41
37
33
35
34
39
28
27
27
34
27
41
28
21
35
27
19
35
28
29
39
25
37
28
24
36
34
21
25
32
21
26
26
31
31
27
31
25
23
24
32
36
20
22
29
22
19
28
28
16
20
19
31
31
23
26
20
20
20
24
19
16
16
24
26
17
31
17
34
19
23
17
29
21
25
23
21
22
21
30
25
32
32
24
23
19
19
23
38
25
24
40
41
29
35
41
30
39
43
37
49
42
45
43
38
45
48
51
49
43
39
56
41
52
47
49
52
51
64
54
65
47
52
64
62
61
47
46
65
61
50
60
51
51
57
51
50
49
43
56
28
39
44
38
41
35
37
37
33
22
27
26
27
25
22
26
16
15
18
18
21
25
18
24
18
20
30
24
23
13
12
18
28
20
27
16
22
23
31
17
24
28
18
16
24
21
23
30
16
23
29
22
13
14
24
29
25
20
22
10
19
12
15
17
20
12
13
14
17
10
16
17
20
9
18
18
23
14
14
16
16
16
15
18
12
17
11
11
14
11
19
9
15
13
12
6
20
16
17
15
11
10
13
13
14
16
15
10
9
12
19
17
17
10
13
20
8
16
16
10
10
19
18
16
8
18
13
13
10
14
12
16
12
10
13
17
13
13
11
19
14
14
11
14
12
17
15
13
10
13
13
7
12
14
14
15
11
15
15
9
14
20
15
7
14
11
10
16
9
14
14
13
11
13
7
13
10
12
11
9
14
13
8
12
18
18
9
17
10
13
11
13
5
12
12
8
20
11
9
17
10
17
11
9
11
10
13
9
19
15
11
21
20
20
17
17
13
12
20
23
20
17
17
9
14
23
20
22
16
18
20
16
21
16
23
24
11
24
19
24
25
17
27
30
17
23
20
21
18
17
18
22
25
23
13
24
16
21
22
16
24
21
20
10
20
21
10
12
24
14
15
20
17
15
15
20
28
15
15
16
10
14
20
16
15
9
21
19
23
18
16
23
15
22
23
21
19
24
21
29
12
33
18
20
21
22
20
16
17
23
20
29
19
29
24
22
23
18
27
19
25
18
9
12
14
19
18
22
15
19
17
15
19
18
16
8
16
10
18
19
18
22
13
14
16
17
12
10
13
14
16
15
9
15
17
12
11
14
18
24
13
6
29
15
9
13
9
12
20
15
16
15
15
18
10
17
14
14
17
15
16
16
13
15
19
15
15
9
6
11
18
17
14
12
16
19
10
13
11
12
10
10
18
10
15
13
20
16
12
14
19
13
10
14
12
20
12
15
16
18
21
7
9
9
15
12
8
10
7
16
12
18
10
19
12
14
13
10
15
10
12
11
11
13
10
12
14
11
6
11
8
15
13
11
11
15
7
10
11
9
13
9
10
12
10
9
8
9
8
11
7
14
8
10
11
8
12
11
8
8
10
5
13
5
13
8
8
12
8
14
13
12
10
7
11
10
9
12
11
6
15
6
11
10
7
11
6
8
5
7
11
10
6
7
8
12
2
6
6
6
13
1
7
7
8
5
8
6
6
6
7
8
10
10
7
3
10
9
6
8
5
7
8
4
10
11
10
10
5
4
9
13
11
6
11
3
11
6
8
11
12
12
9
15
9
15
14
13
13
12
11
15
16
18
14
17
18
20
24
23
23
24
24
22
28
20
24
25
29
27
37
30
42
33
43
31
35
34
37
47
42
46
42
43
39
46
37
34
45
37
43
39
51
52
44
34
26
21
28
29
22
25
25
29
27
21
25
18
15
20
19
17
12
19
9
15
13
12
15
14
7
6
5
6
5
9
9
2
9
8
8
7
11
7
4
5
11
6
6
4
7
5
5
10
5
7
9
8
7
5
1
4
4
2
7
8
3
9
3
3
7
9
5
5
3
3
7
8
5
7
4
6
4
9
3
4
4
3
4
1
3
4
5
6
3
7
3
4
9
4
4
6
6
5
4
4
9
2
9
9
5
8
7
3
10
7
3
6
5
3
5
5
3
3
4
5
7
3
12
4
2
5
2
4
3
5
6
10
8
2
7
2
$ROI:
43
143 193
144 194
424 531
429 529
440 544
440 545
440 549
443 544
443 553
490 516
604 1134
679 1395
690 1434
772 934
800 953
827 855
828 856
840 1946
849 1974
857 2002
872 900
880 1058
887 915
914 1083
1010 1038
1208 1258
1345 1375
1418 1448
2436 2526
3229 3279
3607 3645
6449 6521
6459 6531
6463 6535
6464 6536
6467 6539
6471 6543
6482 6526
6489 6513
6497 6521
12997 13047
12999 13049
13000 13050
