$SPEC_ID:
GAMWIN
$SPEC_REM:


$DETDESC:

$DATE_MEA:
10/27/2025 06:49:34
$MEAS_TIM:
26724.40 27494.93
$MCA_CAL:
3
1.32118272781372E+001 1.29107522964478E+000 0.00000000000000E+000
$DATA:
0 2047
0
0
0
0
0
0
0
0
0
0
0
0
0
0
0
0
0
0
0
0
0
0
0
0
0
0
0
0
0
0
0
0
0
0
0
2195
2304
2387
2502
2736
2935
3121
3185
3337
3377
3547
3747
4044
4506
5012
5552
5858
5833
5529
5191
4625
4215
4056
3811
3810
3713
3702
3556
3493
3174
2858
2720
2497
2260
2137
2048
2100
1968
1942
1902
1923
1867
1913
1881
1821
1910
1853
1858
1896
1877
1838
1959
1986
1970
2010
1963
1975
1987
1914
1916
1937
1864
1832
1920
1910
1875
1900
1800
1839
1870
1870
1871
1807
1797
1766
1790
1759
1726
1728
1736
1718
1687
1572
1651
1548
1614
1543
1665
1651
1689
1672
1790
1768
1855
1866
1869
1834
1707
1777
1693
1665
1597
1592
1574
1575
1489
1519
1554
1577
1593
1575
1552
1509
1516
1500
1536
1503
1430
1443
1464
1448
1518
1488
1612
1821
1976
2104
2403
2591
2880
3048
3129
3282
3391
3312
3154
2948
2746
2452
2159
1970
1625
1527
1361
1275
1164
1131
1046
1065
1079
1110
1054
1068
1089
1078
1079
1077
1077
1145
1101
1130
1108
1190
1129
1174
1169
1193
1224
1360
1384
1374
1417
1388
1502
1506
1440
1428
1286
1259
1179
1188
1044
995
872
840
801
770
800
694
751
772
772
736
794
845
868
868
936
988
1034
1044
1065
1175
1149
1340
1375
1381
1440
1434
1587
1677
1726
1757
1695
1667
1696
1581
1566
1418
1353
1146
1060
947
830
780
700
667
616
563
536
511
459
460
477
443
471
425
472
437
446
480
474
423
433
487
462
452
453
449
443
455
472
446
485
467
463
425
436
475
409
446
433
449
383
420
381
393
384
368
424
376
390
354
378
351
385
358
340
365
331
374
374
340
367
370
355
403
402
359
401
388
412
398
390
421
397
418
424
359
384
396
360
332
365
367
368
371
360
305
309
334
331
327
336
335
359
355
353
358
368
385
388
380
415
414
424
492
418
426
460
496
431
458
388
397
388
372
412
370
322
351
319
313
294
301
290
342
293
281
272
272
283
285
258
303
276
300
308
282
273
303
303
307
295
315
325
364
342
394
386
398
435
400
443
540
567
571
607
602
670
647
601
671
687
690
697
717
674
692
677
688
719
679
769
793
821
822
811
819
854
823
867
825
786
789
729
736
640
645
668
521
470
451
456
342
347
297
333
267
278
247
273
237
238
221
217
223
208
208
229
220
200
237
202
189
227
214
222
245
199
234
221
226
188
235
228
221
189
199
220
209
227
221
238
195
199
214
205
221
207
207
226
215
223
226
220
203
218
203
215
218
188
232
280
243
264
236
249
238
254
249
257
242
241
246
282
270
282
266
266
274
264
277
256
252
224
243
221
226
229
189
206
223
240
188
221
250
216
250
222
241
239
233
243
276
263
258
267
275
290
263
266
254
228
264
248
248
257
255
269
249
244
252
221
221
242
235
202
217
216
231
223
243
229
187
180
201
193
188
196
170
200
192
191
154
171
173
194
196
169
171
230
186
191
185
185
203
183
180
208
216
192
207
225
205
218
203
220
213
236
190
198
189
217
192
199
217
205
219
192
205
225
192
233
214
213
200
205
225
202
211
213
201
205
216
261
216
256
268
226
282
232
280
308
287
317
324
326
345
328
352
358
318
350
336
334
298
345
356
325
301
300
258
250
286
235
213
223
223
236
228
225
233
221
213
233
223
217
253
251
252
250
242
265
250
282
300
259
292
296
264
282
284
299
278
274
283
308
300
222
255
250
228
252
234
224
179
220
186
170
175
193
143
169
165
151
148
177
142
158
130
157
140
123
152
137
137
152
141
148
126
146
146
129
125
133
137
155
148
132
153
146
126
141
140
126
113
154
144
140
143
156
147
146
152
153
183
125
133
141
126
138
142
147
150
140
126
112
127
141
146
148
155
145
145
156
157
156
140
176
136
129
156
161
165
161
174
177
193
163
193
197
213
205
206
176
208
213
223
216
242
208
240
214
200
222
227
213
207
213
210
229
232
215
218
187
195
198
178
170
162
181
187
165
180
185
159
151
177
170
159
168
144
180
180
151
125
151
158
171
164
172
159
157
153
152
145
152
159
167
173
173
158
165
154
148
132
161
136
146
136
134
158
142
142
148
160
153
154
142
153
173
139
138
157
165
178
160
163
147
171
146
155
134
177
163
161
172
173
148
151
149
156
142
138
131
153
145
148
154
126
142
119
118
108
123
111
115
106
102
124
101
101
95
97
101
98
107
80
80
80
83
71
82
105
87
73
85
102
66
86
74
88
96
71
71
74
79
92
72
64
67
81
65
75
69
72
71
73
65
76
68
57
67
70
55
82
66
63
80
60
58
63
68
52
57
71
71
63
75
63
72
68
76
62
66
63
69
94
77
76
63
82
83
90
81
77
82
78
81
86
86
84
84
90
95
93
72
83
101
96
89
90
90
105
93
109
93
91
90
92
88
101
92
95
102
89
111
104
113
127
119
128
136
133
153
138
181
182
196
214
230
259
230
300
314
339
365
336
389
440
438
466
520
518
566
553
567
630
622
603
651
670
646
650
637
658
647
624
607
593
499
531
552
525
481
437
394
436
354
307
333
298
241
234
212
207
206
167
143
145
122
138
126
101
97
70
87
88
63
69
78
72
60
62
64
58
45
60
65
56
54
51
41
43
55
53
56
50
49
45
58
40
37
40
40
37
36
46
37
40
41
39
39
45
39
43
40
38
33
38
41
39
31
38
27
31
33
52
43
47
38
42
60
43
42
64
54
58
36
49
35
52
57
48
58
42
48
58
45
36
50
41
43
52
45
46
42
37
34
32
33
45
40
43
40
32
38
40
40
30
32
44
34
47
44
38
36
27
28
28
36
29
32
34
40
25
40
29
26
42
34
31
36
32
36
29
24
26
21
26
18
25
26
32
29
26
29
25
27
28
36
26
32
34
33
25
24
26
36
33
31
28
40
31
32
31
30
26
36
26
42
41
34
38
28
40
31
42
51
47
38
49
53
41
38
67
59
67
45
55
58
60
77
64
79
69
68
64
69
56
69
61
72
70
78
72
65
68
71
79
64
62
65
68
59
61
63
52
46
50
45
53
41
51
48
31
34
32
42
30
35
21
36
29
30
26
15
26
23
20
23
29
21
25
22
25
27
20
21
25
21
28
22
30
25
19
24
25
30
24
24
38
21
21
29
34
33
32
18
18
19
30
34
21
34
32
24
13
27
13
23
21
27
25
18
25
20
24
27
17
22
20
26
23
17
16
11
6
24
19
27
18
15
24
18
18
17
18
19
16
12
21
17
14
17
12
21
13
12
17
15
20
24
8
9
16
16
12
16
21
17
22
14
18
13
10
15
14
18
14
13
12
16
24
20
16
14
9
21
14
12
20
13
17
15
16
21
20
8
17
11
9
16
17
15
14
13
11
14
11
14
14
20
10
12
21
16
18
17
11
15
13
17
14
10
20
13
16
13
16
19
18
18
15
13
9
11
13
12
14
13
16
13
11
16
27
18
22
16
18
11
20
13
15
17
19
16
16
18
22
21
16
18
14
11
15
10
12
21
12
14
18
19
17
19
18
24
18
19
23
17
22
21
26
25
29
27
25
17
35
27
38
12
20
21
29
18
28
22
28
32
31
29
28
28
36
29
31
29
31
17
27
28
30
23
21
27
18
17
27
15
20
19
24
18
24
22
24
21
24
11
22
16
20
19
29
21
15
23
21
21
24
28
21
29
24
21
21
17
33
20
14
17
31
23
28
34
26
26
38
34
23
23
30
36
25
38
25
31
22
33
30
23
20
37
21
31
30
17
26
28
30
27
27
23
26
35
21
30
19
20
23
20
23
19
20
23
22
19
17
15
10
20
16
20
17
19
20
19
16
19
12
17
20
17
19
20
18
23
16
12
19
22
21
20
21
21
20
17
24
23
13
11
19
15
21
20
14
16
19
15
15
17
22
20
17
26
25
26
21
25
18
23
18
19
21
12
19
18
16
13
21
30
22
20
15
21
13
16
16
25
23
15
10
16
18
14
22
15
21
17
23
9
15
12
11
21
12
14
14
12
20
18
18
13
18
15
14
15
15
10
9
15
9
17
15
15
13
12
17
12
11
14
18
10
14
13
13
14
17
15
11
11
11
9
11
10
15
14
17
12
11
13
13
8
16
14
16
12
15
10
11
13
11
16
18
13
18
11
8
12
11
9
9
10
10
17
8
14
8
11
10
11
9
10
15
10
12
13
9
8
11
10
13
9
14
10
12
8
7
9
12
8
13
7
4
7
5
7
4
5
15
10
9
9
4
16
9
8
6
3
8
11
7
11
9
10
15
7
10
11
9
11
10
9
8
9
8
11
6
10
11
13
13
13
16
12
14
16
9
20
19
23
24
20
18
27
21
22
25
36
30
23
36
25
57
42
44
37
43
37
47
54
39
51
51
63
54
45
40
55
53
68
58
50
59
47
46
56
45
46
54
50
42
58
49
36
40
41
48
38
39
30
35
37
27
32
21
28
20
24
19
22
27
21
21
19
9
14
20
12
11
6
9
9
8
13
12
17
8
5
10
7
14
4
8
6
9
6
11
8
7
8
10
8
6
5
6
12
7
5
3
8
8
11
8
7
9
5
2
6
5
7
8
6
5
5
5
7
5
5
9
3
7
8
6
5
7
3
8
5
8
6
6
7
3
7
5
0
3
4
9
5
5
8
3
12
7
1
9
4
4
8
7
4
5
3
7
5
5
5
7
5
5
9
10
10
3
9
6
10
12
4
7
4
5
6
5
2
5
3
7
$ROI:
43
143 193
144 194
424 531
429 529
440 544
440 545
440 549
443 544
443 553
490 516
604 1134
679 1395
690 1434
772 934
800 953
827 855
828 856
840 1946
849 1974
857 2002
872 900
880 1058
887 915
914 1083
1010 1038
1208 1258
1345 1375
1418 1448
2436 2526
3229 3279
3607 3645
6449 6521
6459 6531
6463 6535
6464 6536
6467 6539
6471 6543
6482 6526
6489 6513
6497 6521
12997 13047
12999 13049
13000 13050
