$SPEC_ID:
GAMWIN
$SPEC_REM:


$DETDESC:

$DATE_MEA:
10/21/2025 06:57:24
$MEAS_TIM:
27444.78 29032.13
$MCA_CAL:
3
1.32118272781372E+001 1.29107522964478E+000 0.00000000000000E+000
$DATA:
0 2047
0
0
0
0
0
0
0
0
0
0
0
0
0
0
0
0
0
0
0
0
0
0
0
0
0
0
0
0
0
0
0
0
0
0
0
5061
5307
5558
6024
6420
6764
7251
7632
7895
8191
8515
9045
9741
10717
11990
13223
13718
14011
13414
12149
11144
10114
9329
9090
9018
8957
8602
8668
8124
7365
6723
6144
5692
5196
4895
4737
4427
4298
4323
4231
4285
4122
4145
4185
4179
4157
4091
4128
4016
4060
4162
4247
4401
4347
4417
4293
4391
4401
4191
4270
4360
4216
4247
4291
4291
4274
4334
4284
4230
4293
4242
4161
4114
4044
4202
4109
3973
3869
3758
3859
3905
3726
3765
3752
3635
3623
3697
3778
3791
4029
4104
4280
4364
4428
4455
4554
4476
4292
4195
3982
3947
3814
3615
3414
3460
3427
3429
3345
3384
3418
3314
3389
3397
3336
3249
3203
3224
3207
3212
3308
3187
3314
3494
3637
4038
4272
4661
5246
5704
6150
6473
6871
7052
7030
6933
6715
6343
5802
5200
4777
4199
3761
3325
3015
2848
2650
2505
2428
2354
2376
2406
2359
2431
2371
2421
2414
2373
2390
2452
2473
2433
2499
2577
2593
2689
2756
2841
3210
3327
3539
3657
3795
3984
3858
3875
3858
3694
3297
3071
2939
2698
2439
2180
2069
1954
1791
1690
1650
1626
1538
1602
1639
1672
1616
1711
1871
1888
1972
2062
2208
2356
2435
2648
2896
3015
3280
3539
3781
3841
4294
4336
4656
4740
4826
4689
4675
4355
4120
3778
3443
3111
2774
2495
2162
1888
1654
1457
1303
1206
1165
1083
1072
1006
1000
1065
980
970
913
921
1027
964
972
993
944
942
942
972
986
1005
971
984
989
1028
938
938
966
1020
934
929
917
923
822
840
807
800
766
809
769
788
802
781
745
755
746
752
726
794
709
765
750
708
767
724
775
773
744
759
759
796
842
783
805
826
842
813
807
841
844
800
802
782
785
734
723
744
710
661
685
701
683
692
667
636
677
675
686
684
662
740
730
764
793
777
790
868
852
866
825
829
842
825
847
801
757
757
825
752
692
703
676
661
655
658
621
620
567
613
581
602
579
599
612
584
577
559
558
562
569
588
595
583
624
599
584
648
696
701
725
752
860
875
942
946
1080
1124
1243
1228
1278
1205
1307
1371
1390
1447
1489
1443
1564
1579
1670
1641
1736
1746
1886
1895
1942
2113
2120
2186
2332
2386
2346
2356
2339
2216
2252
2104
2007
1902
1781
1611
1457
1326
1245
1140
947
839
695
695
667
623
520
535
501
500
433
479
465
473
412
449
462
442
441
481
458
462
418
428
439
462
450
474
456
452
438
448
436
471
450
455
439
419
430
409
428
434
393
458
393
424
444
451
431
407
430
376
446
451
452
422
416
445
456
453
464
467
447
494
455
526
518
532
472
513
503
508
511
517
479
462
525
473
520
497
516
456
491
467
466
447
460
456
453
425
499
508
509
509
511
513
520
545
527
573
576
540
534
606
544
575
559
537
529
536
556
539
505
507
517
499
492
499
514
507
479
502
482
487
494
467
408
430
423
420
400
395
429
394
388
358
327
405
369
399
402
374
387
402
359
360
383
364
360
383
387
381
400
367
368
416
358
368
425
426
424
367
407
399
421
367
411
414
425
357
421
387
380
412
400
373
375
386
358
385
354
396
374
385
384
362
409
415
399
424
443
403
451
433
505
534
527
525
540
587
616
630
605
650
683
676
725
679
649
680
602
678
617
622
586
604
548
539
579
534
543
501
487
460
498
482
469
445
440
481
452
433
420
437
418
459
460
485
427
486
515
498
549
513
484
556
506
595
555
552
563
504
503
530
506
543
457
403
454
454
416
374
385
391
369
338
329
328
301
327
278
264
300
280
247
301
289
290
290
260
244
291
255
273
279
254
261
267
245
265
250
241
257
243
234
267
224
251
266
257
255
245
252
235
284
271
284
287
259
261
257
274
257
245
283
263
257
253
262
279
266
275
286
274
288
264
261
286
276
270
284
281
283
284
333
346
307
330
310
320
342
338
336
338
368
373
407
407
405
459
452
471
489
496
508
568
540
501
538
488
513
519
586
549
533
505
515
493
466
420
412
467
456
366
405
361
374
354
359
362
317
328
318
346
337
317
329
288
313
291
298
274
300
272
296
255
276
267
243
268
267
264
283
271
251
268
249
235
294
280
262
250
253
256
246
273
244
285
278
262
245
300
244
265
282
261
263
258
313
307
286
304
307
299
298
295
292
346
331
329
335
311
306
304
335
331
318
307
310
296
283
265
277
269
280
280
273
264
255
286
248
239
226
230
228
209
247
196
207
203
181
199
182
173
190
165
164
177
171
178
180
142
195
191
159
168
158
150
159
160
155
172
146
145
151
161
145
144
128
129
143
126
116
135
154
169
132
154
130
138
134
145
151
117
119
155
128
123
147
132
146
126
120
162
128
134
138
134
128
148
145
136
155
181
160
159
149
178
195
156
179
181
186
196
172
198
210
204
211
201
209
211
202
251
223
221
211
209
220
229
196
211
218
219
204
217
235
211
184
230
203
225
211
229
228
217
224
225
249
232
262
295
301
323
315
329
398
378
437
444
464
519
546
569
653
651
655
733
762
791
833
848
956
915
904
927
964
954
1007
979
997
913
985
1000
895
898
870
826
813
791
736
666
600
581
558
544
491
448
427
383
392
351
331
315
274
247
223
236
216
182
186
175
183
185
148
155
145
122
143
144
142
129
134
109
124
123
117
112
110
109
93
100
115
112
104
92
101
109
78
96
103
95
90
107
91
82
80
87
99
91
71
85
94
75
84
97
89
79
104
95
108
97
91
94
102
86
100
86
104
106
106
93
95
96
100
103
100
103
95
105
108
98
120
99
112
93
115
87
103
88
71
96
88
104
107
82
106
82
93
73
72
85
84
79
72
76
69
102
74
63
69
77
75
66
77
64
70
71
73
59
68
83
65
59
80
56
61
63
64
68
62
69
44
65
65
63
65
72
58
66
63
60
62
53
57
64
60
64
64
68
65
63
85
56
62
61
77
76
75
75
79
67
77
85
88
82
105
77
92
93
86
107
120
107
99
119
122
116
129
140
136
128
151
139
166
167
140
176
155
167
174
182
187
170
196
198
189
180
196
219
201
195
200
185
201
181
182
177
174
178
142
167
182
150
128
137
120
124
110
131
106
114
114
80
100
85
76
76
65
70
85
63
60
55
63
54
54
55
54
55
65
60
46
60
45
63
42
50
45
61
60
58
62
60
53
68
66
62
58
54
51
59
67
47
59
43
71
58
43
76
53
54
63
60
58
60
49
53
66
60
56
54
45
46
39
40
42
32
41
51
32
38
33
44
39
34
37
35
41
35
39
40
39
46
39
38
43
43
32
37
32
36
34
35
42
43
41
24
38
24
34
41
44
41
33
41
37
34
39
42
39
36
31
27
34
32
33
41
35
33
35
34
40
36
34
39
39
45
32
30
33
38
38
25
28
42
31
32
38
28
34
27
42
34
28
29
27
30
36
39
34
23
28
37
36
42
44
39
29
24
41
30
40
29
30
25
35
25
31
31
27
27
29
29
31
30
31
33
25
36
23
48
33
27
20
24
32
24
30
28
25
26
26
37
30
36
35
40
29
33
29
36
32
34
30
32
38
38
42
34
31
31
32
42
51
43
36
38
48
54
57
46
44
50
61
56
53
44
62
60
60
62
66
52
62
58
45
57
60
49
53
64
52
63
57
45
41
51
46
50
37
58
41
46
54
48
48
39
39
34
47
27
38
32
47
35
45
22
37
46
34
35
42
35
45
38
40
32
40
45
44
48
51
54
48
71
57
58
53
58
39
61
70
64
63
58
64
69
69
63
64
68
52
73
69
49
61
52
67
58
70
51
58
47
60
71
72
44
61
67
48
57
44
39
46
41
48
50
43
40
30
39
32
34
28
43
46
30
51
42
32
34
30
29
28
35
16
23
32
34
20
31
41
35
27
31
29
34
29
39
31
29
36
31
26
34
39
35
40
32
34
43
29
30
29
31
42
33
28
24
43
33
34
30
35
34
35
33
25
35
35
21
38
25
28
27
26
37
31
29
30
27
31
20
29
32
39
25
27
28
24
25
28
22
34
34
24
27
26
27
24
21
18
26
33
24
17
35
30
30
35
24
21
19
28
25
24
26
20
22
13
26
14
18
29
26
12
29
26
22
26
32
22
26
23
21
22
23
18
20
24
22
25
23
19
30
25
24
29
23
21
26
24
26
26
28
29
16
25
23
22
20
20
21
24
27
31
25
33
15
25
22
29
7
21
18
20
14
22
20
24
22
18
9
20
11
15
11
11
12
19
14
15
17
6
14
13
14
16
9
12
8
13
15
10
7
11
13
14
12
17
8
4
8
13
13
10
12
10
10
9
19
11
17
16
8
15
9
18
15
13
17
12
19
15
22
12
24
22
24
30
26
30
21
33
34
32
42
25
42
51
42
36
52
47
57
63
67
71
64
87
70
90
84
77
91
90
95
89
100
98
92
92
94
102
96
102
101
120
98
104
111
97
104
94
83
110
83
95
76
89
79
77
91
71
74
65
73
46
67
38
58
47
41
52
30
24
37
22
23
35
28
28
32
27
28
16
15
9
16
10
15
11
12
13
12
9
11
14
8
10
6
12
12
13
15
13
5
10
15
11
10
8
16
5
8
17
9
7
9
9
7
12
11
7
8
9
10
8
9
8
4
4
10
18
7
6
7
6
9
6
3
9
9
4
12
7
6
9
8
4
6
8
6
9
7
8
13
11
6
8
8
6
8
2
9
7
10
3
3
8
7
9
5
11
14
9
7
8
3
8
6
3
4
9
9
6
4
11
8
8
5
7
7
10
8
10
9
11
7
$ROI:
43
143 193
144 194
424 531
429 529
440 544
440 545
440 549
443 544
443 553
490 516
604 1134
679 1395
690 1434
772 934
800 953
827 855
828 856
840 1946
849 1974
857 2002
872 900
880 1058
887 915
914 1083
1010 1038
1208 1258
1345 1375
1418 1448
2436 2526
3229 3279
3607 3645
6449 6521
6459 6531
6463 6535
6464 6536
6467 6539
6471 6543
6482 6526
6489 6513
6497 6521
12997 13047
12999 13049
13000 13050
