$SPEC_ID:
GAMWIN
$SPEC_REM:


$DETDESC:

$DATE_MEA:
10/16/2025 07:33:48
$MEAS_TIM:
27142.38 28117.28
$MCA_CAL:
3
1.32118272781372E+001 1.29107522964478E+000 0.00000000000000E+000
$DATA:
0 2047
0
0
0
0
0
0
0
0
0
0
0
0
0
0
0
0
0
0
0
0
0
0
0
0
0
0
0
0
0
0
0
0
0
0
0
3037
3179
3196
3415
3628
3941
4035
4190
4385
4593
4743
4962
5340
5843
6514
7156
7320
7518
6992
6456
5831
5424
4958
4937
4823
4849
4602
4348
4185
4113
3728
3475
3154
2923
2679
2644
2464
2518
2424
2387
2435
2456
2353
2313
2361
2375
2305
2328
2349
2416
2327
2455
2474
2445
2440
2470
2575
2429
2448
2360
2344
2328
2404
2401
2397
2350
2428
2404
2256
2337
2323
2281
2278
2278
2224
2189
2219
2101
2159
2100
2054
1990
1949
2035
1979
2061
1992
1979
2118
2184
2190
2252
2249
2256
2273
2436
2313
2259
2227
2172
2108
1953
1972
1921
1908
1857
1997
1865
1825
1878
1882
1868
1869
1957
1865
1836
1776
1853
1773
1753
1812
1819
2032
2062
2276
2409
2722
2939
3336
3457
3804
3804
4090
4071
4073
3862
3587
3219
2956
2610
2311
2020
1880
1628
1592
1470
1333
1303
1360
1279
1343
1263
1288
1274
1354
1373
1393
1339
1291
1345
1341
1344
1336
1367
1409
1521
1474
1654
1600
1716
1787
1887
1845
1933
1874
1810
1705
1666
1580
1441
1341
1266
1220
1092
1057
995
943
988
965
953
910
970
930
968
1062
1085
1093
1128
1185
1220
1311
1321
1452
1556
1592
1558
1694
1828
1976
1999
2012
2151
2093
2127
2107
2040
1944
1841
1703
1472
1368
1322
1179
989
927
834
774
731
686
662
623
577
575
585
572
643
517
552
534
566
528
551
573
542
569
567
579
553
538
526
562
575
573
561
523
541
544
542
542
511
515
503
529
497
482
471
476
489
450
437
424
408
395
455
460
429
419
438
461
436
423
453
468
440
434
465
459
487
487
503
511
471
508
502
460
489
517
456
446
463
441
463
466
436
455
448
427
436
375
413
411
404
392
402
437
404
454
433
446
402
446
470
522
490
510
500
508
527
506
524
516
518
524
453
514
415
447
467
433
409
405
413
367
372
346
354
374
398
338
350
333
330
411
337
340
366
361
374
354
374
375
382
383
409
359
427
414
452
451
511
552
537
518
605
695
691
700
742
767
801
769
785
816
837
823
875
896
862
838
865
876
868
977
932
1022
1032
1032
1075
1068
1080
1026
1013
1012
998
929
895
849
754
750
700
602
611
486
459
451
411
390
338
326
311
293
279
268
275
275
266
280
281
275
276
251
275
276
280
283
282
258
285
277
291
272
308
271
276
280
249
279
269
265
252
272
280
231
253
251
250
279
252
257
265
268
244
263
268
249
287
290
297
258
305
294
290
291
309
268
269
323
301
341
302
272
305
318
309
343
300
317
338
320
288
295
314
336
287
283
293
305
293
287
284
268
287
271
276
297
283
309
283
286
297
287
303
318
306
310
309
308
290
306
328
303
321
324
311
319
319
273
298
280
277
267
289
271
278
269
269
287
269
277
272
266
258
253
256
232
260
248
227
237
237
247
251
226
244
238
255
229
235
241
225
246
246
243
267
245
262
235
231
234
246
239
238
233
259
243
245
254
249
237
242
257
231
286
252
285
265
271
235
273
260
253
253
239
205
274
271
252
253
227
259
248
291
276
292
263
264
306
286
278
328
317
372
380
380
376
368
427
427
404
421
420
428
417
415
426
394
395
395
359
387
383
317
322
300
295
279
305
288
286
288
285
280
260
299
257
280
301
301
286
314
322
328
310
333
299
334
362
357
344
318
342
388
342
379
311
329
343
331
324
315
291
277
273
283
258
253
255
240
213
234
228
194
197
205
207
218
196
186
178
211
175
219
187
179
167
185
175
214
190
177
187
178
184
189
166
173
168
192
187
197
190
164
187
183
179
184
204
166
178
188
166
167
161
185
176
183
176
190
172
180
185
184
185
184
181
168
194
191
182
181
195
196
174
215
174
171
178
189
203
191
195
218
230
199
203
229
197
221
241
233
256
234
240
234
257
286
250
260
270
275
260
255
283
277
295
297
259
274
286
291
291
291
282
275
228
240
278
202
235
208
246
239
204
223
219
205
207
211
234
180
170
187
216
204
192
194
194
190
227
201
201
229
205
190
183
185
188
168
171
229
188
192
213
194
207
200
178
201
200
191
187
208
200
178
193
218
199
234
229
216
205
193
187
200
212
195
194
207
199
204
193
232
208
193
203
181
199
210
214
221
217
181
211
197
197
169
190
202
161
164
207
175
177
149
163
132
134
131
149
138
131
114
125
118
122
105
108
114
108
100
120
100
89
124
112
111
102
94
98
110
105
97
98
109
90
78
97
95
104
88
88
81
85
88
82
103
90
83
88
87
95
89
86
81
83
84
80
79
65
80
97
88
68
63
95
91
82
90
61
89
85
78
88
69
97
84
78
69
82
109
88
93
105
102
101
97
110
114
99
130
114
108
110
99
112
134
123
121
111
107
113
106
102
115
126
107
126
108
140
102
102
124
113
148
138
143
137
145
149
163
165
171
178
187
193
219
213
245
320
295
300
340
357
384
412
462
497
490
540
572
584
645
746
684
775
777
785
862
804
856
865
924
893
890
887
891
861
808
713
806
785
693
704
653
627
600
532
522
483
413
396
368
336
307
278
254
209
211
188
170
165
154
132
126
112
125
113
91
94
78
70
101
77
79
76
80
72
60
63
56
73
54
49
61
62
55
55
56
51
46
54
43
51
48
44
38
51
44
28
48
52
39
50
50
55
37
39
50
45
46
46
44
54
55
50
50
35
50
50
63
68
49
66
69
46
61
67
51
50
53
54
55
58
56
53
59
54
54
48
62
54
58
56
57
65
52
47
48
56
46
46
35
33
49
56
48
41
49
32
45
46
41
34
37
49
27
46
30
49
33
48
39
35
42
41
32
31
31
33
22
41
34
34
41
35
32
43
41
27
38
35
38
18
28
31
41
27
30
43
39
35
32
38
32
35
25
41
33
34
31
38
37
36
46
45
30
36
35
41
42
43
45
37
39
43
36
58
42
64
69
45
62
52
62
47
71
47
68
75
68
61
88
70
70
83
71
83
88
94
114
89
78
80
70
85
87
80
84
90
76
81
82
52
84
69
68
74
60
58
57
51
49
55
41
51
47
41
41
47
44
39
33
28
49
37
35
32
40
23
24
32
17
23
31
21
23
28
31
38
32
17
26
23
36
26
24
24
29
24
35
32
28
30
39
37
30
22
18
22
35
29
27
35
26
33
21
34
26
19
20
33
26
27
28
22
26
29
17
23
23
28
21
14
28
33
26
24
27
19
27
23
19
17
21
13
22
32
23
21
28
33
17
19
16
25
13
25
22
18
22
19
22
21
27
21
21
21
29
17
20
26
22
21
13
13
18
22
15
24
21
23
18
20
19
27
17
19
16
20
28
17
19
24
22
32
22
20
12
15
21
12
18
20
26
20
17
19
19
18
26
18
21
24
17
14
16
14
13
13
22
24
23
22
19
15
19
17
18
21
19
15
22
22
20
16
22
20
17
16
23
19
10
21
18
19
17
17
12
22
14
16
15
12
15
19
19
22
15
16
18
26
13
22
11
24
27
21
17
28
29
15
24
19
29
23
22
18
20
21
25
19
31
31
33
30
41
32
18
30
29
42
28
36
30
37
42
41
38
35
36
43
30
39
43
32
31
33
32
22
27
27
33
28
36
22
25
22
30
27
43
24
29
30
31
21
30
26
28
24
23
21
27
29
17
20
20
25
19
22
32
31
25
21
28
32
39
21
27
25
39
29
40
26
26
31
32
32
38
34
31
24
32
39
30
26
29
31
31
28
39
37
31
33
36
41
36
26
38
27
27
36
30
30
35
30
17
21
22
24
29
21
16
30
29
26
24
26
22
26
32
21
42
20
25
30
22
28
19
12
12
26
25
19
30
13
24
13
21
15
23
22
18
23
20
20
21
17
19
37
17
15
19
23
24
23
23
22
17
30
17
29
32
19
30
14
19
23
22
30
21
21
20
27
16
23
22
25
16
20
19
17
25
23
14
12
27
15
23
20
16
16
21
14
25
19
15
20
17
17
19
17
23
14
21
28
19
19
21
20
19
18
19
18
20
19
22
18
17
14
12
20
12
14
17
15
19
24
16
9
16
11
15
12
14
22
15
19
13
21
13
18
15
13
18
16
11
14
14
8
8
13
17
17
10
14
26
17
18
12
16
14
21
16
11
16
11
18
12
13
19
10
16
12
16
10
17
11
13
7
16
10
11
11
12
10
12
6
7
14
6
10
10
10
7
8
3
14
10
6
6
9
6
7
9
7
6
11
8
8
8
9
2
7
9
9
5
7
14
7
12
11
5
11
12
12
11
9
8
8
8
11
10
8
7
11
11
9
13
9
15
16
9
19
8
13
14
23
20
22
26
17
21
27
25
27
32
23
31
28
34
37
35
40
41
37
42
49
46
51
54
53
50
49
69
47
67
54
68
72
57
61
60
65
60
61
66
66
56
56
57
60
78
53
60
66
55
53
44
42
41
38
34
42
52
32
34
26
19
30
15
26
20
25
23
18
11
13
15
9
12
8
17
14
12
9
9
7
15
14
4
6
11
10
9
9
5
5
4
9
6
4
5
5
2
4
9
9
11
4
3
7
7
4
6
9
6
7
5
4
7
2
1
5
7
4
6
5
4
10
8
1
3
6
5
7
4
6
9
3
12
6
3
5
5
5
13
8
7
7
4
4
3
9
4
5
3
4
4
1
4
2
7
8
4
12
9
7
5
10
3
8
8
2
3
3
4
10
4
5
3
12
6
3
5
4
6
8
6
6
6
4
3
7
$ROI:
43
143 193
144 194
424 531
429 529
440 544
440 545
440 549
443 544
443 553
490 516
604 1134
679 1395
690 1434
772 934
800 953
827 855
828 856
840 1946
849 1974
857 2002
872 900
880 1058
887 915
914 1083
1010 1038
1208 1258
1345 1375
1418 1448
2436 2526
3229 3279
3607 3645
6449 6521
6459 6531
6463 6535
6464 6536
6467 6539
6471 6543
6482 6526
6489 6513
6497 6521
12997 13047
12999 13049
13000 13050
