$SPEC_ID:
GAMWIN
$SPEC_REM:


$DETDESC:

$DATE_MEA:
09/29/2025 16:11:27
$MEAS_TIM:
56210.36 56675.40
$MCA_CAL:
3
1.32118272781372E+001 1.29107522964478E+000 0.00000000000000E+000
$DATA:
0 2047
0
0
0
0
0
0
0
0
0
0
0
0
0
0
0
0
0
0
0
0
0
0
0
0
0
0
0
0
0
0
0
0
0
0
0
878
848
855
885
921
963
1006
1060
1138
1102
1194
1230
1312
1508
1687
1921
2050
1995
2001
1925
1763
1597
1459
1372
1358
1276
1302
1242
1174
1140
1062
925
845
816
741
712
629
629
640
649
598
564
616
571
625
591
574
616
595
541
602
612
613
602
615
603
638
628
603
575
639
663
613
613
547
576
595
613
585
563
541
532
588
573
577
542
590
597
609
518
527
525
548
554
523
563
535
560
552
602
576
607
599
569
609
595
680
627
596
603
607
583
586
526
549
546
524
524
528
559
519
541
540
550
553
541
567
530
525
519
516
568
531
623
581
687
735
841
907
971
1001
1081
1181
1122
1193
1184
1061
1033
938
852
756
662
577
567
481
529
466
407
402
444
452
422
458
389
442
446
439
473
440
452
434
458
417
440
449
474
445
484
503
519
557
568
568
592
567
548
551
512
496
526
457
429
421
363
338
348
343
337
321
328
308
356
327
329
327
333
342
358
413
373
433
380
466
445
465
487
531
493
568
545
612
633
616
602
625
655
629
575
573
561
461
455
460
381
367
329
270
284
263
248
238
253
234
255
256
232
227
234
220
218
203
204
223
233
184
195
203
212
212
226
217
209
203
199
238
220
188
194
228
239
194
178
185
193
199
199
215
200
197
180
168
196
165
169
158
179
181
184
197
181
168
181
198
179
180
210
180
201
218
175
202
181
201
190
181
189
188
189
196
197
189
165
182
197
178
181
178
155
173
183
180
171
174
175
163
166
193
199
195
180
218
190
221
242
255
253
261
257
250
230
252
251
264
248
238
206
225
197
191
188
166
204
164
169
158
157
155
144
145
156
134
157
135
133
133
145
135
153
155
154
131
149
150
137
163
147
134
164
159
159
198
197
182
243
190
214
247
237
238
253
207
264
259
262
288
259
294
278
312
291
256
245
285
277
290
298
264
325
305
299
286
317
332
319
304
314
298
305
270
253
218
208
194
173
161
166
159
176
120
137
140
127
125
133
130
137
137
152
114
137
134
135
162
133
153
149
151
144
134
147
160
134
144
161
145
149
137
137
144
136
116
131
127
121
109
119
113
99
112
128
100
123
100
92
132
108
82
106
113
99
126
130
107
114
106
96
129
114
124
125
120
133
136
128
132
139
124
125
115
134
145
128
126
130
116
120
101
126
120
130
119
105
119
123
122
121
121
140
118
115
120
108
130
110
129
140
121
110
138
107
133
132
132
145
117
124
124
105
131
127
129
137
132
109
108
117
115
102
116
86
104
138
120
113
113
108
118
102
125
101
113
113
84
113
86
87
92
104
104
98
113
86
111
114
122
117
110
115
96
105
123
112
117
96
104
126
107
109
92
120
125
110
128
134
154
141
148
125
140
138
152
143
133
138
141
144
152
139
160
138
129
130
121
123
111
130
120
146
139
122
124
126
139
149
144
132
143
134
140
158
150
175
150
145
158
144
146
143
151
121
157
126
124
139
140
127
113
120
132
139
131
99
127
113
135
113
122
120
117
116
118
102
138
114
128
130
130
141
129
122
146
121
154
147
119
131
126
133
116
120
133
101
120
123
111
105
113
104
118
111
110
89
104
96
90
82
92
90
101
80
83
85
97
61
74
83
85
98
77
93
74
75
68
86
89
72
83
76
95
70
67
79
81
78
82
90
83
92
78
81
83
90
64
66
64
109
85
91
92
80
93
82
72
88
93
79
86
97
84
97
75
94
71
70
86
97
81
79
86
89
99
77
87
81
88
79
85
89
105
86
68
87
102
88
96
105
104
93
93
125
104
93
95
117
125
114
108
104
114
95
121
94
104
119
111
117
104
93
97
104
89
102
96
96
100
90
100
77
80
87
91
86
72
97
81
94
92
82
103
73
97
95
107
76
84
68
98
79
91
105
93
90
85
94
101
91
89
107
68
71
84
81
89
95
87
94
86
75
83
71
95
84
87
78
96
77
100
87
75
86
86
98
77
93
96
88
93
92
75
86
90
100
67
76
82
90
74
66
82
81
63
84
73
68
81
69
53
76
59
59
69
49
70
51
51
76
47
54
62
43
38
71
62
44
43
58
71
60
49
46
50
48
50
43
49
39
48
43
43
36
60
40
46
35
29
43
47
41
49
42
50
36
42
52
61
47
40
30
47
32
45
53
46
37
42
53
44
62
46
59
46
41
43
54
38
40
50
51
46
40
39
46
47
56
42
52
40
50
54
65
46
46
50
41
46
48
52
51
44
53
46
57
67
50
51
57
55
43
68
63
54
53
57
58
63
59
69
60
55
56
69
69
68
68
75
82
76
83
78
105
91
106
113
106
134
146
165
164
163
170
198
185
229
248
258
267
269
304
305
341
333
341
363
366
360
343
348
355
315
367
355
344
343
325
322
304
272
277
250
246
249
196
201
204
182
165
164
135
127
121
91
92
79
83
69
66
62
54
52
76
66
42
54
42
50
46
41
37
27
36
27
32
35
31
28
32
36
28
22
31
23
30
34
38
26
30
23
21
30
31
32
22
34
24
27
24
22
34
27
28
24
19
21
18
15
24
26
25
29
24
26
28
18
30
27
29
30
29
33
23
17
34
24
29
34
13
30
16
28
23
27
20
21
11
16
21
19
16
18
22
24
21
26
32
17
16
31
22
24
21
22
23
12
26
12
28
18
22
24
26
17
9
17
13
23
17
24
20
28
15
11
16
22
17
24
16
18
22
20
19
22
19
20
18
23
13
14
12
20
13
10
16
16
18
13
18
13
24
14
19
19
16
17
21
21
20
27
25
17
21
14
29
11
21
18
23
26
21
15
15
18
16
21
18
26
30
29
22
24
25
26
20
24
24
29
22
24
49
27
30
28
38
28
26
44
30
32
30
29
29
32
27
27
21
24
24
29
25
27
14
27
23
21
24
32
28
19
30
14
20
18
17
13
17
16
12
24
27
21
17
18
14
16
20
10
18
15
14
20
12
9
14
18
11
15
17
13
16
16
12
11
18
12
17
11
12
12
9
12
13
16
20
9
20
11
11
17
14
16
15
10
24
9
15
13
13
9
15
12
15
11
14
14
18
11
10
13
11
22
10
12
9
15
12
8
13
15
15
8
11
17
5
11
11
8
12
18
6
7
10
8
8
8
10
9
10
11
15
12
7
9
9
5
10
10
11
11
12
11
18
16
8
13
8
9
10
13
11
7
7
7
12
11
9
15
10
9
7
13
14
8
9
9
10
14
17
11
11
5
10
11
25
10
10
15
16
9
14
10
13
13
15
7
5
15
8
8
12
16
13
11
8
15
12
8
10
13
9
11
9
15
17
4
10
11
15
15
11
7
14
10
12
8
13
12
10
10
8
9
10
6
13
8
13
6
8
13
6
9
11
17
16
13
14
13
9
9
9
15
5
12
11
12
13
16
12
13
13
7
12
12
18
9
17
11
11
13
16
14
15
12
23
23
14
12
19
8
12
14
15
16
23
17
16
13
16
11
16
21
20
26
17
17
15
15
16
17
16
16
17
18
14
7
18
9
19
12
13
17
18
8
11
13
15
19
8
19
16
17
18
17
17
15
17
16
17
14
15
15
22
17
23
19
14
17
10
19
16
12
17
11
17
20
14
6
18
13
20
19
15
20
21
14
8
18
18
12
14
13
19
14
13
12
9
14
17
6
13
13
12
14
7
18
8
8
8
16
15
8
16
14
15
22
7
7
12
13
14
12
9
9
11
14
17
12
12
14
14
11
15
11
14
7
13
13
6
14
18
10
19
18
18
10
15
18
12
8
10
13
12
8
9
14
13
15
13
12
8
18
10
6
11
14
12
15
14
20
9
13
6
16
11
11
14
15
13
4
13
14
4
13
13
5
12
14
20
9
9
2
16
11
8
8
17
6
18
11
11
11
16
15
13
5
9
8
12
9
17
11
14
11
6
11
10
9
9
13
13
7
9
14
10
5
12
8
8
12
7
7
10
3
17
9
6
11
8
10
14
11
12
16
12
6
11
10
6
15
14
11
19
7
11
10
13
14
14
12
12
5
5
3
10
8
12
5
8
8
8
7
5
13
8
14
8
9
4
8
8
8
4
8
7
10
8
9
7
9
6
6
13
10
8
14
4
6
6
9
6
4
11
10
12
5
10
11
9
9
10
7
14
8
12
9
7
12
7
8
9
16
14
5
8
11
10
11
8
8
12
13
11
10
9
11
13
11
9
18
14
15
14
19
13
15
27
9
15
22
15
21
13
20
17
22
25
25
28
23
18
17
24
25
26
21
23
24
21
25
34
24
35
25
25
24
36
24
29
21
28
19
29
19
16
22
21
14
23
14
30
20
22
26
14
16
16
16
19
21
13
7
8
6
9
12
6
14
9
10
7
11
4
9
8
11
7
11
7
10
13
8
8
9
8
9
5
6
7
12
10
12
4
10
10
5
8
7
10
7
7
4
5
2
7
9
11
8
7
10
11
6
4
7
9
11
8
10
8
12
4
7
8
7
10
5
14
10
10
9
6
9
9
4
6
5
15
6
12
9
5
10
7
10
11
9
10
9
7
6
11
12
8
10
5
10
5
5
7
8
8
10
6
9
8
9
8
5
9
9
6
8
5
9
5
5
$ROI:
43
143 193
144 194
424 531
429 529
440 544
440 545
440 549
443 544
443 553
490 516
604 1134
679 1395
690 1434
772 934
800 953
827 855
828 856
840 1946
849 1974
857 2002
872 900
880 1058
887 915
914 1083
1010 1038
1208 1258
1345 1375
1418 1448
2436 2526
3229 3279
3607 3645
6449 6521
6459 6531
6463 6535
6464 6536
6467 6539
6471 6543
6482 6526
6489 6513
6497 6521
12997 13047
12999 13049
13000 13050
