$SPEC_ID:
GAMWIN
$SPEC_REM:


$DETDESC:

$DATE_MEA:
08/28/2025 14:46:11
$MEAS_TIM:
58491.85 62018.29
$MCA_CAL:
3
1.32118272781372E+001 1.29107522964478E+000 0.00000000000000E+000
$DATA:
0 2047
0
0
0
0
0
0
0
0
0
0
0
0
0
0
0
0
0
0
0
0
0
0
0
0
0
0
0
0
0
0
0
0
0
0
0
10885
11282
12072
12645
13390
14440
15518
16227
16528
17183
17867
18797
20262
22376
25231
27683
29088
30287
29139
26969
24525
22188
20614
19492
18868
18585
18318
17788
17092
15750
14880
13308
12108
11308
10527
9701
9593
9272
9197
8833
8833
8774
8766
8273
8560
8190
8375
8264
8282
8437
8489
8560
8882
8896
9039
9102
9180
9204
9195
8807
8711
8752
8747
8563
8572
8623
8693
8545
8531
8543
8504
8402
8345
8312
8299
8244
7989
7925
7842
7650
7658
7487
7401
7360
7106
7440
7407
7260
7480
7571
7716
7808
8230
8445
8444
8531
8419
8441
8332
7969
7797
7643
7242
7342
7247
6996
7066
7155
6925
7182
7291
7269
7259
7202
7316
7042
6925
6729
6876
6889
6804
6788
7241
7625
8209
8968
9880
10841
12016
13126
14489
15807
16616
17027
17462
17099
16514
15128
13974
12310
11242
9754
8546
7571
6707
6124
5595
5341
5084
5052
4920
4920
4949
4967
4977
5066
4997
5072
5141
4969
5078
5113
5096
5027
5132
5284
5232
5342
5653
5977
6159
6387
6674
6788
6991
6943
6896
6622
6388
5906
5715
5288
4894
4522
4205
4005
3795
3660
3459
3499
3424
3439
3503
3541
3593
3822
3981
4097
4324
4394
4744
4849
5167
5496
5619
5968
6241
6449
6700
7120
7349
7440
7538
7676
7812
7826
7591
7561
7281
6897
6311
5597
5201
4596
4116
3616
3450
3123
2830
2623
2440
2405
2193
2196
2142
2127
2124
2108
2087
2041
2160
2058
2108
2097
2128
2077
2121
2099
2087
2019
2092
2076
2087
2130
2062
2116
2105
2062
2007
2017
2010
1934
1988
1996
1932
1821
1764
1832
1772
1745
1715
1699
1686
1656
1689
1647
1691
1617
1616
1681
1662
1610
1668
1600
1663
1720
1688
1679
1860
1870
1870
1863
1796
1890
1879
1948
1957
1895
1817
1926
1810
1800
1832
1663
1685
1652
1598
1590
1534
1591
1564
1548
1534
1494
1503
1467
1531
1430
1600
1545
1629
1673
1705
1800
1801
1846
1888
1931
2016
2088
2031
1947
2076
2072
1969
2025
1894
1864
1806
1689
1658
1607
1521
1439
1449
1418
1357
1387
1349
1323
1346
1345
1295
1284
1289
1311
1349
1317
1350
1321
1332
1413
1430
1409
1409
1459
1448
1576
1670
1656
1761
1854
1988
2145
2236
2435
2598
2724
2829
2915
3031
3247
3331
3471
3377
3552
3536
3507
3528
3482
3427
3564
3443
3624
3428
3524
3587
3583
3619
3749
3910
3920
3817
3791
3715
3638
3544
3504
3280
3048
2997
2767
2454
2321
2143
1929
1769
1726
1587
1463
1297
1293
1192
1182
1166
1121
1111
1059
1049
1071
954
1052
954
1043
1017
1029
1073
1039
1050
1048
1055
978
1047
999
1027
1015
1004
1042
1048
1009
1026
1018
975
1020
996
997
957
979
1008
997
947
947
1003
941
1012
1010
986
1040
998
1029
994
1014
1082
1010
1118
1110
1088
1080
1112
1178
1131
1212
1242
1206
1263
1204
1245
1287
1321
1268
1292
1230
1253
1213
1165
1260
1205
1207
1141
1076
1172
1145
1081
1045
1076
1085
1027
1073
1062
1054
1143
1136
1070
1083
1133
1148
1092
1184
1199
1181
1210
1161
1158
1217
1134
1150
1197
1192
1197
1200
1185
1127
1090
1110
1155
1110
1111
1107
1107
1044
1098
1055
1024
1017
993
971
1002
933
944
930
902
861
889
939
878
800
897
790
822
786
836
833
863
827
883
847
818
890
907
922
924
899
906
944
922
876
905
921
918
923
972
959
974
1001
982
902
985
952
974
998
959
944
959
985
901
943
956
916
915
879
872
917
909
939
942
950
996
1036
1063
1083
1110
1146
1255
1235
1333
1307
1478
1475
1495
1596
1630
1761
1724
1732
1733
1772
1740
1680
1695
1656
1638
1615
1562
1482
1454
1486
1377
1291
1254
1163
1127
1108
1141
1088
1073
1039
1015
991
1016
1047
1117
1134
1102
1161
1193
1204
1237
1208
1246
1343
1382
1407
1381
1442
1400
1376
1392
1417
1397
1305
1317
1345
1336
1301
1274
1179
1182
1103
1011
998
1002
938
889
905
794
794
768
787
762
731
712
692
701
671
628
668
661
664
634
627
631
635
636
599
587
631
642
596
605
609
595
592
624
593
622
590
626
626
622
587
654
617
668
616
646
667
681
586
652
648
665
629
684
635
668
703
690
612
640
638
687
669
674
690
662
660
678
708
689
749
655
712
769
696
740
720
763
746
760
789
735
780
776
825
821
858
845
888
945
922
994
931
994
1011
1005
1010
1033
1025
1047
996
1033
983
1012
996
967
914
975
961
893
995
894
945
851
893
782
813
843
784
746
760
743
734
718
758
755
737
734
692
723
687
712
726
698
714
718
723
682
728
669
675
725
715
698
706
675
687
662
653
658
701
656
633
662
665
706
684
684
668
658
700
706
711
637
684
734
647
743
655
744
725
764
706
714
715
762
684
724
726
697
695
692
714
685
726
692
723
704
707
673
656
670
650
637
652
668
588
583
581
580
557
571
526
522
541
485
481
512
472
467
460
465
453
460
425
416
387
385
402
378
396
396
392
374
366
357
365
384
333
337
360
355
366
345
340
338
343
327
333
302
310
276
331
325
305
326
326
321
297
280
289
329
266
282
296
268
267
302
303
287
267
304
324
288
273
253
305
290
286
318
328
311
297
327
294
341
322
307
371
349
347
352
364
372
367
386
383
388
350
367
347
392
391
390
419
330
408
407
369
411
381
388
411
422
408
412
369
456
454
473
449
487
421
452
473
486
551
567
559
584
650
652
612
733
733
797
874
958
1032
1113
1225
1282
1446
1570
1529
1782
1885
1978
2131
2165
2354
2429
2596
2697
2758
2787
2920
2968
3047
3139
3026
3130
3098
3083
3031
2926
2822
2769
2795
2607
2448
2300
2208
2190
2029
1771
1732
1639
1446
1368
1256
1117
1016
927
862
816
700
660
648
571
563
509
477
412
411
368
359
328
333
323
291
271
256
236
269
244
241
215
210
247
243
201
189
184
198
202
165
179
170
169
182
158
160
177
182
170
169
170
170
180
167
181
188
180
183
165
173
180
177
165
202
185
206
193
224
218
231
236
232
224
215
230
235
248
257
218
245
235
240
258
264
234
238
229
228
225
221
226
219
199
223
220
222
238
240
228
219
214
192
200
201
190
194
196
189
188
194
176
193
159
186
177
161
142
148
151
167
143
142
171
125
137
167
176
151
144
122
132
135
120
143
122
126
138
116
122
110
142
101
125
135
135
123
115
104
105
135
128
105
140
121
127
124
135
142
113
134
111
128
114
151
136
133
145
141
164
148
144
155
151
153
168
176
156
193
191
243
202
207
203
201
228
219
201
223
261
258
235
245
237
240
284
263
275
286
264
292
335
294
283
280
358
307
343
310
313
304
322
305
292
282
303
281
276
272
275
267
270
212
213
213
231
204
190
206
207
157
142
130
146
120
144
125
125
112
123
122
101
116
110
123
109
101
102
109
95
110
109
110
100
112
118
112
113
119
124
114
117
113
113
105
115
110
123
121
120
102
119
96
122
115
128
99
114
103
120
108
112
93
100
103
99
101
93
87
88
102
86
105
103
94
98
89
93
95
91
100
88
86
91
88
93
86
97
67
90
73
86
102
82
83
82
99
78
71
91
84
99
84
91
72
68
73
68
80
64
86
82
76
77
67
91
77
80
74
65
80
84
89
84
78
82
77
69
86
73
67
80
81
73
86
67
61
73
81
88
73
67
72
71
73
85
62
59
85
74
79
81
72
77
76
64
80
74
70
74
74
60
66
64
67
71
77
72
64
71
70
74
65
80
71
81
68
54
67
56
74
76
60
55
64
77
71
75
77
65
62
88
68
83
72
65
75
82
82
61
90
61
73
83
64
85
78
73
86
81
83
87
91
66
82
86
99
96
88
81
94
126
107
104
98
100
109
104
117
115
102
127
140
122
142
141
147
145
148
147
148
157
145
127
171
129
152
140
178
148
150
150
139
129
133
126
142
121
130
142
106
128
95
102
111
103
116
120
84
96
104
112
92
95
83
90
92
89
92
94
85
95
103
113
111
101
95
100
107
95
102
109
103
115
115
117
107
121
131
119
123
128
120
125
144
99
131
123
131
137
129
130
112
129
128
132
134
131
132
124
118
120
100
123
121
137
118
111
102
126
124
110
111
106
89
105
94
108
80
90
74
91
91
93
87
93
94
85
68
70
81
89
84
97
88
88
94
108
84
108
74
71
84
97
85
93
92
76
89
94
80
83
81
109
94
79
94
81
87
90
90
92
70
95
82
72
88
88
95
89
81
78
92
78
71
100
86
84
76
84
82
69
79
78
79
82
91
98
78
96
75
80
78
73
66
81
79
85
75
85
86
75
77
87
78
91
78
90
72
79
73
86
62
96
70
72
74
67
70
59
66
56
67
77
62
64
66
48
57
53
63
65
60
63
66
49
68
48
58
49
55
59
62
61
52
47
49
55
55
60
64
51
55
60
54
51
63
51
55
49
59
47
75
55
56
51
61
45
59
59
51
51
56
60
49
46
53
45
49
47
46
58
39
49
45
32
43
39
38
55
32
27
42
43
41
38
35
37
46
31
26
28
42
29
35
30
31
30
36
34
35
24
33
35
35
36
30
39
32
31
36
27
30
28
31
33
40
35
34
48
26
35
35
32
34
39
31
33
45
39
40
41
37
48
46
64
46
51
56
62
67
73
66
82
80
95
90
88
92
114
103
111
122
120
141
157
133
164
159
158
191
217
186
218
219
202
258
277
254
270
271
281
295
288
278
318
305
312
303
289
318
296
279
297
317
276
265
287
288
241
254
247
213
230
228
194
195
193
160
158
159
139
128
159
125
118
117
106
98
72
77
76
71
78
55
54
51
42
49
50
42
42
37
29
41
38
33
28
33
34
30
27
30
31
23
29
32
16
22
23
34
31
28
20
24
26
25
30
20
13
30
19
21
23
23
18
17
29
15
19
22
28
23
16
14
17
25
20
17
23
25
20
18
27
18
14
20
16
17
24
17
20
20
19
14
15
28
19
19
24
15
16
22
11
24
17
13
20
10
14
24
22
23
23
26
21
26
16
17
21
16
13
19
24
19
15
12
17
$ROI:
43
143 193
144 194
424 531
429 529
440 544
440 545
440 549
443 544
443 553
490 516
604 1134
679 1395
690 1434
772 934
800 953
827 855
828 856
840 1946
849 1974
857 2002
872 900
880 1058
887 915
914 1083
1010 1038
1208 1258
1345 1375
1418 1448
2436 2526
3229 3279
3607 3645
6449 6521
6459 6531
6463 6535
6464 6536
6467 6539
6471 6543
6482 6526
6489 6513
6497 6521
12997 13047
12999 13049
13000 13050
