$SPEC_ID:
GAMWIN
$SPEC_REM:


$DETDESC:

$DATE_MEA:
08/28/2025 06:25:27
$MEAS_TIM:
29709.86 29903.78
$MCA_CAL:
3
1.32118272781372E+001 1.29107522964478E+000 0.00000000000000E+000
$DATA:
0 2047
0
0
0
0
0
0
0
0
0
0
0
0
0
0
0
0
0
0
0
0
0
0
0
0
0
0
0
0
0
0
0
0
0
0
0
345
329
359
365
389
381
432
442
471
463
431
476
523
581
643
733
787
825
815
717
704
632
633
544
582
537
543
517
518
474
467
402
332
338
326
269
289
288
253
250
260
266
265
254
225
234
239
255
234
245
231
243
231
259
242
245
226
224
238
243
216
231
219
247
243
230
247
251
247
225
250
234
253
207
235
213
222
235
232
212
227
216
222
266
195
232
191
207
228
238
260
255
271
235
265
265
280
249
269
269
238
227
245
235
225
218
220
237
229
215
227
228
260
229
207
233
235
235
234
240
214
218
239
229
226
259
263
252
317
322
336
405
465
480
475
477
478
412
396
379
346
339
269
256
240
202
205
210
187
150
206
161
178
219
212
192
202
215
207
196
198
203
170
162
190
182
172
181
199
198
215
209
211
201
222
221
249
227
233
235
217
165
193
190
163
148
166
177
153
125
138
126
128
139
137
141
166
127
164
147
170
152
168
194
203
188
193
198
209
213
208
203
252
245
226
237
233
243
213
206
205
204
173
170
156
169
144
127
123
110
106
103
112
117
99
99
104
93
77
109
85
102
95
79
109
92
90
86
99
107
103
113
97
102
115
93
74
93
85
80
101
70
114
86
78
89
80
78
86
103
98
79
63
81
81
73
74
79
83
79
57
70
88
81
88
82
83
75
71
65
65
82
101
100
82
99
82
86
90
87
103
83
85
89
84
82
66
81
70
83
76
78
82
71
76
91
82
95
85
95
92
82
69
86
89
90
92
106
108
104
111
99
127
113
126
124
101
99
110
108
100
102
82
101
82
79
76
82
74
58
78
60
70
59
67
68
69
76
67
74
66
66
65
55
59
65
62
80
74
67
60
60
70
82
68
79
102
67
91
71
90
91
103
125
126
123
127
106
99
101
115
114
119
114
108
116
118
106
122
127
116
119
110
136
118
130
121
109
114
91
121
102
110
102
71
94
73
86
54
72
70
54
74
60
61
56
48
68
50
42
49
52
53
49
49
44
56
53
52
60
61
52
61
56
51
53
66
66
60
44
51
63
53
61
53
43
49
52
57
50
53
40
41
48
43
65
47
51
55
35
45
52
47
50
59
46
53
51
46
54
41
54
49
59
61
45
42
57
61
46
59
46
55
56
57
54
56
51
45
59
54
47
56
52
47
60
38
54
42
44
47
60
56
56
56
52
47
50
70
41
50
49
43
60
61
38
63
61
52
59
68
50
51
47
53
61
61
63
51
48
56
35
53
53
51
49
45
41
46
47
50
57
43
48
45
45
49
38
58
53
40
37
49
51
51
64
49
35
44
42
40
45
53
48
62
55
49
54
52
54
58
33
44
46
45
59
62
56
68
52
56
66
71
74
58
75
70
70
59
72
59
70
66
71
50
53
44
63
68
55
54
54
45
50
46
61
39
50
72
60
63
61
70
66
69
57
60
60
63
64
58
65
65
64
58
43
61
50
54
59
62
38
59
48
50
43
52
46
54
60
51
53
51
55
61
54
48
39
64
49
43
58
52
65
53
42
58
62
56
53
54
58
54
38
52
43
47
57
58
50
49
57
48
41
37
41
51
36
42
28
42
28
37
33
45
26
34
28
35
35
43
41
27
40
39
25
34
46
27
35
31
25
33
26
31
32
39
33
24
21
36
41
30
31
34
34
42
29
34
26
39
28
30
42
34
41
36
46
34
33
37
37
35
31
33
31
37
30
35
48
34
31
34
32
41
30
35
37
43
31
43
33
47
44
49
38
45
42
32
44
35
37
47
45
46
49
44
49
55
48
57
41
51
51
45
44
37
43
48
48
42
43
38
44
31
36
33
33
43
50
30
36
51
46
32
28
49
52
40
48
38
43
29
31
33
42
35
37
39
27
34
36
42
36
30
32
32
46
35
41
37
43
44
33
36
33
24
31
32
37
44
44
41
31
32
36
39
31
32
35
29
30
27
26
44
32
37
31
31
41
34
43
43
42
32
45
32
29
44
41
21
34
37
34
21
37
27
32
28
31
36
22
37
42
21
29
24
39
28
33
39
25
25
27
26
28
13
30
25
23
35
27
26
19
23
28
24
21
23
10
22
22
29
25
17
31
21
18
31
18
23
17
18
25
21
12
21
22
16
22
14
23
20
15
19
17
18
19
25
13
19
23
18
27
20
20
18
21
14
20
32
22
20
18
20
20
19
20
18
27
14
23
24
16
24
21
30
19
22
16
26
27
19
24
23
23
22
22
22
22
27
37
21
19
34
23
18
28
28
27
32
21
23
31
31
32
23
23
29
25
31
32
36
33
36
34
44
39
47
49
51
50
63
58
69
55
70
75
79
95
89
90
111
92
109
109
128
139
122
142
138
141
122
174
161
140
123
140
132
150
130
137
123
143
140
88
105
90
90
89
74
80
56
65
62
51
50
48
40
42
36
43
26
27
22
20
26
29
26
25
15
17
27
25
20
17
16
22
18
17
15
21
12
13
14
14
12
12
16
16
13
12
10
18
19
8
13
13
8
19
12
12
13
12
10
6
19
12
13
14
11
9
9
10
8
11
3
12
10
12
10
9
12
13
10
9
10
10
8
13
7
8
5
10
11
6
10
11
13
21
13
17
8
12
9
18
14
11
14
10
11
8
10
7
7
7
14
8
8
5
5
10
8
12
13
3
5
8
9
11
6
10
12
6
6
8
5
4
13
8
9
6
12
6
6
9
9
15
11
12
14
8
8
7
7
10
7
13
4
7
7
8
7
6
10
6
8
6
7
5
4
12
9
9
5
10
5
12
8
15
12
14
13
8
10
12
9
7
12
12
7
16
8
10
11
9
5
9
12
12
11
11
15
7
9
10
13
11
17
15
10
8
16
6
10
10
13
16
10
8
11
16
13
5
16
11
10
8
6
11
12
12
15
11
15
11
10
5
7
7
9
5
6
8
8
12
10
6
5
8
11
11
10
9
10
3
6
10
8
7
6
9
11
4
6
7
7
5
6
2
7
5
14
7
7
2
13
5
3
3
9
5
10
6
5
8
5
6
4
7
7
7
6
7
7
7
12
7
3
7
11
10
3
3
4
7
5
11
3
6
6
5
6
10
2
2
7
7
4
7
5
7
6
3
5
8
8
3
3
6
1
5
2
2
6
2
5
4
3
2
2
3
4
7
7
3
2
6
6
6
8
11
5
1
8
3
12
7
3
5
4
3
7
4
4
6
5
7
4
8
4
4
8
5
7
5
6
6
7
2
4
4
6
6
5
3
3
4
7
6
3
7
6
4
3
7
8
6
5
4
9
5
5
8
7
2
4
8
6
6
1
7
7
8
6
4
6
9
4
3
7
3
4
4
7
6
1
5
7
6
4
6
7
3
7
1
5
6
4
4
4
7
2
1
5
4
7
2
6
3
10
7
6
9
11
3
2
8
6
7
6
4
6
2
4
5
0
7
9
7
4
9
6
4
12
7
9
8
9
12
7
9
10
6
9
10
8
9
10
11
4
6
8
14
6
4
8
6
7
5
8
6
5
6
4
6
12
4
10
4
6
5
7
7
9
6
5
7
5
6
11
5
3
2
3
12
7
10
4
6
7
7
4
4
11
2
6
6
12
4
10
3
10
4
5
6
5
6
3
2
10
13
12
6
3
8
7
7
9
8
4
7
10
4
6
9
9
6
7
8
2
2
8
4
9
6
9
5
8
10
9
8
5
7
7
8
4
10
7
6
5
3
8
8
3
6
6
6
7
4
6
4
6
2
6
4
7
6
4
9
5
2
3
5
4
3
3
3
5
8
2
3
9
5
7
5
7
6
5
6
8
7
5
4
4
5
3
5
6
2
3
5
6
5
7
9
7
4
3
8
3
6
7
2
11
8
3
4
9
8
2
3
4
1
9
5
2
2
7
6
7
5
3
2
7
4
4
7
3
8
6
2
5
3
4
6
5
8
8
5
3
6
4
7
4
8
6
5
6
3
2
6
8
3
7
6
2
6
7
6
5
5
6
1
5
4
5
4
7
2
3
4
4
6
8
5
4
3
5
3
5
2
2
5
6
5
5
6
9
7
5
4
5
7
8
1
6
8
4
1
4
7
3
7
7
6
6
3
6
11
5
5
7
4
3
8
4
4
5
6
2
8
5
3
5
6
6
3
1
4
3
6
7
5
7
6
9
5
2
4
7
2
2
1
3
4
2
5
6
4
6
3
2
5
6
7
6
7
4
6
8
8
11
6
6
6
11
7
8
10
7
6
12
9
11
8
11
8
11
7
15
10
5
15
17
17
9
9
11
12
5
8
14
10
15
11
7
12
8
17
5
13
11
6
8
6
14
7
10
8
6
8
5
8
8
3
6
5
9
9
11
10
4
6
4
5
10
7
6
4
2
4
4
6
7
7
2
4
1
4
2
5
5
4
2
5
0
5
7
3
1
6
8
4
5
4
4
4
8
2
7
4
2
3
3
2
5
2
3
5
7
3
6
3
2
4
8
9
2
7
4
1
10
3
5
5
3
2
4
6
2
5
4
6
5
5
3
6
3
10
6
3
1
2
5
3
8
8
5
8
4
2
1
1
3
7
4
4
3
7
2
4
6
$ROI:
43
143 193
144 194
424 531
429 529
440 544
440 545
440 549
443 544
443 553
490 516
604 1134
679 1395
690 1434
772 934
800 953
827 855
828 856
840 1946
849 1974
857 2002
872 900
880 1058
887 915
914 1083
1010 1038
1208 1258
1345 1375
1418 1448
2436 2526
3229 3279
3607 3645
6449 6521
6459 6531
6463 6535
6464 6536
6467 6539
6471 6543
6482 6526
6489 6513
6497 6521
12997 13047
12999 13049
13000 13050
