$SPEC_ID:
GAMWIN
$SPEC_REM:


$DETDESC:

$DATE_MEA:
10/08/2025 07:07:15
$MEAS_TIM:
28999.13 29517.18
$MCA_CAL:
3
1.32118272781372E+001 1.29107522964478E+000 0.00000000000000E+000
$DATA:
0 2047
0
0
0
0
0
0
0
0
0
0
0
0
0
0
0
0
0
0
0
0
0
0
0
0
0
0
0
0
0
0
0
0
0
0
0
1463
1585
1598
1709
1827
1902
2045
2218
2278
2312
2415
2567
2834
3137
3576
3940
4026
4181
3926
3661
3274
2838
2739
2581
2468
2537
2496
2372
2341
2071
1996
1733
1583
1465
1379
1289
1242
1155
1155
1166
1117
1167
1116
1060
1088
1077
1087
1060
1142
1143
1173
1107
1121
1205
1196
1137
1222
1177
1178
1205
1187
1067
1120
1125
1158
1164
1136
1128
1188
1136
1132
1224
1152
1064
1152
1051
1140
1022
1119
968
1005
1002
1005
976
984
1025
1080
1055
1063
1069
1126
1158
1103
1189
1161
1216
1194
1173
1135
1116
1064
985
1015
962
991
925
946
989
993
992
981
983
1025
981
967
952
892
971
911
933
906
983
1017
1029
1150
1210
1362
1519
1723
1854
2101
2130
2209
2181
2230
2282
2121
1925
1730
1462
1344
1211
1027
941
872
809
707
692
676
631
719
680
749
670
661
700
729
673
770
759
688
753
783
753
772
779
766
811
872
957
1000
955
1019
1053
1088
1054
1020
898
900
846
804
734
651
579
624
613
491
500
483
491
480
500
485
531
528
549
608
602
607
686
691
728
809
768
821
877
940
930
1044
1060
1113
1140
1182
1155
1274
1166
1180
1096
1051
953
851
813
709
593
591
476
448
425
403
377
343
331
318
336
302
289
333
299
306
313
327
309
314
291
313
282
288
334
291
316
323
342
312
288
303
275
281
284
294
315
270
261
282
293
257
265
269
244
270
249
263
252
241
231
260
250
230
241
214
231
213
232
231
264
242
214
234
252
270
260
279
266
267
314
273
286
266
280
247
271
297
244
229
255
243
239
227
209
235
223
220
214
231
211
192
255
229
218
237
224
235
297
236
282
300
296
265
283
297
333
341
299
303
280
255
293
278
266
235
229
202
223
218
203
202
187
189
185
197
195
171
186
183
197
188
173
167
200
183
187
187
197
213
166
230
218
224
260
273
245
250
273
312
292
316
339
391
432
385
459
451
428
440
501
427
440
479
460
467
461
506
479
513
547
518
572
593
560
554
598
609
604
568
572
551
508
505
467
475
474
404
394
347
303
267
241
222
233
180
195
186
183
197
162
153
170
171
149
115
168
151
134
140
158
145
143
155
161
152
126
157
148
149
166
144
154
141
163
149
137
150
144
156
149
146
125
149
155
146
125
123
141
152
154
123
151
145
152
152
144
160
170
167
192
161
178
151
163
164
152
173
170
191
161
162
168
181
195
169
184
170
172
175
165
172
157
160
160
155
160
153
159
165
158
154
143
151
167
175
152
178
196
185
187
155
160
175
193
172
157
188
164
167
186
172
134
179
166
163
188
161
157
156
159
141
162
175
157
148
166
152
152
172
141
140
150
138
118
140
124
133
134
121
116
106
124
128
113
115
133
135
140
114
106
154
148
136
129
136
156
131
125
142
118
133
139
126
150
145
123
149
131
145
152
172
145
178
149
162
165
158
156
148
147
141
131
136
143
161
150
143
166
136
127
133
149
159
153
151
162
187
182
172
173
187
209
208
231
243
219
243
219
240
216
242
244
216
210
235
200
229
190
171
210
180
184
171
161
165
147
159
151
143
143
150
138
144
151
156
131
175
158
159
153
164
182
176
167
185
192
185
199
196
186
201
180
185
164
177
139
157
166
172
169
129
160
125
150
139
123
135
122
104
109
110
92
121
108
98
122
105
100
88
97
90
81
88
77
90
92
97
84
91
107
86
94
79
89
90
85
82
99
99
89
88
103
85
68
110
107
105
90
105
83
91
93
102
95
84
98
84
77
90
92
108
81
101
105
101
95
96
90
88
87
84
93
94
105
97
100
94
91
108
101
112
108
113
133
114
102
115
135
131
131
152
148
136
138
150
148
153
154
146
173
137
148
170
160
145
139
155
154
143
140
151
119
127
129
130
127
114
123
129
125
105
143
106
96
114
101
107
102
106
84
105
103
98
102
100
109
92
85
96
98
97
107
90
87
103
82
113
91
98
79
106
89
98
95
79
93
96
92
92
101
90
93
97
90
91
96
111
102
104
116
103
112
96
98
109
120
95
108
90
98
100
113
107
101
113
97
109
109
108
110
104
112
108
76
95
100
108
91
90
95
89
77
88
84
68
69
81
86
75
77
63
76
62
79
65
70
66
78
70
65
62
53
62
60
59
59
61
58
58
60
55
61
49
59
63
55
59
46
50
51
48
62
54
43
39
55
44
51
48
48
54
68
50
59
40
36
24
49
52
48
55
41
49
54
39
64
46
67
45
50
53
58
50
47
46
47
40
59
48
47
59
58
66
52
64
59
62
71
58
69
55
43
64
62
50
60
66
60
67
57
52
64
73
73
57
51
69
49
57
61
69
70
83
65
68
65
75
93
72
81
86
83
91
95
100
101
127
123
131
142
151
135
148
178
186
223
202
244
230
263
267
256
311
323
357
325
336
373
406
372
357
409
372
382
383
427
357
373
378
321
324
322
267
297
296
241
226
208
220
216
189
152
158
135
121
142
106
94
98
97
74
74
69
67
66
63
65
53
45
46
39
50
52
40
44
48
56
49
36
40
23
32
40
45
32
42
33
38
38
34
33
34
27
32
33
32
34
31
23
20
36
29
24
33
35
33
30
29
26
25
34
28
35
36
31
34
26
34
19
30
24
33
24
31
46
37
36
28
34
40
41
44
48
39
37
43
29
38
35
29
32
33
37
47
38
32
33
37
29
28
32
31
28
33
30
27
21
23
17
28
32
27
18
22
21
17
30
24
24
35
20
19
18
21
20
25
18
27
19
23
15
28
17
21
24
18
16
22
18
18
19
11
21
22
26
25
19
25
21
31
15
21
25
18
17
20
16
21
15
28
17
34
25
31
24
25
26
26
30
28
28
21
29
29
35
23
29
37
39
28
29
34
27
36
39
42
40
50
54
31
41
43
44
37
54
56
57
41
43
51
55
46
53
49
56
52
63
68
60
57
45
59
57
35
39
43
32
45
39
41
28
38
33
40
33
28
30
22
24
25
25
22
20
24
22
19
22
22
15
23
25
24
21
20
14
19
29
17
10
12
21
14
15
15
13
13
21
22
18
15
15
17
9
24
16
23
17
16
17
20
16
31
14
15
21
8
17
11
18
20
15
20
14
17
17
13
13
12
11
16
19
7
16
8
19
14
15
11
12
19
24
12
13
14
11
20
18
15
6
16
12
15
13
10
14
9
15
15
11
11
16
18
11
17
10
10
18
11
9
14
15
10
14
12
10
13
13
15
12
8
9
10
16
19
6
15
16
16
11
14
14
13
12
12
17
14
12
8
15
10
16
8
10
15
15
14
10
17
10
19
9
17
14
14
11
13
6
11
13
8
10
15
16
10
14
12
13
9
14
5
18
12
11
18
14
15
13
10
6
11
14
8
11
11
10
21
14
9
15
17
13
10
15
11
7
14
16
6
11
15
12
14
13
11
6
11
8
13
14
10
11
17
14
18
10
6
14
10
23
25
20
19
14
19
13
20
22
16
22
12
12
26
19
17
21
20
18
23
15
14
24
23
19
24
26
22
21
31
17
18
25
27
15
15
20
18
15
8
16
13
26
16
19
21
21
18
16
18
15
15
17
14
13
11
15
8
16
16
19
17
11
14
14
9
10
16
17
17
8
14
24
15
16
26
18
27
18
23
17
21
18
14
16
19
21
11
21
16
20
25
19
14
24
16
20
20
20
24
25
19
19
14
15
21
11
18
12
25
13
9
12
16
19
15
22
15
14
16
8
15
13
12
18
16
8
16
12
16
23
11
9
16
16
12
18
15
11
17
12
18
19
9
23
13
19
13
14
20
15
12
12
10
13
19
14
10
8
11
13
20
12
15
18
15
10
9
16
11
21
12
17
19
10
15
21
8
12
11
13
14
15
10
10
16
8
9
8
9
10
19
15
9
13
11
14
15
9
15
14
8
15
14
8
7
11
14
14
17
14
13
9
7
19
11
17
10
16
8
13
8
10
9
16
7
9
10
14
11
15
6
13
12
18
8
10
13
5
8
6
13
11
13
10
13
12
11
10
15
14
13
11
12
12
6
6
13
9
3
9
8
9
11
10
13
17
9
6
10
12
11
12
13
12
9
8
8
6
13
4
18
12
10
8
8
8
7
7
4
9
11
3
9
6
7
8
10
7
6
11
3
10
9
5
7
5
8
7
5
10
4
4
8
8
10
8
6
3
7
5
2
9
8
6
8
2
5
5
2
9
8
8
6
7
6
12
9
10
15
9
9
11
5
8
8
11
8
15
6
12
18
15
20
17
12
12
22
17
22
26
22
20
23
24
21
28
24
30
24
34
45
31
32
22
29
41
47
43
45
45
52
26
33
41
30
54
41
39
34
30
48
34
39
38
30
37
38
28
32
24
28
36
24
23
24
20
21
26
17
23
13
18
8
16
9
12
11
7
11
15
12
16
12
13
7
13
9
12
5
12
7
18
8
4
6
11
7
3
8
6
1
7
7
10
7
6
8
4
7
9
7
7
4
4
4
7
4
6
4
7
7
5
2
3
5
6
1
2
4
4
4
1
8
5
4
8
4
4
3
8
5
4
5
6
7
4
3
3
8
5
7
6
10
1
4
4
2
9
3
3
4
7
3
3
3
5
4
3
4
6
3
4
5
7
2
4
6
7
4
4
5
2
5
4
7
5
6
3
5
3
$ROI:
43
143 193
144 194
424 531
429 529
440 544
440 545
440 549
443 544
443 553
490 516
604 1134
679 1395
690 1434
772 934
800 953
827 855
828 856
840 1946
849 1974
857 2002
872 900
880 1058
887 915
914 1083
1010 1038
1208 1258
1345 1375
1418 1448
2436 2526
3229 3279
3607 3645
6449 6521
6459 6531
6463 6535
6464 6536
6467 6539
6471 6543
6482 6526
6489 6513
6497 6521
12997 13047
12999 13049
13000 13050
