$SPEC_ID:
GAMWIN
$SPEC_REM:


$DETDESC:

$DATE_MEA:
04/30/2025 14:45:27
$MEAS_TIM:
76182.29 76330.72
$MCA_CAL:
3
1.32118272781372E+001 1.29107522964478E+000 0.00000000000000E+000
$DATA:
0 2047
0
0
0
0
0
0
0
0
0
0
0
0
0
0
0
0
0
0
0
0
0
3744
3335
3119
3070
3105
3123
3244
3159
3075
3085
2985
3030
2847
2774
2837
2918
2900
3032
3317
3430
3645
3753
3853
3991
4059
4110
4599
4939
5465
5982
6378
6444
6178
5968
5437
5013
4704
4480
4469
4361
4314
4247
4035
3737
3570
3363
3041
2811
2692
2518
2411
2484
2415
2349
2267
2305
2290
2255
2190
2182
2216
2271
2279
2215
2230
2250
2237
2251
2434
2451
2371
2337
2294
2229
2290
2192
2191
2233
2244
2141
2195
2206
2148
2096
2149
2147
2130
2166
2068
2069
2043
2004
2015
1970
1955
1988
1950
1869
1994
1927
1837
1853
1919
1994
1988
1980
2047
2085
2190
2082
2126
2102
2071
2044
1974
1913
1863
1765
1777
1823
1735
1778
1813
1791
1858
1845
1945
1859
1842
1781
1825
1778
1761
1842
1744
1783
1856
1972
1995
2086
2320
2517
2818
3072
3288
3385
3681
3841
3883
3816
3429
3317
3061
2761
2519
2290
1996
1802
1707
1534
1476
1457
1395
1386
1341
1316
1390
1358
1356
1392
1359
1365
1358
1432
1344
1371
1343
1327
1374
1368
1430
1357
1360
1486
1592
1508
1647
1603
1694
1562
1536
1571
1573
1436
1404
1280
1270
1139
1132
1019
991
984
953
948
960
954
973
980
985
1060
1021
1102
1100
1146
1229
1177
1262
1277
1346
1358
1437
1496
1551
1538
1615
1615
1679
1773
1679
1765
1718
1598
1601
1544
1455
1280
1256
1085
1069
1033
935
807
767
734
688
700
692
697
628
633
583
639
657
595
646
610
612
583
602
625
639
620
617
588
582
633
571
619
584
638
646
613
582
592
575
624
552
594
528
534
563
523
557
522
537
516
506
494
487
483
515
524
490
497
544
498
496
502
559
536
539
516
533
520
523
599
574
594
548
554
534
556
524
538
569
522
545
511
548
521
505
467
490
483
523
433
472
500
481
503
502
461
496
511
518
533
549
563
576
548
578
651
656
602
716
692
612
620
639
630
644
601
551
537
551
477
496
486
502
472
436
442
434
397
426
405
406
380
413
397
408
414
365
431
415
402
457
394
457
417
436
450
456
468
543
518
518
551
559
613
660
668
640
754
759
764
795
803
856
827
882
837
850
809
767
821
831
810
817
817
801
814
815
818
831
845
817
829
877
838
808
748
746
735
719
654
620
601
642
518
520
476
467
447
400
385
382
380
360
307
347
362
327
330
338
322
311
327
356
358
322
345
330
326
348
344
325
353
324
356
338
324
336
341
328
338
351
368
298
326
318
307
313
310
294
323
306
347
326
320
343
352
339
333
306
356
346
329
316
355
316
360
370
357
326
325
332
347
371
399
366
391
356
360
376
371
342
386
343
346
368
373
365
347
349
323
311
330
326
339
315
328
364
332
351
346
370
334
357
354
339
377
340
365
347
370
361
338
391
378
399
336
343
353
352
368
316
346
328
322
315
337
337
343
337
335
358
321
306
329
318
333
313
284
319
273
308
263
318
284
290
278
274
299
280
308
318
280
268
287
294
270
299
279
285
333
279
285
279
328
271
312
303
264
274
311
307
281
304
278
298
304
286
287
296
300
284
302
282
277
296
268
298
305
285
288
280
280
275
295
311
271
306
278
302
334
356
360
353
334
424
364
363
450
475
454
426
471
425
470
440
488
429
430
439
418
420
450
409
381
367
346
402
375
338
317
328
341
309
332
364
295
335
360
319
330
333
344
338
363
396
335
365
413
407
392
408
412
360
423
415
427
349
394
364
396
398
366
398
358
348
379
318
307
323
297
294
302
290
234
307
250
283
281
258
257
261
244
246
263
251
254
262
250
234
238
242
250
233
239
238
253
244
227
240
251
255
246
272
249
251
268
252
250
260
248
253
261
241
268
253
242
242
240
255
249
214
273
267
243
270
251
287
244
276
234
240
250
255
272
259
233
238
235
289
275
244
255
241
273
254
277
304
264
253
259
305
300
283
290
291
302
291
304
315
310
302
299
318
327
333
325
360
365
296
334
342
300
300
351
311
326
327
322
326
327
324
324
312
286
316
291
277
277
294
290
286
280
258
292
307
270
297
275
294
267
264
292
269
262
310
285
245
259
266
285
261
272
263
276
291
263
246
281
248
276
283
281
266
279
258
276
271
257
262
297
266
277
263
263
249
287
316
280
278
262
275
271
251
285
272
240
274
274
290
277
256
255
251
270
245
225
244
236
214
232
255
220
251
228
214
217
214
182
220
182
188
191
191
173
181
163
144
164
169
165
160
147
174
135
153
137
153
138
166
129
137
139
141
119
145
130
136
140
138
108
137
124
113
130
129
121
107
122
106
114
109
123
107
112
101
109
115
102
105
110
95
93
93
102
90
113
98
113
97
92
76
98
84
82
87
108
79
98
99
98
95
90
91
102
101
97
101
92
112
112
86
112
118
104
106
97
111
116
115
109
108
105
88
126
109
123
128
116
90
105
131
131
117
131
118
123
132
104
136
124
152
156
150
160
158
201
171
192
211
222
237
272
273
301
306
380
385
444
440
482
519
581
639
719
703
796
898
886
917
972
1056
1102
1195
1295
1276
1265
1401
1352
1391
1367
1404
1441
1442
1291
1331
1285
1296
1242
1112
1050
1102
994
903
944
758
765
654
646
601
497
563
427
402
377
337
297
265
225
206
219
198
188
136
118
120
115
94
89
87
82
95
94
59
69
72
64
60
62
63
56
58
65
69
57
55
45
52
47
73
67
51
58
46
53
61
51
62
47
52
56
61
49
43
50
55
47
50
59
49
60
48
50
64
54
55
50
60
57
67
63
76
56
58
57
65
62
63
59
65
57
68
61
63
67
64
56
66
54
50
65
56
47
52
45
53
48
58
59
46
49
50
53
60
57
46
47
60
46
57
50
47
50
52
43
36
48
46
54
43
41
45
49
49
50
47
43
39
34
45
34
52
30
34
32
24
41
47
42
45
34
42
52
49
53
41
35
39
46
41
41
52
37
37
38
61
43
46
41
45
55
41
40
32
47
49
45
35
43
44
36
38
49
60
57
39
45
49
54
59
53
64
51
70
67
62
59
66
74
77
68
68
50
70
51
71
68
75
56
78
78
86
72
62
73
76
71
77
73
77
69
69
65
65
61
69
71
59
51
58
64
49
52
52
46
46
45
50
42
44
44
47
47
39
32
40
48
39
27
43
34
29
28
41
37
37
41
35
36
41
29
36
35
41
44
31
31
36
37
27
30
26
37
40
34
36
34
25
30
32
28
34
33
34
39
31
35
26
37
33
24
20
34
39
22
27
32
36
27
30
28
28
33
28
22
28
37
26
23
35
33
29
31
30
30
33
27
28
24
24
20
27
27
36
29
25
23
17
20
25
29
26
28
24
26
37
31
34
32
29
27
27
34
36
21
33
21
24
27
30
22
29
27
25
17
29
35
30
29
36
33
25
26
35
26
29
21
35
39
25
33
28
28
24
32
19
38
26
35
21
39
25
29
24
27
28
22
17
29
27
25
18
30
28
30
31
22
23
27
27
33
24
20
33
28
23
25
21
23
26
27
24
23
26
21
24
23
24
27
27
28
28
20
12
37
33
25
23
22
26
23
25
27
26
19
26
28
26
27
23
32
32
29
25
21
26
21
33
34
33
36
38
36
28
32
33
29
36
26
26
43
38
33
34
26
36
44
43
43
31
39
41
33
37
40
46
38
51
30
47
37
48
38
28
32
35
37
44
32
41
41
23
28
31
31
21
26
28
28
37
25
19
29
24
35
21
29
22
34
23
22
27
28
26
21
29
26
32
33
34
30
32
24
39
35
35
37
31
23
29
41
28
29
17
36
29
27
40
34
33
36
34
33
33
35
38
32
35
33
40
26
30
35
29
29
29
35
30
36
36
32
29
34
36
22
30
32
28
34
31
37
30
34
26
16
16
22
30
22
16
27
31
24
26
31
26
24
20
24
24
29
30
25
16
27
23
25
28
20
30
16
35
30
27
27
27
32
31
21
20
26
38
30
32
24
31
20
32
30
23
29
30
28
33
21
23
31
18
24
27
23
22
27
32
29
31
26
23
21
20
28
17
28
38
26
22
24
28
40
27
33
23
19
21
21
31
17
36
24
26
29
31
20
28
29
30
24
18
21
22
17
29
22
24
28
28
13
25
22
19
22
31
24
20
28
19
21
21
12
20
17
22
16
18
20
16
21
15
20
25
15
30
21
20
20
13
15
17
16
22
14
24
23
15
22
17
21
25
14
14
23
20
22
22
24
11
26
27
20
24
19
21
17
22
12
24
17
18
16
16
10
17
17
10
22
14
18
10
17
6
19
24
15
22
15
12
18
15
19
19
14
17
8
12
12
20
22
16
13
15
15
22
8
13
15
16
9
7
15
15
21
19
21
18
13
13
9
17
16
19
7
16
15
16
12
14
21
10
18
14
13
12
22
24
28
30
31
14
26
30
24
26
23
29
29
30
39
32
37
40
39
35
36
46
36
57
42
49
55
57
51
74
69
48
61
56
58
49
70
59
79
78
78
67
66
84
73
72
74
54
68
74
64
68
74
51
56
58
57
49
49
48
44
44
36
34
65
43
24
31
43
25
26
26
25
29
30
22
19
25
22
25
15
19
18
23
12
18
16
16
14
20
14
10
16
14
5
3
15
14
16
17
17
15
11
13
19
14
15
9
16
19
13
12
16
11
15
15
15
17
13
7
11
10
16
12
10
14
6
11
11
10
18
16
9
15
19
15
10
13
18
10
13
12
22
14
14
14
8
12
22
9
20
19
13
12
10
8
13
7
18
11
14
10
15
11
6
10
11
18
12
8
$ROI:
39
424 531
429 529
440 544
440 545
440 549
443 544
443 553
490 516
679 1395
772 934
800 953
827 855
828 856
840 1946
849 1974
857 2002
872 900
880 1058
887 915
914 1083
1010 1038
1208 1258
1345 1375
1418 1448
2436 2526
3229 3279
3607 3645
6449 6521
6459 6531
6463 6535
6464 6536
6467 6539
6471 6543
6482 6526
6489 6513
6497 6521
12997 13047
12999 13049
13000 13050
