$SPEC_ID:
GAMWIN
$SPEC_REM:


$DETDESC:

$DATE_MEA:
10/16/2025 15:23:30
$MEAS_TIM:
58109.35 59309.62
$MCA_CAL:
3
1.32118272781372E+001 1.29107522964478E+000 0.00000000000000E+000
$DATA:
0 2047
0
0
0
0
0
0
0
0
0
0
0
0
0
0
0
0
0
0
0
0
0
0
0
0
0
0
0
0
0
0
0
0
0
0
0
2731
2805
2875
3104
3266
3271
3593
3501
3679
3789
3708
3835
4207
4570
5026
5336
5515
5637
5399
4922
4571
4232
4028
3901
3882
3788
3583
3677
3461
3337
2963
2822
2783
2609
2380
2336
2325
2323
2157
2250
2217
2169
2185
2087
2011
2094
2098
2039
2019
2056
2057
2044
2156
2083
2179
2172
2187
2058
2124
2116
2148
2073
1985
1979
1991
2073
1974
1954
1942
1936
2008
1866
1906
1945
1840
1812
1853
1863
1815
1716
1788
1728
1696
1625
1709
1604
1746
1743
1700
1739
1770
1829
1809
1829
1899
1848
1770
1848
1821
1710
1764
1669
1622
1521
1667
1567
1566
1580
1555
1618
1643
1674
1646
1671
1681
1631
1645
1554
1653
1626
1618
1701
1715
1741
1986
1971
2152
2294
2668
2700
3015
3140
3234
3212
3187
3181
2977
2700
2491
2262
2081
1695
1640
1555
1393
1353
1327
1195
1236
1188
1198
1221
1185
1160
1218
1190
1222
1178
1190
1209
1185
1243
1165
1199
1179
1208
1216
1232
1282
1246
1342
1308
1328
1333
1381
1401
1345
1305
1276
1289
1124
1096
1015
965
974
932
857
927
863
886
809
812
895
920
907
946
982
924
1012
1069
1062
1108
1105
1198
1188
1261
1272
1297
1350
1260
1333
1326
1395
1394
1269
1324
1324
1307
1230
1137
1065
991
912
872
797
753
714
683
684
652
630
576
564
598
599
590
563
586
555
548
540
524
591
561
574
551
559
552
594
593
582
584
544
561
510
532
511
534
526
487
545
515
500
510
475
490
477
478
463
461
499
455
485
485
471
447
491
454
488
492
438
449
469
495
475
445
494
442
443
484
518
480
484
458
529
465
444
460
504
492
473
465
462
430
422
468
444
453
471
396
432
428
435
411
412
451
440
425
490
401
492
483
508
525
534
558
505
550
563
561
569
542
563
572
575
510
501
507
494
452
455
435
429
365
394
407
419
345
371
376
346
356
363
341
365
369
359
369
394
375
407
352
374
365
392
404
406
396
410
437
486
502
497
559
562
609
602
597
637
660
726
713
660
683
737
658
709
681
663
651
707
704
660
644
648
654
662
668
700
672
702
723
689
681
647
640
610
565
513
519
483
504
468
402
422
364
381
357
358
329
352
347
301
315
299
342
321
297
319
284
323
336
303
297
316
300
316
306
278
363
273
313
290
271
301
309
292
284
281
323
287
287
285
326
300
288
272
295
262
314
273
290
297
292
279
305
303
296
295
255
314
303
281
271
307
336
337
347
326
335
343
353
344
362
351
337
323
344
322
330
337
317
321
301
325
340
317
312
298
286
271
286
298
277
317
294
292
309
288
313
296
283
321
319
296
330
303
324
316
342
292
312
290
297
322
309
287
299
309
319
302
304
311
307
301
306
313
303
281
290
281
281
276
277
272
303
251
257
263
280
281
276
275
256
274
246
265
241
257
280
269
230
251
264
266
284
277
281
297
300
301
281
293
302
291
260
275
290
287
290
283
262
276
306
291
283
319
320
326
313
351
284
345
337
332
296
317
283
326
292
321
289
289
283
302
312
282
342
330
287
339
360
346
353
404
369
380
392
383
414
396
428
388
418
404
423
394
386
424
389
401
377
334
355
322
316
323
347
300
301
311
344
326
309
357
342
293
306
331
340
328
339
335
351
374
338
361
355
344
373
386
402
391
377
374
335
360
370
349
319
381
301
341
337
320
308
309
277
303
284
269
271
280
261
270
266
240
245
248
260
243
218
271
247
237
265
240
233
226
237
244
235
232
239
223
256
252
228
264
237
251
250
246
262
241
236
251
236
249
239
256
266
253
240
243
254
265
266
256
241
245
282
262
267
256
248
262
252
250
245
245
247
274
259
270
255
256
240
250
248
272
283
249
262
255
261
262
257
271
265
275
276
293
298
309
313
311
319
291
293
316
273
299
304
287
344
318
325
329
343
317
299
299
317
295
298
337
301
317
306
290
322
299
304
292
308
264
287
306
268
275
313
290
267
274
298
292
285
273
259
290
259
267
259
261
269
274
288
257
284
276
282
284
288
262
279
268
281
277
291
274
274
276
323
320
302
278
303
274
275
293
265
276
290
249
283
291
265
310
270
277
283
298
278
284
256
270
273
269
250
248
237
264
237
247
235
243
225
256
192
228
204
204
223
206
218
210
184
186
180
177
173
169
156
189
146
152
156
157
163
155
139
145
152
126
141
157
134
116
126
129
141
122
119
120
126
115
107
114
131
145
129
119
127
122
100
114
100
115
135
97
108
104
97
101
89
94
90
111
83
101
99
90
96
81
114
97
87
113
79
82
98
97
87
101
113
97
102
93
84
85
106
81
89
104
98
110
119
104
92
90
109
121
104
101
99
99
112
110
113
110
130
130
100
115
123
124
143
109
137
139
129
132
155
156
137
152
162
184
185
161
199
237
206
227
245
261
292
308
376
337
410
429
484
512
552
579
625
747
772
858
903
1010
1031
1109
1088
1179
1250
1274
1317
1362
1404
1503
1440
1543
1427
1519
1480
1454
1452
1408
1375
1376
1261
1186
1158
1060
996
998
925
844
775
728
671
627
541
500
426
378
336
349
282
269
229
183
175
183
153
154
119
122
113
97
88
88
102
71
76
71
74
53
62
56
65
61
68
53
67
43
61
50
54
34
47
46
44
41
51
43
36
38
33
45
39
32
30
42
39
45
42
32
38
37
41
42
34
52
49
44
47
44
33
38
51
46
43
52
41
47
51
52
37
45
43
38
37
38
50
50
47
53
44
53
43
40
49
41
43
44
39
34
40
47
45
38
37
32
40
46
34
40
34
38
32
43
36
39
33
38
36
28
32
32
20
37
27
39
28
32
23
27
35
37
27
36
26
23
33
22
21
32
38
27
23
26
28
26
23
15
27
26
18
28
38
25
27
30
28
32
25
19
21
29
25
30
23
28
26
28
34
39
37
27
35
39
31
36
33
39
35
34
40
48
45
30
37
43
46
38
47
43
42
42
40
64
44
53
53
54
40
59
41
45
55
39
47
53
46
52
52
52
51
53
52
47
50
42
49
45
46
38
42
43
45
29
37
33
35
25
40
35
22
19
22
34
21
26
26
30
28
34
17
30
28
33
26
22
28
25
31
21
16
22
13
16
17
18
24
27
21
27
25
26
24
18
26
30
21
29
22
19
18
29
22
22
19
22
12
28
18
17
19
22
22
26
19
24
26
23
22
14
24
27
18
15
24
22
15
11
21
13
15
26
15
15
17
14
16
23
23
15
23
17
18
12
21
22
13
19
22
19
22
13
17
14
10
21
16
14
18
11
20
13
20
14
27
23
17
19
21
32
15
20
20
18
14
14
18
12
15
22
15
19
19
10
17
19
19
14
14
12
8
18
19
12
17
16
15
21
17
17
17
25
18
19
12
19
18
13
14
13
15
16
19
18
14
16
17
17
19
20
15
17
18
13
20
15
18
13
20
11
18
18
12
17
19
25
11
17
15
15
23
11
22
15
13
18
18
15
11
18
27
9
24
20
14
12
16
21
18
16
24
20
11
17
16
12
15
18
22
21
18
15
31
21
16
25
33
26
22
17
22
36
28
12
22
33
33
28
23
24
31
28
15
21
26
30
31
21
31
28
33
35
29
27
32
28
28
26
24
26
19
27
25
32
18
21
25
23
28
20
26
23
18
19
19
24
25
22
13
25
22
27
12
20
26
26
20
18
20
24
24
28
29
27
24
25
18
18
25
30
41
24
24
32
18
31
24
30
35
26
21
24
31
28
27
31
27
22
33
28
30
14
23
20
26
28
29
31
25
26
24
17
18
21
29
20
27
22
23
18
23
21
18
34
13
19
14
21
20
16
20
14
17
18
19
18
22
19
21
13
21
18
19
15
21
19
33
27
16
22
21
22
24
18
21
19
22
21
15
26
24
28
24
16
15
33
18
27
23
15
18
16
22
24
12
15
24
26
23
18
21
22
20
14
21
17
25
22
17
16
15
27
16
10
22
28
18
28
23
21
19
18
31
11
14
19
20
22
26
23
17
16
20
16
17
20
21
20
17
19
14
20
20
11
18
21
13
21
12
6
17
16
14
18
11
17
17
15
13
16
16
22
20
11
11
21
12
20
14
13
18
14
20
17
10
15
14
22
10
15
15
15
15
24
13
18
15
13
9
23
11
17
12
12
18
14
11
16
12
13
21
10
10
8
11
20
19
18
12
11
16
14
8
11
10
13
14
13
8
10
10
10
14
15
14
9
12
14
12
9
7
12
6
8
17
7
14
15
19
16
12
13
13
18
11
9
16
12
12
8
9
11
8
10
9
10
6
20
17
21
11
17
15
16
17
14
16
17
26
31
15
25
16
25
15
19
28
30
26
21
35
25
22
27
24
34
40
43
30
44
37
44
62
37
44
42
38
64
58
54
50
58
69
48
64
60
51
52
49
47
44
63
56
65
50
60
47
45
57
46
36
48
46
43
34
32
45
26
22
41
30
26
22
29
20
22
25
20
27
14
12
17
14
20
12
23
17
12
14
12
13
14
15
16
10
13
11
18
10
8
14
15
19
11
8
11
9
16
5
14
9
10
19
5
12
13
6
12
11
9
13
12
11
12
10
10
8
16
10
13
9
7
5
12
11
15
11
9
8
15
11
10
14
14
8
11
12
12
10
8
15
5
7
7
10
8
15
12
9
5
7
6
8
4
15
12
6
5
6
12
9
13
11
10
10
11
8
7
9
11
9
9
4
6
11
14
5
9
12
9
16
8
$ROI:
43
143 193
144 194
424 531
429 529
440 544
440 545
440 549
443 544
443 553
490 516
604 1134
679 1395
690 1434
772 934
800 953
827 855
828 856
840 1946
849 1974
857 2002
872 900
880 1058
887 915
914 1083
1010 1038
1208 1258
1345 1375
1418 1448
2436 2526
3229 3279
3607 3645
6449 6521
6459 6531
6463 6535
6464 6536
6467 6539
6471 6543
6482 6526
6489 6513
6497 6521
12997 13047
12999 13049
13000 13050
