$SPEC_ID:
GAMWIN
$SPEC_REM:


$DETDESC:

$DATE_MEA:
10/14/2025 15:41:00
$MEAS_TIM:
56506.21 57394.21
$MCA_CAL:
3
1.32118272781372E+001 1.29107522964478E+000 0.00000000000000E+000
$DATA:
0 2047
0
0
0
0
0
0
0
0
0
0
0
0
0
0
0
0
0
0
0
0
0
0
0
0
0
0
0
0
0
0
0
0
0
0
0
2047
2041
2116
2331
2323
2512
2616
2690
2655
2719
2879
2987
3139
3390
3729
4002
4320
4171
4146
3698
3443
3123
2954
2824
2902
2778
2732
2799
2533
2486
2287
2124
1977
1918
1750
1702
1654
1685
1614
1545
1548
1574
1483
1514
1563
1491
1548
1571
1527
1488
1563
1585
1508
1586
1642
1587
1586
1610
1643
1520
1504
1594
1548
1469
1457
1506
1510
1436
1453
1421
1497
1422
1443
1384
1421
1459
1345
1361
1372
1319
1333
1313
1318
1301
1232
1300
1263
1306
1275
1254
1296
1369
1379
1354
1428
1354
1397
1381
1351
1273
1331
1282
1222
1219
1166
1217
1264
1248
1165
1277
1292
1270
1257
1199
1239
1253
1202
1181
1191
1158
1261
1286
1259
1419
1385
1544
1563
1718
1891
1998
2188
2207
2295
2316
2258
2245
2168
1974
1847
1739
1521
1391
1205
1182
1052
1008
913
984
918
947
923
873
948
930
915
947
996
941
947
953
910
896
893
943
969
926
970
896
995
1004
1000
1103
1093
1048
1075
1062
996
1023
988
943
915
801
787
722
723
686
672
672
705
700
662
621
639
664
634
681
684
744
761
796
816
856
869
932
925
934
1005
1032
990
1081
1043
1099
1124
1077
1144
1053
1037
1046
995
898
871
820
729
730
618
621
584
523
508
459
469
427
448
443
442
433
428
386
411
460
397
404
385
426
441
427
418
445
437
434
365
407
408
427
401
433
402
425
383
399
378
389
373
350
415
428
398
372
374
342
363
360
361
403
389
367
362
364
370
364
378
373
370
365
382
378
354
335
344
383
346
363
421
392
365
383
372
372
375
371
366
358
330
357
358
335
363
322
325
304
332
327
315
306
292
337
328
349
343
330
363
385
390
376
444
405
423
410
439
429
445
441
400
405
391
422
348
366
409
343
329
334
322
317
284
295
303
279
289
263
253
272
257
256
269
278
267
269
271
266
297
296
274
300
261
265
290
307
325
324
375
370
340
362
402
395
427
473
471
500
502
484
499
507
523
533
536
539
525
515
499
524
524
496
525
495
492
544
588
535
530
523
559
536
496
491
526
482
401
407
380
408
378
329
321
311
299
243
255
252
258
240
234
247
253
235
242
255
228
237
230
225
243
210
248
221
228
222
236
248
229
234
210
257
246
240
243
229
233
224
226
215
227
196
211
202
210
217
228
211
239
216
208
221
215
223
200
217
226
211
230
249
223
243
225
219
204
214
242
251
239
254
245
261
229
246
257
260
249
251
227
211
240
259
238
250
231
212
217
221
215
237
214
211
227
220
221
240
204
242
235
225
236
236
250
246
230
255
232
248
244
227
211
227
254
233
220
214
222
219
246
235
237
204
217
234
238
250
212
210
221
234
217
212
206
219
210
211
235
196
185
208
192
202
224
193
200
179
190
213
203
201
193
217
230
215
184
211
209
195
218
191
205
216
201
207
217
228
230
195
229
226
269
214
238
211
243
208
242
234
237
240
249
225
237
220
233
213
247
270
231
244
235
250
235
226
239
245
266
259
243
236
285
267
287
260
280
275
295
273
299
291
299
313
272
315
284
317
308
316
272
281
239
251
258
237
283
220
247
213
211
202
209
222
230
227
227
241
250
250
231
228
253
232
254
242
250
266
280
253
261
255
261
279
277
292
259
303
264
220
232
225
230
214
218
226
192
202
227
193
203
174
204
185
198
201
203
197
192
172
197
191
169
183
163
174
158
180
174
195
167
187
177
176
153
167
163
186
196
190
177
158
210
167
197
191
183
185
171
195
193
173
163
169
180
178
182
184
176
164
172
176
201
174
210
158
200
194
185
190
184
199
188
196
194
193
204
173
201
179
212
212
192
215
197
202
194
182
231
222
222
226
190
190
244
229
210
225
229
225
232
219
222
240
237
216
219
220
233
213
226
230
237
209
229
215
218
232
232
225
217
235
231
213
201
199
172
213
223
217
219
204
188
216
218
206
224
196
220
194
185
199
185
196
180
193
201
201
204
226
195
200
207
180
181
214
212
196
190
167
197
199
187
192
194
184
228
178
212
226
200
194
201
194
223
202
194
197
205
216
204
204
200
217
200
178
195
199
171
184
185
198
158
195
178
179
162
196
167
153
144
163
170
154
159
114
139
148
129
124
152
144
127
140
110
109
111
120
98
109
100
112
103
106
108
103
98
105
104
100
106
94
80
107
99
84
87
69
87
100
83
94
70
103
78
90
74
69
75
82
87
83
89
82
64
89
71
65
71
75
71
79
66
83
74
86
80
93
81
79
59
84
73
62
79
88
75
75
73
77
79
95
82
81
84
69
73
84
83
92
79
80
85
88
75
87
72
92
82
81
90
79
85
103
103
101
75
95
94
73
118
102
105
106
102
100
114
121
112
124
127
131
146
175
171
181
177
219
232
231
243
273
305
337
366
388
424
448
467
497
581
580
638
670
756
711
857
830
833
895
913
972
1007
975
997
998
987
1031
951
899
947
972
907
860
843
799
762
775
685
611
569
543
538
457
435
390
345
319
326
252
213
225
185
160
159
148
152
113
108
120
96
77
75
75
62
63
60
58
75
54
52
39
62
40
38
48
45
46
38
48
39
41
44
33
46
42
32
43
34
33
29
41
37
30
24
35
43
28
39
32
29
33
27
40
34
31
35
39
34
33
42
21
42
27
23
26
44
41
30
26
30
28
41
33
39
30
40
44
41
34
34
37
33
28
31
40
22
27
34
26
31
42
31
34
24
30
37
25
34
25
22
25
28
30
33
31
24
20
24
23
28
20
24
25
25
24
23
22
19
25
28
19
21
23
21
23
24
30
36
25
34
20
27
23
11
28
32
23
36
27
23
24
19
24
26
33
26
23
16
20
27
28
19
22
26
19
31
29
21
31
35
23
24
26
23
30
24
29
24
33
25
30
29
27
23
36
29
37
37
47
31
39
43
28
35
31
39
43
54
47
40
38
36
48
45
51
48
48
48
44
40
42
38
45
39
38
44
43
39
41
32
33
31
29
35
37
27
28
18
22
25
30
21
22
20
23
20
15
26
29
23
14
28
15
19
21
18
23
18
29
17
18
18
16
25
24
15
22
20
20
26
19
21
28
15
30
25
18
21
28
24
24
19
21
17
19
19
12
16
19
15
20
23
30
24
16
20
21
10
19
16
16
12
23
22
13
12
16
16
16
17
19
13
13
17
14
16
18
23
13
9
11
14
11
13
17
17
17
12
10
13
23
17
13
15
16
16
18
15
12
8
18
18
15
16
16
9
18
17
11
15
15
16
11
23
11
21
13
15
25
13
22
15
14
10
12
10
19
17
12
18
18
13
14
12
14
19
18
18
19
14
14
9
15
20
20
14
12
15
16
16
16
17
8
21
10
15
20
7
16
18
16
14
12
9
14
10
14
7
20
15
11
13
13
17
18
18
18
9
15
13
14
16
15
13
8
11
12
12
11
15
10
13
21
21
16
18
14
15
14
11
15
14
18
10
14
13
19
4
19
8
16
18
18
14
19
11
16
15
16
12
19
26
18
24
27
27
23
27
18
21
18
16
17
22
22
25
22
22
25
24
22
21
18
27
27
16
26
18
14
18
20
23
24
21
25
22
22
21
17
19
30
16
20
14
15
11
14
8
14
14
18
21
17
20
19
14
19
20
19
21
15
25
13
24
23
15
23
29
17
14
23
19
31
24
22
24
28
20
21
24
22
23
22
30
23
18
21
26
28
24
23
17
21
24
17
14
12
24
17
16
23
12
15
14
17
16
24
18
10
11
14
12
10
19
18
18
18
23
13
18
14
15
8
24
22
21
11
16
24
18
17
20
16
13
19
15
19
14
22
18
14
15
18
17
20
24
11
15
15
12
13
18
11
16
15
22
19
20
25
27
14
19
12
13
17
19
17
23
14
18
23
22
16
18
14
13
21
7
18
19
17
10
16
17
20
19
13
18
15
17
15
14
21
13
15
8
10
22
13
12
16
11
11
15
12
13
19
12
16
15
18
12
20
17
11
18
14
11
12
11
12
10
7
14
21
15
11
20
13
18
22
7
16
14
21
14
7
14
13
19
15
13
12
17
8
7
18
7
16
8
12
11
14
12
10
13
8
11
15
11
8
14
16
10
8
11
12
8
13
10
7
17
10
7
18
11
11
12
19
9
8
13
12
4
13
9
12
16
10
11
13
9
9
5
13
4
7
10
9
13
7
11
17
13
3
6
14
12
10
12
10
13
9
6
10
10
7
12
2
9
17
9
10
13
10
11
9
9
17
9
13
12
6
9
16
16
13
16
19
11
13
11
15
10
28
17
18
20
18
20
27
28
22
24
20
28
22
29
26
28
21
29
26
45
32
39
43
37
27
35
45
46
45
46
55
28
42
47
35
22
41
36
45
47
27
52
35
35
36
37
42
29
26
31
32
28
28
24
27
29
32
15
19
21
29
22
16
20
12
18
14
15
10
11
10
12
13
6
10
17
4
11
8
11
9
10
10
4
10
10
8
11
10
2
9
5
10
15
7
6
7
6
10
8
11
10
7
10
10
4
12
9
9
10
11
7
10
9
13
3
11
7
9
6
15
10
6
8
9
6
6
7
20
9
8
5
5
5
12
6
9
12
14
10
7
7
6
9
9
11
13
13
7
14
3
4
11
4
7
11
11
9
15
10
11
10
4
8
5
4
13
8
4
7
17
9
10
8
4
12
8
4
$ROI:
43
143 193
144 194
424 531
429 529
440 544
440 545
440 549
443 544
443 553
490 516
604 1134
679 1395
690 1434
772 934
800 953
827 855
828 856
840 1946
849 1974
857 2002
872 900
880 1058
887 915
914 1083
1010 1038
1208 1258
1345 1375
1418 1448
2436 2526
3229 3279
3607 3645
6449 6521
6459 6531
6463 6535
6464 6536
6467 6539
6471 6543
6482 6526
6489 6513
6497 6521
12997 13047
12999 13049
13000 13050
