$SPEC_ID:
GAMWIN
$SPEC_REM:


$DETDESC:

$DATE_MEA:
10/17/2025 07:53:01
$MEAS_TIM:
25877.74 27569.10
$MCA_CAL:
3
1.32118272781372E+001 1.29107522964478E+000 0.00000000000000E+000
$DATA:
0 2047
0
0
0
0
0
0
0
0
0
0
0
0
0
0
0
0
0
0
0
0
0
0
0
0
0
0
0
0
0
0
0
0
0
0
0
5002
5289
5515
5885
6188
6670
6890
7132
7540
7417
7853
8193
8845
9725
10623
11727
12284
12172
11552
10820
9897
9161
8265
8150
7985
7880
7625
7612
7095
6547
6229
5652
5164
4871
4554
4299
4250
4087
4072
4008
4016
3887
3983
3962
3766
3800
3864
3843
3885
3722
3920
3861
3925
3995
3980
4034
3964
3939
4013
3884
3968
3874
3847
3930
3921
4040
3940
3980
3918
3898
3785
3869
3776
3822
3653
3675
3640
3674
3554
3483
3408
3378
3379
3478
3321
3395
3363
3501
3490
3516
3770
3763
3861
3981
3957
3871
3917
3834
3802
3675
3527
3372
3299
3122
3047
3056
3166
3051
3013
3108
3034
2975
3029
3130
2957
2943
2945
2922
2758
2843
3013
2982
3144
3215
3501
3729
4056
4402
4829
5244
5583
5737
5996
6028
6015
5821
5488
5000
4629
4213
3802
3397
3004
2786
2621
2485
2373
2319
2200
2157
2098
2220
2193
2171
2129
2196
2147
2303
2210
2197
2214
2235
2269
2384
2429
2398
2551
2621
2914
3050
3240
3276
3303
3360
3285
3274
3205
3092
2839
2589
2377
2207
1973
1926
1793
1706
1504
1498
1537
1486
1415
1468
1547
1511
1573
1559
1723
1734
1760
1933
2054
2118
2263
2413
2612
2718
2804
2960
3337
3468
3631
3727
3953
3971
3866
3928
3736
3548
3271
3065
2720
2428
2192
2015
1715
1461
1381
1248
1173
1031
1034
977
928
891
924
975
935
873
925
936
957
895
919
947
911
893
890
898
891
871
924
902
868
883
926
868
874
841
843
812
810
798
821
841
767
760
808
746
714
733
702
711
724
707
726
727
773
692
734
692
718
725
711
732
739
704
756
748
709
759
712
773
805
748
774
796
747
739
747
772
704
702
726
696
664
704
666
647
631
707
646
650
625
665
634
660
600
692
734
638
700
734
732
735
774
740
768
813
813
775
843
732
828
748
790
733
667
668
676
657
637
638
612
595
522
584
589
555
525
547
559
564
514
548
515
547
547
522
535
533
577
603
593
604
630
656
636
687
707
690
804
784
798
897
951
920
1039
1121
1067
1180
1156
1169
1205
1295
1359
1347
1334
1353
1360
1393
1545
1545
1585
1612
1709
1843
1921
1946
1881
1952
1896
2000
2010
1914
1783
1719
1623
1468
1456
1374
1191
1159
951
883
798
790
702
646
618
540
527
517
492
432
443
429
428
427
420
436
438
437
425
424
472
430
455
461
425
444
472
431
423
448
439
441
403
459
428
440
399
418
391
432
426
441
374
412
460
436
418
412
391
429
437
405
427
420
448
450
456
429
415
475
471
434
466
434
467
477
461
474
466
489
500
476
511
473
481
445
460
458
478
492
431
473
445
435
476
433
456
451
462
431
489
467
476
481
469
490
467
530
515
498
520
534
544
543
529
501
526
491
540
499
494
507
483
470
452
468
489
479
458
522
456
520
451
425
437
433
429
417
383
405
453
383
421
384
393
371
392
386
395
364
356
412
378
382
370
418
368
397
366
389
383
400
389
407
380
408
386
377
432
414
375
351
395
406
371
414
398
437
435
381
405
410
405
398
380
400
394
375
380
390
350
347
386
370
393
359
393
423
437
441
427
461
450
433
490
488
526
509
538
504
551
575
628
586
592
638
637
613
633
577
619
562
571
585
547
609
518
515
534
499
496
454
469
495
423
408
461
445
393
450
457
445
423
456
462
455
436
459
467
476
534
465
487
494
500
535
559
556
513
505
442
480
491
487
502
499
449
463
437
429
405
375
407
371
388
335
340
346
332
355
311
340
311
315
329
299
309
319
312
319
285
294
326
273
280
281
305
300
267
290
312
289
297
297
303
280
288
289
261
288
320
332
303
263
283
357
309
316
282
286
297
349
313
305
278
295
321
324
294
317
317
345
305
324
305
335
285
315
312
319
322
322
339
353
331
348
335
360
342
409
377
365
386
398
384
367
403
434
430
444
446
430
466
508
498
491
538
539
531
553
525
559
499
497
484
495
509
491
470
445
423
478
457
434
420
447
387
359
412
372
386
347
375
319
337
355
395
331
360
337
340
329
329
336
362
350
326
347
307
325
347
322
319
329
331
324
342
321
311
298
345
324
309
329
323
309
316
315
305
313
304
356
355
330
337
310
325
342
340
332
325
323
329
345
346
339
371
339
356
354
360
369
312
357
347
373
367
337
326
320
346
322
286
301
292
287
294
282
264
271
280
274
244
266
229
218
229
218
244
218
211
190
194
223
180
190
188
183
206
187
178
175
170
181
195
169
166
181
155
170
142
153
167
125
148
159
141
144
126
156
149
149
147
146
132
130
120
128
148
126
132
127
132
117
140
133
127
132
137
133
113
133
128
123
117
150
145
127
129
127
132
154
138
156
127
150
159
159
145
173
158
188
179
164
196
185
191
195
174
204
185
196
200
191
207
190
185
214
182
206
186
212
192
211
200
211
202
201
201
216
229
242
233
239
246
255
272
252
318
305
331
346
426
364
425
464
445
477
594
584
683
654
764
784
833
911
1033
1065
1098
1097
1201
1265
1313
1376
1415
1437
1476
1451
1436
1470
1451
1536
1383
1343
1343
1317
1276
1210
1199
1167
1058
972
922
849
869
794
743
650
590
530
506
437
429
360
361
323
288
251
230
228
192
188
182
155
151
148
157
113
133
123
102
112
129
91
93
105
102
93
105
97
105
94
85
88
95
86
80
83
80
85
64
80
78
62
58
67
78
63
74
63
72
76
85
62
68
64
85
74
82
79
85
83
83
98
81
81
91
76
74
82
79
88
75
89
81
67
94
106
89
78
74
81
85
87
73
79
82
82
77
72
78
84
72
65
68
64
85
59
78
75
63
73
70
58
74
67
63
68
59
78
56
66
64
70
47
57
41
56
56
70
58
58
57
42
68
53
46
71
55
49
48
51
46
58
51
55
61
50
52
48
65
46
43
55
40
43
54
58
63
57
49
59
61
48
71
65
61
56
68
59
79
70
49
75
70
71
67
59
82
76
91
83
94
102
97
91
116
105
93
92
134
91
102
122
115
129
129
142
147
150
147
153
116
152
176
161
134
171
164
158
181
171
135
158
142
154
169
157
140
133
137
154
137
121
120
127
118
113
99
84
94
84
77
86
69
66
66
54
63
52
57
57
49
55
46
36
35
41
39
45
52
40
49
42
55
50
54
51
45
38
39
48
39
46
44
48
46
41
36
49
40
59
43
58
48
50
48
64
54
52
47
43
36
44
29
37
33
45
50
46
52
35
30
45
40
37
36
45
49
28
51
41
34
27
43
40
37
25
37
20
22
31
40
28
43
38
32
24
34
23
37
40
45
25
27
25
33
32
23
26
28
29
25
18
29
26
40
30
30
25
25
33
27
24
31
35
34
31
18
17
30
24
32
30
30
33
25
26
31
28
31
35
30
29
22
23
33
22
21
22
17
30
19
22
23
26
25
19
26
37
22
21
25
22
24
29
16
32
28
25
34
37
19
28
26
25
17
10
28
36
25
20
30
24
30
31
22
26
24
26
25
19
33
23
20
24
37
27
23
19
22
31
27
21
30
28
33
36
39
27
30
29
29
27
30
32
27
29
37
31
25
33
38
29
37
40
36
29
43
39
39
36
50
42
38
39
42
45
53
39
46
46
39
40
43
47
47
48
51
45
44
62
50
48
52
35
40
54
44
48
34
36
37
42
47
42
38
39
28
35
25
22
36
34
49
37
33
34
39
27
33
35
38
29
39
32
31
35
44
41
30
39
37
50
28
45
34
44
46
51
50
61
55
49
60
44
46
58
50
49
51
51
55
56
63
42
59
57
49
50
49
58
43
47
34
36
56
44
41
42
41
52
33
34
37
41
38
25
37
37
25
40
24
17
28
29
26
32
22
30
26
32
18
31
23
27
30
30
24
23
27
26
31
35
30
29
27
26
21
22
22
23
30
33
26
25
24
25
25
21
18
22
27
31
34
21
32
26
29
26
26
20
41
26
17
26
27
22
30
24
33
30
26
28
32
17
25
35
25
22
31
21
28
27
29
24
12
19
29
24
30
21
20
26
20
21
34
25
28
24
17
21
26
17
17
18
13
19
20
21
23
26
20
21
20
27
22
25
11
21
22
14
17
23
20
15
20
20
19
14
22
27
21
16
24
17
26
19
21
18
20
19
17
21
27
27
20
18
15
19
20
29
27
20
18
18
19
22
25
12
21
19
21
19
15
17
14
19
18
18
16
26
17
16
13
12
16
19
12
14
9
14
15
14
20
10
13
13
17
17
13
10
7
19
12
9
13
9
6
16
7
6
11
16
9
15
8
9
11
7
12
8
9
9
9
9
9
7
17
12
7
16
12
11
10
15
11
12
12
11
7
13
18
18
9
18
18
14
13
19
18
18
25
23
24
24
20
32
36
40
34
31
42
28
45
46
41
48
50
47
60
64
66
90
75
51
62
76
87
70
89
63
72
90
91
90
86
90
76
82
89
104
85
78
70
73
83
85
61
74
58
53
60
65
49
64
42
47
50
46
47
35
59
36
41
29
35
20
25
28
23
27
25
23
21
29
13
17
13
18
7
19
8
18
7
12
18
13
9
8
7
6
5
10
8
5
5
16
10
10
12
9
13
4
8
8
12
6
9
4
4
13
7
4
3
3
4
7
6
9
7
6
14
9
7
5
10
7
10
11
6
0
6
13
8
11
7
7
6
2
7
5
8
7
9
8
11
11
4
3
7
6
15
4
3
10
9
4
3
9
7
7
4
9
10
10
5
5
11
6
10
3
5
9
5
5
8
6
8
2
3
4
8
5
11
6
5
7
7
$ROI:
43
143 193
144 194
424 531
429 529
440 544
440 545
440 549
443 544
443 553
490 516
604 1134
679 1395
690 1434
772 934
800 953
827 855
828 856
840 1946
849 1974
857 2002
872 900
880 1058
887 915
914 1083
1010 1038
1208 1258
1345 1375
1418 1448
2436 2526
3229 3279
3607 3645
6449 6521
6459 6531
6463 6535
6464 6536
6467 6539
6471 6543
6482 6526
6489 6513
6497 6521
12997 13047
12999 13049
13000 13050
