$SPEC_ID:
GAMWIN
$SPEC_REM:


$DETDESC:

$DATE_MEA:
10/15/2025 07:38:43
$MEAS_TIM:
27756.64 28731.11
$MCA_CAL:
3
1.32118272781372E+001 1.29107522964478E+000 0.00000000000000E+000
$DATA:
0 2047
0
0
0
0
0
0
0
0
0
0
0
0
0
0
0
0
0
0
0
0
0
0
0
0
0
0
0
0
0
0
0
0
0
0
0
2898
3042
3256
3454
3690
3906
4059
4246
4382
4591
4800
5105
5602
6152
6782
7546
7736
7865
7494
6888
6363
5634
5416
5020
4981
4946
4853
4621
4544
4141
3829
3457
3151
3029
2793
2637
2690
2508
2561
2498
2416
2434
2445
2341
2270
2345
2342
2439
2445
2317
2517
2431
2422
2566
2577
2682
2543
2548
2533
2485
2466
2476
2437
2473
2428
2472
2461
2503
2536
2442
2430
2348
2450
2352
2305
2288
2200
2251
2234
2167
2110
2097
2065
2195
2093
2076
2052
2079
2097
2083
2154
2264
2329
2356
2340
2412
2416
2392
2274
2114
2161
2068
2008
1929
2031
1961
1950
1885
1929
1969
1965
1989
2046
1930
1997
1974
1869
1926
1854
1924
1827
2031
2083
2240
2406
2692
2832
3076
3541
3840
4184
4241
4480
4551
4375
4244
3850
3603
3229
2814
2460
2195
1881
1689
1602
1540
1405
1375
1375
1325
1405
1372
1366
1406
1387
1454
1485
1379
1403
1441
1371
1367
1391
1439
1443
1488
1594
1579
1671
1784
1869
1876
1969
1981
1916
1918
1761
1751
1714
1524
1477
1262
1129
1158
1014
1064
976
943
967
1028
1050
959
1045
1033
1086
1035
1147
1122
1237
1297
1410
1440
1542
1545
1616
1755
1850
1922
1918
2073
2152
2224
2290
2182
2211
2132
2127
1892
1750
1626
1547
1348
1216
1065
957
842
772
730
694
652
611
659
597
607
578
577
527
540
555
580
557
581
559
558
575
588
638
569
577
575
580
623
583
568
577
565
551
574
544
543
520
571
559
505
477
533
500
505
456
467
470
501
450
476
458
466
465
423
440
460
448
455
460
452
408
506
468
513
485
477
525
488
521
503
504
489
511
474
509
501
484
482
454
450
462
450
409
409
402
432
424
383
397
427
404
431
428
455
481
457
497
511
481
537
545
550
569
596
524
567
572
536
552
530
508
501
466
456
422
357
405
395
385
383
415
358
380
359
390
322
339
368
347
361
325
395
370
404
354
386
343
378
338
412
397
444
441
460
436
533
607
567
652
622
693
682
728
810
818
858
906
916
883
960
853
925
907
995
934
935
935
957
962
953
1027
1018
1068
1073
1082
1102
1062
1100
1073
1006
987
935
916
842
762
746
623
621
531
511
435
463
417
368
391
347
334
312
304
298
312
286
284
263
304
286
276
277
288
307
267
272
247
305
287
287
255
277
279
299
288
298
258
264
274
290
268
272
247
262
260
250
230
258
274
273
275
250
283
257
258
259
267
321
297
285
274
301
304
290
310
307
287
300
288
342
336
343
318
354
341
343
294
302
333
316
312
325
318
296
306
299
287
312
292
298
291
313
291
284
315
328
304
275
274
319
321
318
300
340
295
296
322
304
297
343
325
311
292
329
319
322
336
322
310
319
334
320
294
303
288
278
291
284
328
253
275
269
272
280
262
261
246
266
243
259
224
229
241
228
238
230
233
242
243
237
244
220
246
231
253
274
251
256
246
250
227
248
252
291
279
245
264
255
248
268
243
287
276
253
243
234
272
258
237
256
259
237
233
236
241
225
245
253
262
258
241
285
255
272
313
263
282
323
331
349
362
358
403
386
444
402
398
457
442
441
426
448
445
412
448
462
403
399
383
378
399
337
377
310
354
284
345
273
286
307
298
299
303
285
295
302
292
283
331
304
296
272
312
326
338
315
321
371
348
380
401
379
370
364
348
338
350
341
319
318
294
293
273
278
270
248
272
256
224
213
196
209
177
213
196
170
204
197
196
207
172
213
183
181
177
186
202
159
171
138
192
142
178
168
161
165
164
163
182
173
169
163
159
168
198
195
181
186
185
162
184
153
172
180
199
170
170
155
144
170
176
198
194
170
169
175
195
184
182
176
169
178
204
180
164
200
213
229
199
185
229
220
184
188
242
198
219
226
257
244
219
239
247
235
253
285
280
258
282
282
290
301
320
291
280
282
295
308
270
253
283
279
267
255
289
275
224
226
219
225
244
221
210
187
175
204
216
197
223
214
206
193
190
183
186
182
187
192
188
182
185
189
186
169
177
193
192
183
189
199
173
183
178
169
190
197
168
189
211
175
170
200
197
232
188
179
175
173
186
191
191
195
203
173
179
202
197
218
219
195
175
190
234
194
199
194
204
180
204
232
203
206
182
211
168
199
184
190
189
176
169
174
138
144
161
153
142
126
130
127
117
138
130
113
136
111
121
110
111
115
107
112
110
117
98
111
109
126
103
104
86
105
112
95
114
88
85
108
96
87
88
89
70
78
97
81
49
89
76
74
73
89
75
81
89
84
89
90
73
79
75
66
85
87
68
85
75
81
85
68
91
93
77
92
84
69
88
81
96
108
68
103
111
107
113
108
97
114
92
119
101
124
126
107
109
105
107
124
130
107
136
104
103
116
128
102
121
114
136
121
126
132
111
107
116
131
128
141
140
135
164
156
192
185
194
226
219
204
217
279
301
300
311
362
387
422
454
452
494
506
594
585
573
598
703
666
734
789
766
805
825
806
849
801
815
832
808
761
702
708
643
704
646
589
593
566
499
487
467
419
427
322
301
282
274
263
194
210
192
170
162
137
120
129
118
122
107
102
105
105
81
82
77
69
62
69
70
76
56
68
57
60
46
71
60
59
57
53
62
50
53
61
40
42
50
43
40
49
51
45
48
49
51
37
36
55
45
53
40
52
48
53
52
49
68
61
51
68
44
49
57
54
67
61
76
68
59
62
64
62
41
50
57
59
64
53
55
63
48
58
53
61
55
57
54
55
44
57
40
54
55
56
43
45
52
44
35
42
38
46
54
55
38
45
54
34
36
42
41
43
56
44
36
43
32
37
31
32
43
39
31
34
51
39
43
26
24
32
25
44
39
30
49
26
24
37
25
35
34
50
31
37
46
50
40
37
31
36
34
35
51
41
37
43
34
36
39
42
32
43
46
38
44
62
48
49
50
56
53
45
66
52
57
58
61
55
89
65
52
73
73
67
84
72
72
92
82
95
88
77
93
69
83
71
87
102
96
99
95
94
95
95
69
79
87
99
57
71
81
68
65
66
69
42
47
48
42
34
34
39
42
37
34
34
31
31
36
39
31
27
23
36
37
38
22
33
38
32
34
31
35
25
25
24
32
28
36
32
21
33
28
32
28
29
36
43
34
36
36
35
38
34
32
25
36
29
33
33
36
30
34
27
37
47
31
20
27
32
28
28
22
26
26
25
29
27
22
19
30
25
26
21
17
26
16
18
22
19
26
19
25
17
24
19
25
32
20
22
16
19
19
20
22
21
22
16
16
23
19
22
19
24
19
21
20
21
17
24
18
15
26
24
15
23
22
19
18
17
29
13
19
13
17
23
19
26
17
18
22
14
31
23
25
25
20
24
17
18
19
25
18
16
16
25
29
22
19
12
21
15
12
18
20
20
25
25
22
16
13
22
29
17
15
21
32
15
19
16
15
21
19
18
19
14
20
29
19
15
29
14
19
19
20
25
24
21
22
19
21
27
19
16
16
23
21
33
26
22
18
24
29
21
24
26
30
19
25
27
29
32
33
35
34
38
29
43
23
34
35
27
34
38
36
35
38
43
46
43
37
35
29
29
49
36
48
25
40
36
43
30
27
32
32
39
28
30
24
21
25
35
27
23
17
35
31
28
22
31
31
25
27
22
34
22
25
28
20
28
28
15
17
31
27
21
37
34
31
35
28
31
35
38
37
29
38
34
27
51
39
37
41
37
49
27
38
33
43
26
37
33
53
36
26
29
38
39
22
25
33
33
38
25
28
27
33
28
25
32
32
28
34
12
32
26
28
36
22
22
20
21
28
25
16
15
24
24
16
24
30
20
21
20
26
18
24
30
22
20
16
24
21
14
19
28
20
17
25
25
29
16
20
18
33
23
21
18
30
25
25
17
25
22
23
19
25
15
20
18
25
34
19
19
17
18
21
35
28
20
25
20
15
24
21
20
21
23
24
25
20
20
25
20
27
16
22
25
23
19
26
16
19
20
21
19
18
27
18
23
18
28
17
18
9
25
13
18
17
19
17
22
21
14
14
11
5
17
17
19
14
16
17
19
14
11
13
16
18
12
18
21
21
9
18
16
9
20
15
15
20
14
14
20
12
13
25
16
13
15
24
19
15
14
19
18
11
11
19
13
18
9
14
11
8
17
17
18
13
15
15
14
20
10
19
11
12
7
12
10
9
10
11
14
12
10
17
8
13
10
18
16
9
5
11
5
10
14
13
6
9
3
6
7
7
8
7
6
5
10
7
7
9
4
14
13
8
9
11
7
15
9
5
12
16
11
16
8
10
18
11
17
14
11
16
18
20
13
19
15
30
28
34
20
29
29
26
24
41
32
52
42
35
37
55
48
51
59
50
69
63
67
60
64
73
63
70
82
72
61
77
72
79
79
64
71
81
79
94
90
69
56
59
62
63
54
61
67
71
58
44
46
54
36
54
42
33
35
41
27
41
20
27
26
21
23
25
23
11
18
23
14
11
14
20
11
11
9
12
11
9
8
9
13
6
7
7
9
12
8
9
6
7
8
7
4
8
4
8
4
3
8
10
9
6
6
8
7
11
3
4
6
10
7
9
5
4
8
5
12
10
3
8
8
7
9
6
7
6
5
11
9
4
7
7
4
9
3
2
12
4
8
4
10
7
4
8
3
6
7
10
6
4
12
4
5
8
1
6
6
4
3
6
10
2
7
4
8
7
3
5
10
4
10
6
5
6
7
6
9
8
8
5
9
6
$ROI:
43
143 193
144 194
424 531
429 529
440 544
440 545
440 549
443 544
443 553
490 516
604 1134
679 1395
690 1434
772 934
800 953
827 855
828 856
840 1946
849 1974
857 2002
872 900
880 1058
887 915
914 1083
1010 1038
1208 1258
1345 1375
1418 1448
2436 2526
3229 3279
3607 3645
6449 6521
6459 6531
6463 6535
6464 6536
6467 6539
6471 6543
6482 6526
6489 6513
6497 6521
12997 13047
12999 13049
13000 13050
