$SPEC_ID:
GAMWIN
$SPEC_REM:


$DETDESC:

$DATE_MEA:
05/01/2025 11:58:49
$MEAS_TIM:
69741.88 69889.45
$MCA_CAL:
3
1.32118272781372E+001 1.29107522964478E+000 0.00000000000000E+000
$DATA:
0 2047
0
0
0
0
0
0
0
0
0
0
0
0
0
0
0
0
0
0
0
0
0
4323
3651
3457
3637
3474
3559
3471
3521
3471
3468
3312
3220
3114
3167
3128
3191
3241
3439
3627
3730
3955
4222
4156
4268
4515
4756
5025
5460
6021
6539
6977
7002
6917
6380
5953
5467
5077
4857
4758
4632
4618
4444
4388
4082
3790
3494
3237
2997
2842
2812
2639
2526
2528
2511
2520
2536
2449
2423
2487
2378
2357
2352
2456
2370
2400
2525
2435
2490
2584
2537
2547
2447
2413
2492
2413
2425
2402
2432
2370
2418
2380
2332
2384
2339
2321
2259
2293
2360
2156
2241
2233
2165
2056
2130
2176
2044
2009
2005
1954
1976
1967
2004
2042
2028
2070
2067
2124
2123
2145
2292
2226
2157
2204
2023
2072
2016
1933
1956
1960
1941
1927
1930
1949
2023
1995
1990
1990
2042
1976
1966
1959
1944
1884
1907
1826
2002
1949
2091
2129
2466
2651
2907
3039
3441
3645
3907
4122
4343
4262
4318
4073
3675
3515
3149
2730
2434
2297
1992
1743
1629
1586
1491
1449
1467
1445
1485
1474
1428
1399
1476
1467
1387
1575
1484
1449
1430
1453
1446
1302
1461
1431
1498
1490
1525
1524
1588
1660
1664
1667
1685
1693
1595
1568
1498
1437
1369
1306
1214
1147
1150
1141
1044
1043
1042
1054
1050
972
1006
1094
1100
1128
1209
1206
1300
1374
1388
1449
1464
1448
1572
1545
1599
1668
1703
1723
1761
1799
1779
1779
1789
1689
1683
1678
1582
1394
1328
1216
1191
1067
1009
952
846
813
752
767
751
716
723
697
671
680
692
674
673
682
673
685
654
683
635
690
693
620
623
634
670
653
651
684
621
655
637
651
654
654
648
640
590
589
621
580
599
600
582
514
557
555
545
557
576
568
551
552
606
526
562
534
594
578
562
576
611
605
552
567
581
571
642
586
626
594
603
556
585
581
581
601
576
581
529
532
593
477
464
536
472
502
509
516
537
515
515
522
556
547
530
617
581
597
602
693
686
679
714
709
712
737
718
698
661
626
620
627
597
602
527
524
542
482
465
471
425
471
450
436
437
459
481
445
464
482
464
443
430
449
441
487
460
487
510
477
516
515
487
570
571
570
603
618
708
696
795
798
832
880
845
958
945
921
911
945
919
955
873
868
923
822
857
851
850
874
852
859
841
884
871
865
911
888
912
825
840
758
705
714
696
646
598
581
514
568
506
503
416
425
426
385
400
403
406
343
386
379
372
335
400
365
402
356
325
350
371
348
376
383
386
408
340
383
386
400
350
363
387
339
402
358
350
354
336
370
345
331
309
335
369
348
376
349
370
339
376
374
356
385
363
398
352
346
389
388
357
388
371
397
372
398
413
389
447
442
393
420
396
405
376
416
433
375
408
407
368
397
401
357
362
379
372
394
357
387
350
371
359
359
369
381
388
418
359
402
390
355
381
372
391
398
404
422
408
371
395
393
431
378
411
407
400
362
357
386
389
347
323
384
343
375
346
368
370
332
311
354
351
328
302
306
312
326
313
314
283
312
354
335
334
341
304
316
318
340
339
310
327
339
342
334
316
317
325
312
316
358
333
310
311
297
330
344
333
318
319
326
345
353
327
313
351
353
322
305
346
296
306
340
321
331
339
314
320
321
351
361
345
398
389
428
410
443
440
487
481
494
471
477
464
517
537
542
504
527
526
535
497
504
486
453
456
448
434
444
437
416
394
394
395
385
375
360
372
385
356
360
369
386
349
379
377
387
437
448
459
414
416
416
442
438
490
456
426
477
496
458
468
450
441
457
408
392
401
402
387
416
381
349
349
330
332
316
323
300
340
309
280
259
294
312
292
257
269
312
264
277
282
260
269
273
293
282
248
299
296
285
274
279
273
275
286
266
272
236
274
289
302
289
293
290
290
273
274
268
271
275
321
288
276
300
252
283
306
285
256
277
294
270
313
294
315
281
312
297
289
333
273
296
304
292
304
308
311
296
320
299
317
328
300
368
357
334
330
338
339
376
351
331
377
333
389
329
372
342
375
361
356
363
384
373
357
382
356
375
349
348
338
364
331
342
324
345
345
361
347
356
319
352
295
298
294
346
320
297
296
346
315
308
330
301
321
332
312
272
342
342
285
320
322
317
280
325
339
295
339
345
312
302
326
358
310
353
330
292
342
342
324
334
324
315
292
325
326
308
322
346
329
340
321
289
300
309
300
315
295
299
288
322
343
307
303
284
274
306
299
295
292
277
253
270
253
249
210
248
234
225
252
218
204
206
221
195
196
194
193
170
195
189
164
186
178
184
150
180
169
138
157
168
185
149
134
129
158
143
132
115
157
140
117
108
140
125
133
112
104
123
115
100
104
124
118
117
108
101
137
119
101
117
91
120
99
98
100
104
112
110
95
115
119
93
122
120
114
98
92
108
87
95
96
98
97
98
83
90
96
114
125
119
117
107
120
121
110
107
121
107
133
114
124
104
120
108
116
124
127
99
124
129
127
125
128
130
142
153
153
111
131
186
157
157
166
190
162
190
190
235
246
245
316
309
312
342
393
393
428
462
538
572
657
643
740
793
848
939
988
984
1167
1151
1259
1271
1397
1409
1510
1552
1600
1608
1714
1632
1621
1614
1620
1634
1618
1569
1516
1493
1480
1378
1289
1212
1085
1101
1019
967
796
820
709
625
549
577
495
436
384
373
303
331
253
220
223
185
165
175
144
134
118
106
100
100
94
93
104
75
93
66
83
76
61
63
64
71
48
66
62
64
58
65
66
57
47
37
55
64
43
53
48
45
57
57
59
53
69
54
46
58
64
61
62
55
57
48
57
51
43
48
62
60
54
77
51
67
70
63
73
62
67
81
62
70
52
54
77
62
46
68
75
57
75
82
61
60
59
60
61
62
56
64
49
59
45
48
57
56
48
58
46
65
51
49
54
48
44
42
64
49
43
54
39
43
50
43
38
35
26
39
44
33
58
43
32
38
46
30
36
39
28
35
36
40
28
41
25
43
44
39
34
34
39
34
53
41
38
36
39
44
41
38
47
53
41
43
45
48
40
40
50
46
46
42
35
55
41
41
51
53
52
58
60
41
54
55
47
60
58
53
64
55
56
71
52
46
51
42
71
82
80
60
73
74
68
71
76
71
54
78
72
58
67
89
63
80
68
72
62
70
47
60
59
55
59
49
48
58
39
40
55
34
47
52
28
38
41
24
29
36
31
40
37
39
33
35
30
25
36
51
26
41
36
27
31
38
33
38
45
36
26
32
31
26
37
42
32
31
21
35
39
39
45
26
46
39
35
25
31
25
28
28
29
28
23
31
41
42
34
25
30
30
26
35
20
25
29
31
42
37
33
27
29
31
41
25
24
31
26
26
25
23
22
30
33
29
32
28
27
37
25
22
24
27
35
27
26
20
19
34
36
28
25
33
27
22
27
18
11
34
26
25
28
35
29
29
26
33
36
17
42
30
27
22
29
23
29
21
20
27
32
21
26
26
28
29
31
24
28
21
14
23
28
33
28
26
27
23
32
21
29
26
20
28
30
31
17
27
29
31
37
33
25
31
23
20
28
28
32
22
26
28
31
35
21
34
22
35
27
23
24
23
29
24
29
25
28
18
27
31
27
26
24
18
25
24
20
27
28
37
36
33
24
29
25
30
29
29
29
32
23
41
38
27
37
28
31
31
25
30
37
29
44
37
46
37
41
31
39
42
37
54
42
39
49
44
56
35
46
45
48
39
32
43
46
53
35
42
35
31
35
33
30
36
36
43
36
39
20
32
19
39
29
42
37
30
35
38
30
27
30
40
31
30
27
37
29
40
27
28
41
26
27
32
47
26
33
30
36
34
36
25
44
37
32
38
36
36
44
34
28
26
34
44
42
34
30
34
44
38
38
24
37
31
36
24
32
21
39
25
33
36
29
31
43
27
29
28
26
28
33
24
31
39
28
34
34
20
26
43
25
31
25
33
33
29
28
30
21
27
20
21
22
28
26
27
28
33
35
30
26
23
20
21
28
26
25
19
21
32
16
25
22
30
29
23
26
29
29
33
24
24
25
36
22
33
20
24
27
28
23
26
24
20
16
21
24
21
22
25
25
28
34
18
26
24
21
20
26
31
23
30
20
29
31
31
21
24
24
22
25
31
23
27
32
31
36
30
15
24
22
32
16
34
30
23
23
24
25
37
24
24
30
18
25
17
23
17
19
17
28
20
13
20
19
19
19
21
15
15
25
19
23
13
33
22
18
20
22
14
19
12
24
18
17
20
14
7
26
20
23
22
23
24
23
16
20
21
14
19
15
17
17
11
21
22
17
17
12
19
15
16
14
18
23
15
10
14
13
18
19
12
10
16
24
15
17
15
10
18
15
23
14
18
8
16
15
12
20
12
21
20
16
12
20
8
12
15
7
17
15
12
14
11
18
13
6
17
13
14
14
20
14
16
23
8
16
17
14
23
23
19
18
16
15
19
17
25
18
28
18
24
34
33
17
29
45
27
42
35
42
64
46
47
46
38
35
56
63
42
58
61
55
46
68
78
79
74
75
58
85
71
73
70
78
77
83
82
89
86
82
66
76
69
67
61
69
83
58
58
54
55
57
53
61
49
42
38
51
33
43
30
39
22
28
28
36
28
25
28
25
24
32
27
29
18
14
14
15
14
20
18
12
19
14
17
17
21
16
13
22
18
12
8
17
16
11
11
10
13
12
19
10
9
19
11
13
13
9
11
11
13
14
12
13
10
11
14
14
5
15
5
10
14
14
14
14
15
10
11
7
12
17
7
11
10
11
13
20
8
7
11
11
13
8
3
7
15
14
16
13
11
15
10
21
11
18
11
6
9
10
10
10
12
12
9
$ROI:
39
424 531
429 529
440 544
440 545
440 549
443 544
443 553
490 516
679 1395
772 934
800 953
827 855
828 856
840 1946
849 1974
857 2002
872 900
880 1058
887 915
914 1083
1010 1038
1208 1258
1345 1375
1418 1448
2436 2526
3229 3279
3607 3645
6449 6521
6459 6531
6463 6535
6464 6536
6467 6539
6471 6543
6482 6526
6489 6513
6497 6521
12997 13047
12999 13049
13000 13050
