$SPEC_ID:
GAMWIN
$SPEC_REM:


$DETDESC:

$DATE_MEA:
04/30/2025 07:03:57
$MEAS_TIM:
27535.97 27600.96
$MCA_CAL:
3
1.32118272781372E+001 1.29107522964478E+000 0.00000000000000E+000
$DATA:
0 2047
0
0
0
0
0
0
0
0
0
0
0
0
0
0
0
0
0
0
0
0
0
1914
1661
1530
1633
1559
1555
1630
1674
1621
1554
1612
1474
1523
1452
1440
1520
1552
1684
1834
1828
1961
2075
2104
2250
2132
2360
2569
2660
3153
3445
3531
3566
3621
3307
2989
2818
2644
2392
2518
2387
2343
2256
2238
2087
1867
1850
1589
1483
1390
1345
1255
1222
1282
1106
1176
1164
1199
1133
1155
1156
1112
1059
1199
1205
1147
1155
1132
1243
1222
1177
1197
1224
1197
1150
1196
1147
1206
1140
1171
1073
1077
1034
1169
1182
1145
1137
1044
1074
1123
1080
1074
1090
1104
1002
1028
1043
948
1031
973
1028
1001
1005
1029
1042
989
1047
1164
1122
1116
1105
1163
1206
1113
1058
1025
978
1034
1020
985
957
941
943
970
966
938
963
917
971
933
990
908
931
924
953
921
917
935
1023
1072
1104
1205
1342
1491
1692
1803
1881
2041
2094
2148
1935
2018
1897
1733
1574
1435
1189
1091
1000
850
780
753
695
724
654
669
677
650
702
710
710
735
719
675
720
728
699
708
657
670
737
757
724
771
851
831
868
905
911
935
970
983
965
833
823
773
699
644
656
608
558
569
508
504
480
463
483
512
508
499
517
538
583
533
608
604
632
689
741
727
776
770
808
856
930
973
1006
1049
1070
1005
1030
1071
972
957
899
880
730
710
611
583
508
481
430
404
413
356
371
307
336
315
334
332
329
301
317
326
307
296
292
303
292
283
322
341
324
320
310
301
310
286
320
314
296
285
285
319
265
295
298
249
263
262
252
267
225
259
251
260
252
245
245
246
274
252
271
251
229
258
270
280
238
244
285
239
255
238
284
267
283
287
290
266
238
259
254
270
282
223
253
241
248
275
256
249
245
227
242
225
221
213
248
234
227
263
234
256
249
266
256
284
315
283
294
315
303
310
308
324
344
304
283
254
309
263
250
258
230
223
227
218
217
223
222
223
211
193
179
203
171
203
199
209
225
200
199
180
183
198
220
197
205
205
218
215
243
242
238
268
286
298
271
341
348
319
367
364
388
447
416
445
448
418
486
429
435
432
445
463
450
449
434
431
495
518
537
534
517
518
534
513
508
521
520
425
457
428
394
349
338
350
252
278
244
228
234
225
203
210
188
157
182
161
145
167
162
159
152
156
160
131
190
158
172
159
184
159
149
146
161
167
193
172
160
130
159
160
166
154
154
160
154
131
147
159
161
142
144
160
152
137
167
170
173
180
151
151
139
173
158
159
159
165
150
158
161
183
172
178
172
155
191
199
169
194
195
197
199
172
198
166
148
209
164
163
182
154
163
142
159
174
160
166
153
145
161
142
148
141
179
171
176
165
195
170
173
169
168
157
176
194
175
176
163
177
207
168
157
191
162
153
161
163
150
173
176
183
140
152
159
155
161
122
157
178
138
154
141
131
121
143
151
141
141
128
152
159
157
105
148
129
138
148
131
145
141
155
148
136
127
147
139
148
146
138
142
129
135
119
147
125
143
155
138
130
140
149
144
134
134
119
139
135
141
145
124
126
126
117
142
137
146
139
138
167
144
158
173
196
182
175
201
211
214
187
225
229
210
196
253
199
231
231
253
225
234
216
203
237
207
181
212
185
190
156
169
188
164
163
162
161
170
183
152
173
164
165
197
168
170
188
171
182
199
169
190
227
215
224
186
201
204
178
184
208
188
195
173
164
177
170
161
174
176
150
151
133
167
142
137
131
132
129
147
126
116
125
125
110
130
150
127
103
109
134
103
107
116
119
125
110
101
130
107
101
109
130
115
102
125
124
108
119
117
114
113
124
126
132
114
110
134
113
112
116
123
111
111
105
108
101
104
124
120
115
114
122
113
115
124
116
132
105
113
126
128
115
129
127
137
137
132
129
135
119
139
139
140
126
133
134
147
152
120
169
151
165
175
165
175
149
169
158
160
135
166
167
165
180
196
158
145
172
163
164
158
154
152
171
157
126
138
125
131
131
141
169
153
145
140
144
141
140
147
126
140
127
123
144
133
116
153
123
118
128
117
126
127
122
124
133
112
126
138
126
107
140
118
131
133
126
119
138
123
141
122
115
137
116
149
131
151
129
129
127
135
129
134
129
136
143
130
131
122
123
124
154
136
138
121
126
126
103
128
132
112
109
128
89
114
118
131
117
108
111
107
95
96
110
82
84
80
91
80
88
81
82
62
63
64
78
77
68
68
65
80
54
51
63
62
68
69
72
57
67
62
59
49
52
68
56
54
52
52
50
54
58
44
43
46
56
61
43
33
61
42
41
48
51
37
51
39
39
52
47
39
38
49
46
56
41
39
34
39
48
59
44
58
61
41
60
43
55
52
51
38
54
55
43
61
61
43
54
52
56
58
47
54
55
69
71
58
56
61
58
67
42
51
57
60
67
68
69
75
67
71
62
64
75
74
75
85
68
75
95
83
92
114
114
122
140
132
137
168
167
199
214
219
260
255
302
347
337
333
393
416
437
494
508
509
543
549
654
577
632
620
589
650
603
633
607
581
611
595
541
550
506
486
449
388
374
381
354
299
320
301
212
223
214
194
160
171
144
145
124
116
103
85
90
74
77
69
75
54
43
56
43
45
46
29
38
39
39
36
36
26
31
37
28
35
28
39
43
29
31
31
22
22
30
36
25
27
25
28
23
18
26
21
27
24
23
24
27
28
28
25
27
22
23
34
29
41
24
29
35
29
37
35
38
38
38
40
29
19
30
32
34
30
29
34
35
35
26
27
18
35
25
33
18
23
27
25
32
26
28
21
25
33
17
22
29
29
33
18
23
19
14
28
18
36
23
27
24
28
22
21
27
23
20
16
14
23
16
17
15
21
12
20
17
31
25
17
13
21
26
19
27
21
21
21
21
12
11
15
16
13
18
24
19
16
25
14
17
20
14
19
22
17
19
26
16
21
19
27
29
22
27
21
26
26
17
17
19
27
28
39
33
28
33
26
31
40
36
41
28
36
43
40
37
42
44
36
39
49
38
43
40
39
60
39
59
44
38
43
34
45
36
47
42
39
37
39
31
31
45
36
39
39
31
21
36
20
29
28
33
30
24
19
12
28
10
9
20
23
16
14
22
16
23
18
16
19
18
14
19
22
23
27
10
21
15
18
19
12
13
16
13
17
21
29
18
15
20
21
13
15
17
18
17
22
14
25
17
16
17
15
18
21
18
15
16
13
21
22
14
12
8
16
16
18
17
19
22
12
12
13
16
13
18
17
11
10
8
13
18
11
19
11
9
18
13
15
9
13
7
11
18
21
12
12
11
15
7
14
11
17
10
11
6
8
9
15
11
12
12
17
9
13
13
12
12
7
14
11
14
10
18
14
12
12
11
12
7
7
8
15
4
12
15
4
12
13
15
5
11
15
12
8
19
17
15
12
14
12
16
11
13
10
18
13
14
9
14
18
19
7
15
16
9
8
20
9
16
8
9
13
13
16
11
16
10
14
14
16
11
13
14
9
15
13
10
11
16
9
8
8
17
18
9
16
14
14
13
9
5
11
11
12
7
16
10
16
11
20
17
16
13
11
23
10
13
14
18
18
19
20
11
14
16
21
24
9
17
14
14
24
23
21
18
11
20
17
24
17
15
17
14
20
22
19
18
20
21
20
18
15
24
9
15
10
17
14
13
9
14
13
16
11
16
14
16
21
18
16
10
21
9
7
19
15
12
13
15
16
17
16
15
19
21
14
22
19
12
11
14
18
9
16
18
15
27
19
10
16
27
18
14
15
22
15
13
19
16
12
17
10
12
14
22
17
12
7
11
15
21
18
19
19
14
11
19
18
16
9
19
16
14
16
15
15
17
11
15
12
13
9
15
8
10
14
11
11
20
13
9
7
15
20
6
21
11
8
17
13
9
10
14
12
16
15
11
17
9
13
11
6
15
15
16
14
11
10
15
14
13
13
9
12
11
14
18
8
12
9
12
14
5
16
16
11
13
13
19
8
12
11
9
13
7
11
8
8
9
6
11
16
6
15
8
7
13
11
8
11
14
11
10
8
9
10
14
11
10
11
10
11
12
8
8
8
5
7
15
8
5
14
10
15
7
12
7
10
11
7
15
6
13
6
13
7
8
13
6
11
6
6
7
6
11
12
11
5
12
13
11
7
9
5
10
6
8
11
7
6
14
11
12
8
10
7
5
8
9
5
5
6
5
8
12
11
14
6
9
5
8
9
10
3
6
7
4
6
8
9
7
4
7
11
4
13
3
9
10
8
4
9
5
0
4
8
6
7
6
6
5
9
6
8
10
7
4
6
7
3
9
3
9
7
5
5
10
4
1
6
8
7
5
5
8
5
7
9
6
7
4
6
11
8
8
15
10
10
13
15
12
13
11
20
11
16
10
14
11
12
14
19
16
21
27
24
29
31
20
29
35
27
24
24
22
33
32
40
34
39
36
35
48
33
40
38
38
33
32
42
35
41
32
32
51
34
28
23
23
32
24
24
24
21
24
18
14
21
14
17
19
15
20
18
11
18
15
13
10
6
9
8
6
9
10
9
7
4
6
10
6
6
8
10
3
8
7
5
4
6
6
4
4
6
3
5
10
6
4
4
4
3
7
5
5
6
9
6
2
6
7
4
6
10
7
2
6
11
6
6
7
6
8
6
3
7
3
6
4
9
3
3
4
0
4
3
5
3
7
3
5
4
5
1
5
7
7
8
6
6
8
3
4
6
8
7
7
6
5
1
8
8
1
8
2
$ROI:
39
424 531
429 529
440 544
440 545
440 549
443 544
443 553
490 516
679 1395
772 934
800 953
827 855
828 856
840 1946
849 1974
857 2002
872 900
880 1058
887 915
914 1083
1010 1038
1208 1258
1345 1375
1418 1448
2436 2526
3229 3279
3607 3645
6449 6521
6459 6531
6463 6535
6464 6536
6467 6539
6471 6543
6482 6526
6489 6513
6497 6521
12997 13047
12999 13049
13000 13050
