$SPEC_ID:
GAMWIN
$SPEC_REM:


$DETDESC:

$DATE_MEA:
04/11/2025 07:16:29
$MEAS_TIM:
27731.54 27806.06
$MCA_CAL:
3
1.32118272781372E+001 1.29107522964478E+000 0.00000000000000E+000
$DATA:
0 2047
0
0
0
0
0
0
0
0
0
0
0
0
0
0
0
0
0
0
0
0
0
2243
2033
1820
1874
1874
1955
2035
1921
2051
1976
1999
1863
1873
1891
1894
1934
2050
2140
2325
2452
2645
2758
2928
2998
3014
3201
3406
3904
4497
4852
5077
5236
4972
4701
4234
3800
3537
3553
3208
3262
3248
3255
3057
2932
2634
2411
2134
1959
1825
1696
1699
1663
1634
1621
1579
1643
1527
1462
1585
1503
1507
1530
1473
1499
1557
1565
1638
1617
1578
1681
1582
1576
1599
1626
1556
1513
1549
1573
1599
1539
1499
1560
1587
1540
1610
1597
1569
1558
1559
1417
1438
1490
1524
1504
1360
1448
1357
1278
1369
1344
1381
1357
1377
1406
1429
1579
1568
1559
1600
1650
1652
1578
1626
1528
1421
1386
1380
1261
1278
1243
1354
1316
1311
1311
1337
1275
1281
1288
1295
1243
1259
1228
1197
1201
1171
1255
1325
1283
1409
1545
1692
1854
2066
2268
2458
2652
2789
2799
2819
2791
2639
2557
2251
2048
1901
1637
1362
1325
1149
1089
972
943
915
942
898
918
905
935
961
961
974
984
949
947
955
994
945
957
948
977
1027
1036
1176
1147
1245
1343
1437
1320
1420
1383
1407
1346
1246
1201
1149
998
919
898
839
758
730
618
679
634
595
648
626
615
665
631
687
773
789
834
814
861
961
990
1071
1160
1141
1269
1375
1401
1480
1490
1578
1691
1674
1678
1633
1519
1502
1431
1268
1134
1087
887
817
760
664
586
546
525
453
454
431
393
414
394
406
387
385
400
413
405
450
403
387
379
432
400
389
417
390
399
452
411
397
379
386
392
403
371
348
427
349
348
343
336
354
324
325
296
329
312
321
339
317
291
306
314
301
319
316
310
350
290
306
330
333
323
336
348
325
335
306
346
369
348
345
338
335
330
321
316
349
284
361
323
293
294
280
263
284
287
287
302
300
278
281
292
296
303
300
327
317
364
341
368
342
347
401
390
394
409
367
414
354
351
343
335
360
309
333
301
271
288
291
270
256
271
255
245
251
235
274
260
260
285
274
266
247
270
236
254
225
274
272
267
303
278
289
318
290
291
338
390
373
389
410
460
530
465
534
538
537
563
601
567
620
608
607
600
663
633
605
619
647
710
737
777
750
789
805
798
877
843
794
788
788
765
712
661
624
568
525
495
468
382
385
346
312
301
269
259
250
222
226
182
197
215
207
173
194
198
192
201
199
198
181
178
216
216
205
191
214
191
229
187
203
188
202
184
184
214
213
179
206
170
200
188
195
172
197
186
204
193
201
199
180
197
223
209
186
194
201
200
189
194
225
231
190
205
243
233
212
245
234
209
200
220
221
239
229
243
236
240
236
232
225
210
184
222
185
182
200
184
192
198
212
182
197
208
223
217
211
218
210
201
233
231
262
241
246
232
206
240
209
222
227
235
240
220
204
215
247
217
222
227
237
186
191
225
222
215
192
185
167
224
197
191
178
198
184
177
157
171
181
161
187
154
172
164
171
176
139
164
176
156
155
151
175
190
187
163
193
173
179
199
165
173
171
182
181
172
152
185
190
161
169
198
146
165
174
182
176
152
157
156
167
158
164
132
150
163
154
180
186
173
190
208
183
192
204
199
203
232
240
273
235
248
247
289
249
291
298
291
289
281
286
273
309
295
281
290
257
262
258
223
236
269
211
217
203
207
188
176
176
192
187
190
197
184
215
216
193
222
199
245
205
245
212
220
270
249
237
287
249
254
237
275
234
231
225
214
230
208
226
219
193
175
181
176
183
182
179
152
150
151
144
176
158
141
138
115
145
147
135
140
143
127
127
136
138
150
116
141
115
128
126
130
129
112
118
101
112
104
118
135
131
116
114
125
108
137
146
147
130
118
130
148
121
136
123
120
120
142
120
113
141
141
103
159
119
125
135
117
150
147
139
151
112
129
152
142
148
137
144
153
132
129
172
157
145
167
159
169
175
199
184
161
200
181
210
178
205
199
209
242
192
193
175
226
212
213
222
229
196
183
183
196
193
203
177
203
148
181
150
169
152
149
145
164
159
153
168
131
148
139
161
152
128
154
156
137
140
147
150
147
145
140
134
151
156
146
134
170
140
142
143
146
141
134
134
130
125
136
135
114
154
141
141
152
137
130
143
149
146
169
133
142
145
124
163
132
139
151
151
155
123
154
132
125
144
147
139
154
158
136
134
139
115
152
128
158
129
127
121
107
129
127
91
106
113
130
100
106
117
78
99
102
101
90
79
95
92
79
91
74
91
86
88
74
83
79
87
72
82
65
68
62
68
70
76
56
79
79
66
68
75
59
62
54
68
56
61
65
61
57
71
55
49
59
62
60
60
51
52
60
73
46
45
59
53
46
60
48
61
68
54
59
52
62
47
59
67
58
63
55
62
74
70
83
72
72
65
83
86
70
68
62
76
76
87
77
76
81
70
83
76
92
87
90
90
86
77
93
100
79
93
88
94
77
76
96
96
98
90
98
87
109
107
112
108
130
127
143
158
151
202
203
211
229
215
246
260
291
338
346
338
375
432
472
471
462
527
510
576
540
614
597
572
637
616
610
607
580
608
605
545
543
535
485
503
424
405
370
383
330
341
299
285
264
242
213
195
175
144
149
135
124
136
94
91
105
94
88
76
65
65
65
46
72
52
60
67
55
61
52
46
56
46
32
44
53
52
32
58
47
34
31
44
32
32
41
22
35
37
39
41
51
38
36
29
58
34
37
46
29
23
50
29
40
39
41
38
47
42
48
37
35
34
29
31
51
56
55
47
39
50
33
42
40
50
36
41
27
50
49
51
39
46
44
46
45
40
31
35
38
46
36
36
30
36
42
36
43
41
27
39
36
31
41
45
27
42
33
40
37
37
30
36
37
23
23
28
32
28
27
31
26
27
33
25
20
36
30
35
32
23
30
50
26
30
22
15
27
29
33
27
35
28
26
28
20
27
30
22
35
30
25
23
15
36
32
21
29
35
34
29
38
44
33
40
36
39
38
38
39
43
42
42
43
49
47
42
45
51
55
53
49
63
49
54
63
61
72
58
68
65
78
62
75
63
71
77
60
65
67
64
65
72
65
76
68
57
64
59
58
54
55
61
52
43
52
49
44
43
44
22
39
34
34
27
33
28
27
30
22
34
23
20
28
27
21
24
19
22
20
13
35
21
32
25
21
26
24
19
21
25
22
28
28
29
18
18
30
31
19
22
22
21
26
29
17
23
24
25
23
27
21
27
17
30
25
19
23
19
18
14
23
19
26
19
22
16
24
15
14
21
18
28
24
16
23
21
21
13
18
20
14
19
20
15
14
19
11
15
15
18
19
17
20
16
16
12
21
15
14
10
24
17
9
20
13
18
17
16
16
21
19
23
20
13
17
11
14
14
18
13
16
19
16
9
12
19
24
12
22
12
7
15
11
18
18
14
12
22
24
27
15
14
20
12
19
19
16
12
20
14
15
14
10
18
17
10
16
13
16
18
19
20
19
16
12
13
15
15
20
15
17
14
11
16
13
12
16
14
22
15
16
17
15
5
11
18
11
16
14
22
17
15
10
11
21
15
15
16
18
18
14
21
15
22
17
20
17
16
20
21
20
23
13
19
21
31
15
15
17
23
23
26
19
33
17
19
27
25
21
27
35
24
27
29
23
27
23
26
29
26
20
27
25
30
25
12
26
30
28
33
22
18
21
22
25
21
17
16
22
16
10
26
21
24
18
14
14
21
19
18
18
20
22
17
15
11
16
17
22
13
23
19
18
27
18
20
22
19
15
19
33
21
23
14
27
22
25
19
28
23
13
29
24
32
23
22
17
27
30
24
26
27
20
23
26
18
26
17
14
19
28
26
25
21
19
14
24
20
14
19
15
21
13
12
13
14
19
16
11
17
13
13
14
12
17
12
16
17
14
21
8
18
16
20
14
15
20
24
20
17
17
19
13
9
13
7
13
10
22
8
15
14
14
20
12
20
14
17
17
14
19
17
15
17
21
17
11
19
17
16
12
16
15
13
14
22
14
11
11
16
19
14
23
17
9
20
17
14
14
21
11
17
11
13
11
21
20
15
10
20
15
13
14
14
16
11
11
14
13
11
10
11
10
18
9
18
10
14
15
8
11
11
11
16
12
11
14
10
8
20
11
11
10
13
11
12
7
6
12
19
12
15
14
16
11
17
9
17
9
6
8
13
17
10
15
15
14
7
14
12
22
17
5
14
11
7
11
18
9
7
8
17
11
9
9
12
6
9
6
15
13
10
10
10
7
11
8
8
7
8
13
5
8
9
6
18
4
9
6
5
6
8
5
9
6
8
10
8
6
6
4
7
4
6
8
8
6
12
10
4
7
4
10
6
8
10
8
9
9
5
10
5
8
10
5
10
9
8
6
10
13
6
12
11
13
7
18
11
12
19
22
13
16
20
25
26
13
30
16
24
26
20
21
31
27
33
37
30
34
31
37
45
43
52
38
29
46
43
47
54
34
54
44
45
48
43
41
64
36
31
48
32
47
40
37
32
43
24
37
41
39
41
28
24
28
17
27
22
19
15
23
27
16
13
14
16
14
18
7
13
5
10
10
13
14
14
9
12
5
9
9
4
7
10
3
4
4
8
11
6
11
5
7
7
3
7
7
4
6
4
4
7
4
5
5
5
13
7
7
10
8
9
3
10
5
4
8
7
5
7
6
4
6
3
5
12
2
8
4
5
9
1
2
6
4
5
2
6
8
3
6
6
2
8
5
5
5
9
4
8
5
7
4
8
4
6
4
5
3
2
6
5
6
6
7
4
$ROI:
39
424 531
429 529
440 544
440 545
440 549
443 544
443 553
490 516
679 1395
772 934
800 953
827 855
828 856
840 1946
849 1974
857 2002
872 900
880 1058
887 915
914 1083
1010 1038
1208 1258
1345 1375
1418 1448
2436 2526
3229 3279
3607 3645
6449 6521
6459 6531
6463 6535
6464 6536
6467 6539
6471 6543
6482 6526
6489 6513
6497 6521
12997 13047
12999 13049
13000 13050
