$SPEC_ID:
GAMWIN
$SPEC_REM:


$DETDESC:

$DATE_MEA:
04/24/2025 15:11:07
$MEAS_TIM:
57274.79 57405.26
$MCA_CAL:
3
1.32118272781372E+001 1.29107522964478E+000 0.00000000000000E+000
$DATA:
0 2047
0
0
0
0
0
0
0
0
0
0
0
0
0
0
0
0
0
0
0
0
0
3794
3252
3143
3039
2995
3171
3097
2989
3052
3044
3035
2933
2928
2870
2815
2900
2918
3072
3311
3551
3592
3719
3909
4105
4053
4224
4629
5075
5482
5991
6232
6329
6317
5890
5241
4873
4541
4409
4399
4358
4186
4129
4005
3763
3503
3286
3012
2855
2726
2516
2405
2436
2383
2308
2305
2393
2230
2173
2289
2218
2256
2232
2252
2222
2240
2300
2346
2265
2362
2402
2458
2297
2361
2341
2285
2206
2268
2202
2128
2199
2144
2265
2181
2209
2156
2079
2138
2136
2140
2043
2067
2009
1930
1984
1877
1787
1872
1869
1846
1900
1827
1884
1918
1917
1925
2012
1952
1930
1997
2084
2038
1998
1973
1896
1876
1862
1807
1761
1753
1756
1799
1791
1858
1837
1839
1843
1861
1865
1860
1826
1800
1733
1840
1800
1743
1842
1849
1974
2035
2313
2428
2563
2875
3154
3429
3621
3859
3960
3972
3895
3800
3536
3124
2888
2611
2217
2077
1837
1762
1561
1461
1392
1391
1383
1312
1336
1341
1401
1335
1349
1387
1362
1350
1385
1312
1357
1355
1341
1345
1315
1347
1291
1300
1321
1410
1458
1452
1444
1534
1535
1560
1401
1478
1422
1295
1260
1240
1123
1111
1020
921
937
903
931
1001
954
911
986
962
1030
1022
1019
1110
1188
1199
1247
1208
1334
1357
1386
1455
1465
1445
1547
1502
1569
1603
1562
1607
1503
1562
1469
1372
1410
1303
1242
1100
1068
962
870
856
778
721
666
665
694
670
657
571
607
618
671
627
669
611
587
620
584
575
587
594
585
549
619
592
605
653
606
623
576
590
585
598
593
577
564
553
558
537
550
509
518
573
544
534
519
543
490
490
542
467
507
495
480
503
489
531
502
487
508
564
470
536
564
569
506
579
597
557
560
551
567
531
549
563
568
527
547
518
496
550
469
510
522
473
441
449
471
503
499
487
499
482
512
514
524
540
565
501
556
639
614
632
612
625
652
642
664
644
622
572
581
588
571
532
493
508
474
430
448
429
446
427
415
424
413
422
409
407
413
413
391
399
381
361
419
452
440
427
432
495
440
432
470
498
514
541
533
593
607
643
675
753
738
781
869
812
805
882
878
897
892
858
813
820
806
791
785
768
792
789
763
761
742
773
791
773
760
777
785
717
728
658
652
650
612
611
576
532
476
482
435
401
414
400
382
347
342
319
333
354
328
330
364
374
328
341
360
350
321
353
331
343
323
327
356
328
360
328
329
362
365
354
337
324
316
369
343
318
330
343
313
320
338
327
346
296
320
315
325
343
346
313
335
320
358
329
365
360
347
308
348
358
331
358
374
379
393
413
412
385
372
375
401
373
411
403
388
347
387
373
374
365
353
359
318
330
334
353
344
340
321
322
346
318
347
336
342
356
365
363
324
349
391
364
337
384
344
356
364
361
331
355
347
349
351
362
357
338
334
361
338
342
344
340
343
340
324
334
326
316
306
306
298
295
256
291
310
286
294
281
255
302
322
287
244
303
273
323
279
273
298
297
329
277
301
315
332
296
300
320
313
306
320
325
286
292
278
293
301
307
321
298
297
278
297
257
310
313
307
290
313
284
290
289
308
319
300
299
287
291
317
331
339
315
371
372
356
399
386
400
411
423
443
464
466
459
478
504
498
501
477
475
471
444
452
457
439
437
400
411
373
360
374
345
369
336
348
370
308
331
371
353
340
336
374
369
351
351
392
387
388
372
402
394
424
438
426
427
388
451
449
429
439
405
406
403
398
393
388
391
349
335
348
353
318
325
298
306
295
299
300
281
303
283
283
283
280
258
255
298
298
269
246
263
233
261
245
258
251
253
232
266
270
248
255
262
272
269
247
284
254
253
258
250
246
278
245
252
277
250
233
243
250
272
274
274
257
260
281
280
258
243
263
290
265
261
255
294
257
225
257
291
302
295
273
274
263
293
296
313
307
318
282
271
290
302
301
273
288
297
342
294
327
316
326
310
322
332
310
320
301
339
327
335
349
311
352
356
373
309
292
329
325
319
293
345
303
306
315
307
323
266
300
262
305
323
271
305
292
287
316
264
297
268
297
302
331
305
304
300
289
282
293
285
308
245
284
321
302
280
302
300
282
310
288
284
298
304
297
294
283
331
308
266
311
305
319
321
318
310
304
293
288
293
303
312
316
302
319
279
276
281
285
285
267
287
254
283
253
257
241
286
248
244
241
276
258
198
235
253
191
244
221
222
203
208
167
184
178
196
194
175
174
169
138
148
146
188
160
158
156
164
163
135
126
146
132
118
134
139
141
119
120
133
121
118
125
128
123
102
123
112
95
86
90
94
110
99
105
109
112
109
108
113
82
94
115
87
106
98
86
90
109
81
102
95
84
104
86
90
86
90
127
93
81
103
92
85
95
95
95
74
97
97
85
94
96
115
84
113
118
114
101
96
105
96
88
131
101
114
113
94
139
120
118
124
116
117
115
116
105
124
141
142
149
132
157
150
159
186
190
179
209
197
228
258
278
299
326
339
371
400
486
501
522
587
644
656
734
853
903
994
1046
1056
1147
1161
1283
1346
1413
1451
1486
1490
1500
1605
1552
1604
1574
1531
1519
1460
1547
1369
1375
1269
1228
1233
1122
1052
950
934
870
885
708
672
611
544
483
439
422
380
353
309
277
255
212
217
172
158
163
120
125
115
97
103
86
79
72
65
78
61
55
67
70
74
57
70
53
45
58
60
49
40
48
45
52
43
46
36
50
45
48
46
46
44
36
61
48
56
49
56
41
45
39
46
47
38
58
47
49
46
37
49
63
55
57
67
53
58
56
58
48
56
65
64
61
56
70
55
54
57
50
64
64
48
51
50
76
66
62
58
53
42
44
51
51
46
48
49
51
53
41
48
55
46
56
39
34
38
53
45
44
53
39
41
42
38
40
39
34
39
41
44
38
34
32
31
41
30
39
36
36
41
24
35
29
42
43
22
36
34
43
36
45
42
29
41
31
34
26
28
33
31
37
29
47
26
36
42
33
29
34
42
30
45
36
45
39
39
54
47
40
37
43
54
55
48
60
48
50
40
56
57
56
46
62
57
52
52
46
50
56
59
61
60
52
56
64
50
75
66
77
62
71
57
63
76
54
51
53
50
53
46
55
43
48
33
43
24
57
41
40
37
50
37
39
39
40
27
39
39
37
26
51
32
30
28
33
25
36
29
24
21
25
25
15
36
20
30
31
17
33
39
33
28
27
25
36
33
35
24
36
29
46
33
29
38
32
27
29
31
33
31
25
20
33
28
32
30
21
28
32
20
23
25
25
21
20
26
23
24
27
29
28
30
20
22
22
16
23
17
20
27
35
21
26
29
23
16
27
26
38
24
22
36
30
18
25
19
29
18
19
21
37
14
20
34
30
21
17
26
29
24
22
32
30
34
26
16
24
32
26
18
32
17
40
25
22
22
18
18
22
25
22
23
24
24
24
32
37
27
16
20
22
37
15
23
26
20
27
28
27
32
25
26
21
30
21
20
31
24
15
21
26
32
21
34
24
18
18
25
18
23
31
23
21
33
25
21
21
16
27
26
23
17
21
26
35
26
25
20
23
21
14
27
22
25
25
27
20
22
20
19
20
17
27
37
26
20
25
32
24
29
28
29
28
29
34
26
26
25
20
27
25
45
34
31
37
44
29
32
31
33
37
42
51
45
32
36
35
35
46
32
31
36
45
42
36
40
38
31
38
27
24
39
29
25
30
32
28
35
27
29
26
26
30
33
27
30
19
33
30
29
30
27
23
22
18
25
23
23
21
12
27
27
36
33
24
27
23
33
30
36
28
35
36
28
24
27
33
31
34
22
31
24
30
32
22
38
31
27
27
26
33
27
37
18
35
35
27
31
19
36
25
29
28
34
28
20
28
29
27
28
20
33
27
17
26
27
21
21
35
26
20
27
35
14
21
34
19
21
19
25
25
26
16
22
29
27
22
34
23
31
30
24
26
14
21
30
27
29
22
22
21
26
34
20
23
23
24
25
24
18
27
22
23
31
25
28
17
19
28
33
32
25
22
18
28
18
27
24
29
33
24
21
18
21
26
30
27
25
19
20
34
24
20
23
14
28
14
29
23
21
25
22
20
22
21
15
18
15
16
20
26
18
19
23
25
20
21
33
26
23
20
20
17
21
13
13
18
16
26
22
18
20
19
18
15
25
28
21
11
15
14
16
24
18
17
10
12
19
17
17
11
17
12
12
18
13
21
13
20
19
19
17
13
16
12
16
17
17
22
26
25
16
12
23
12
21
11
10
15
12
14
21
16
10
12
17
15
4
19
8
17
17
13
9
16
14
15
13
15
11
8
8
14
9
18
14
11
18
7
8
15
11
15
9
6
10
16
11
12
7
8
14
16
17
20
15
12
12
14
9
13
14
13
12
23
15
13
18
15
14
15
12
17
11
20
24
19
25
18
23
25
14
24
28
21
20
35
20
32
36
39
28
44
43
45
35
46
53
58
56
46
55
54
61
55
50
66
64
80
63
66
70
75
71
76
62
72
79
68
81
58
65
78
72
62
66
61
48
48
56
58
54
44
47
44
54
49
48
38
35
35
40
28
21
32
30
22
19
19
22
22
19
23
19
12
24
10
15
16
7
15
12
12
18
12
9
9
7
15
9
14
12
21
8
8
15
17
15
13
10
6
9
8
5
8
11
8
9
12
9
10
14
8
8
15
12
13
13
8
13
9
10
15
13
6
11
6
12
8
17
4
12
7
5
13
7
9
9
7
10
17
11
6
13
9
6
10
12
9
13
15
10
14
8
11
17
10
12
10
14
13
15
9
9
$ROI:
39
424 531
429 529
440 544
440 545
440 549
443 544
443 553
490 516
679 1395
772 934
800 953
827 855
828 856
840 1946
849 1974
857 2002
872 900
880 1058
887 915
914 1083
1010 1038
1208 1258
1345 1375
1418 1448
2436 2526
3229 3279
3607 3645
6449 6521
6459 6531
6463 6535
6464 6536
6467 6539
6471 6543
6482 6526
6489 6513
6497 6521
12997 13047
12999 13049
13000 13050
