$SPEC_ID:
GAMWIN
$SPEC_REM:


$DETDESC:

$DATE_MEA:
10/20/2025 07:30:53
$MEAS_TIM:
26919.77 27587.61
$MCA_CAL:
3
1.32118272781372E+001 1.29107522964478E+000 0.00000000000000E+000
$DATA:
0 2047
0
0
0
0
0
0
0
0
0
0
0
0
0
0
0
0
0
0
0
0
0
0
0
0
0
0
0
0
0
0
0
0
0
0
0
1858
2008
2135
2278
2314
2451
2677
2809
2936
2953
2916
3245
3417
3904
4287
4646
4921
5069
4863
4546
4069
3685
3359
3181
3191
3190
3128
3021
2895
2839
2467
2261
2236
2021
1873
1825
1739
1689
1665
1655
1637
1650
1568
1661
1581
1572
1610
1562
1514
1612
1587
1650
1728
1707
1750
1648
1766
1689
1653
1645
1620
1654
1634
1534
1530
1604
1588
1588
1565
1543
1540
1559
1565
1542
1573
1533
1462
1431
1374
1426
1370
1374
1433
1348
1382
1315
1306
1245
1394
1388
1399
1367
1495
1481
1465
1401
1459
1404
1414
1424
1357
1387
1318
1258
1259
1262
1250
1347
1359
1334
1359
1287
1277
1322
1362
1273
1314
1251
1243
1223
1206
1284
1308
1391
1518
1572
1831
2021
2167
2477
2731
2893
3057
3016
2999
2890
2793
2533
2239
2038
1721
1597
1353
1186
1051
1079
950
926
883
915
840
830
911
913
877
893
945
924
961
918
932
924
906
911
986
955
919
969
1015
1016
1050
1040
1109
1120
1142
1113
1088
1117
1024
915
911
854
774
765
755
654
650
654
658
604
622
586
638
707
656
662
744
718
781
823
870
892
982
996
1030
1064
1095
1119
1114
1158
1230
1201
1171
1239
1187
1173
1226
1143
1056
956
930
822
785
637
615
608
541
476
455
442
442
415
402
430
396
370
398
395
379
374
367
407
362
388
396
364
389
376
385
419
384
385
412
395
363
386
364
358
339
401
377
399
398
354
350
335
337
300
323
294
305
311
315
333
309
324
291
306
305
282
329
301
281
284
341
326
334
324
336
354
356
357
336
351
340
357
343
340
344
351
332
345
294
297
272
319
283
320
296
275
295
270
273
266
290
265
291
305
320
303
316
349
369
345
391
364
396
388
451
442
399
382
390
393
389
369
339
342
297
338
296
298
270
286
257
251
261
239
238
256
219
213
258
245
252
234
221
215
239
241
259
254
269
266
259
288
272
306
311
327
302
390
407
408
431
446
518
552
524
565
583
533
618
646
622
636
624
595
628
581
578
580
573
581
547
576
574
571
619
571
566
622
596
589
553
501
507
520
472
450
372
401
358
310
282
260
267
255
252
216
224
195
209
194
177
211
185
191
217
175
189
204
160
186
211
179
194
187
189
170
176
197
215
199
179
175
180
195
191
203
183
165
156
183
197
162
182
174
166
179
182
181
180
185
170
182
189
176
198
180
180
161
193
203
204
186
208
225
207
230
235
190
217
233
221
229
241
237
244
230
260
228
203
226
217
200
196
203
222
192
221
195
201
192
216
193
178
199
192
200
222
215
214
205
219
216
212
184
235
204
198
238
213
246
196
207
196
200
208
201
199
234
228
199
218
188
198
187
194
166
210
183
174
203
179
167
150
156
174
160
167
150
145
167
176
144
169
145
181
134
161
175
163
164
161
158
158
157
148
166
153
165
173
160
186
164
207
175
173
180
202
204
162
165
180
196
191
171
191
188
187
211
188
175
178
191
178
183
174
202
168
162
183
173
181
176
202
215
181
195
218
264
233
263
258
267
284
268
300
330
277
317
297
321
312
314
296
270
256
271
298
275
277
228
218
213
190
208
207
200
209
188
198
160
212
180
207
213
201
197
212
240
194
221
242
251
229
244
226
278
234
259
271
254
249
250
261
270
278
242
225
220
193
205
211
189
215
204
190
164
149
187
167
128
130
141
120
143
130
132
135
122
112
115
133
123
119
110
135
133
109
125
125
135
127
123
118
106
127
98
126
116
126
131
129
105
115
114
138
136
97
110
112
124
118
118
116
101
111
116
133
110
120
125
107
119
115
128
120
102
132
144
114
124
118
128
118
104
123
152
137
109
134
135
139
119
131
128
141
140
153
148
156
151
150
159
157
164
170
174
181
177
184
179
192
174
149
185
161
177
190
169
179
193
172
172
166
153
188
155
158
146
156
157
131
147
130
134
154
140
136
125
143
151
147
140
124
129
113
125
126
126
123
136
137
127
128
133
140
125
127
142
138
134
132
137
124
129
122
125
124
151
136
132
117
155
129
123
146
145
116
123
156
115
111
144
121
128
130
137
137
121
132
156
141
154
130
133
139
133
144
135
146
155
126
111
118
115
144
120
117
100
110
103
110
112
85
114
99
97
102
73
72
63
83
98
89
82
81
74
83
78
88
85
86
68
71
68
80
66
61
66
64
65
67
60
59
71
58
70
65
56
57
62
57
59
59
50
54
52
67
55
54
58
71
51
59
52
60
55
53
54
60
41
42
46
49
49
46
68
48
45
53
59
56
55
49
56
46
41
50
65
49
64
65
58
53
69
69
69
68
71
59
51
71
65
49
71
63
72
64
52
70
84
71
74
62
85
63
69
64
69
73
75
87
77
79
77
78
81
94
79
104
99
129
89
106
133
141
139
162
182
177
197
193
240
249
263
272
301
306
379
385
398
443
461
503
501
527
557
611
620
598
609
644
647
609
573
626
617
563
603
561
580
517
506
440
425
403
382
375
332
326
260
276
264
211
216
176
162
139
138
130
108
94
95
83
76
66
69
58
58
73
44
46
46
51
36
48
52
45
48
46
40
44
39
28
40
49
29
23
41
23
32
24
38
40
35
30
29
29
27
38
35
33
27
37
24
25
39
38
23
40
34
40
28
27
45
38
31
38
32
34
31
28
39
29
58
45
45
38
34
44
38
34
33
37
33
38
38
56
34
42
38
47
50
38
34
40
35
41
39
47
29
30
28
31
30
42
34
35
31
31
36
29
27
41
26
30
27
31
24
21
24
21
29
33
19
34
25
23
24
23
24
23
15
26
24
25
20
27
22
18
17
24
18
29
17
20
19
21
11
10
25
16
26
15
22
22
10
20
21
22
17
30
22
30
20
28
28
28
16
21
29
18
25
28
31
39
28
31
31
20
41
35
34
30
33
35
28
31
42
38
48
40
31
49
40
38
51
50
39
48
48
39
44
41
51
51
48
44
52
45
52
43
45
44
41
36
37
40
37
32
31
44
31
26
32
41
28
26
25
19
23
29
18
26
17
19
15
18
24
23
22
19
19
19
17
24
14
23
15
21
20
18
11
20
22
16
20
25
20
21
18
22
26
23
26
23
25
22
23
16
17
20
15
16
15
23
19
27
19
21
28
20
16
11
18
21
16
14
18
19
24
17
14
19
20
18
23
19
18
17
11
15
11
17
22
19
12
16
10
16
14
18
15
18
14
19
11
24
18
8
15
12
17
18
14
18
18
20
15
11
13
14
15
21
15
18
15
19
15
18
14
17
15
14
13
14
18
20
9
20
23
10
11
18
10
12
12
13
15
12
20
20
15
12
13
13
10
17
14
5
15
19
15
17
12
9
9
7
14
10
15
16
20
10
14
7
14
17
17
13
16
7
10
15
10
11
18
8
13
17
16
16
16
18
11
9
19
17
12
21
12
13
9
8
16
17
12
18
10
14
14
20
15
19
17
11
13
19
20
25
14
21
22
17
22
22
22
15
19
18
15
26
29
15
21
19
21
18
24
28
27
27
26
29
27
28
34
23
27
34
30
29
23
23
28
34
34
26
21
23
22
23
26
20
18
19
24
25
22
32
24
20
19
25
17
16
21
27
8
19
23
16
20
20
20
17
20
13
16
11
16
22
23
22
22
11
21
20
17
16
22
25
18
30
19
23
25
19
27
18
23
29
29
18
25
18
17
32
14
26
25
29
31
21
26
21
24
19
37
28
35
19
14
29
20
17
20
19
21
14
27
16
16
20
21
16
20
19
12
16
17
14
17
23
16
20
17
12
22
16
19
15
16
20
22
20
20
17
18
16
16
17
13
24
22
10
27
15
17
8
11
16
14
19
16
14
15
18
19
16
29
16
11
21
15
18
19
28
18
22
19
15
16
16
21
19
17
16
11
18
17
6
17
23
20
24
19
16
14
14
15
18
16
16
21
18
12
16
23
14
5
18
19
18
14
16
11
17
13
15
18
12
30
14
11
12
17
10
15
18
12
8
17
16
8
16
16
9
12
13
7
15
12
9
10
13
9
14
15
12
13
12
9
12
8
12
9
16
7
13
10
15
11
11
7
19
9
9
17
5
15
11
5
19
18
13
13
21
6
4
8
11
10
10
7
12
5
16
10
7
12
11
12
8
10
11
13
9
6
9
7
6
13
12
3
6
8
7
9
6
7
11
11
7
8
0
10
7
12
3
4
7
8
4
6
10
5
6
6
12
9
5
10
5
9
6
6
11
12
9
7
3
8
5
13
11
6
5
14
9
5
10
13
10
12
17
9
16
12
15
25
13
16
16
11
18
16
22
19
33
29
30
36
30
33
29
34
39
41
35
43
41
43
46
58
53
53
72
54
58
43
61
60
65
45
57
68
39
61
65
59
49
47
46
51
48
50
43
39
52
53
40
44
37
29
35
34
28
18
25
26
32
27
27
25
14
14
17
15
10
12
12
8
13
10
9
13
13
8
8
10
8
6
11
8
7
8
8
7
9
5
8
4
8
7
6
7
8
4
2
7
4
4
8
9
7
4
5
5
2
3
7
5
5
7
4
5
6
5
3
3
7
3
5
9
9
5
2
3
7
6
8
4
8
4
4
6
5
2
7
5
4
8
3
6
8
4
5
1
6
2
6
4
4
3
6
2
5
5
3
2
5
4
3
5
7
7
4
5
8
4
3
6
4
3
6
6
7
4
2
$ROI:
43
143 193
144 194
424 531
429 529
440 544
440 545
440 549
443 544
443 553
490 516
604 1134
679 1395
690 1434
772 934
800 953
827 855
828 856
840 1946
849 1974
857 2002
872 900
880 1058
887 915
914 1083
1010 1038
1208 1258
1345 1375
1418 1448
2436 2526
3229 3279
3607 3645
6449 6521
6459 6531
6463 6535
6464 6536
6467 6539
6471 6543
6482 6526
6489 6513
6497 6521
12997 13047
12999 13049
13000 13050
