$SPEC_ID:
GAMWIN
$SPEC_REM:


$DETDESC:

$DATE_MEA:
09/29/2025 08:10:16
$MEAS_TIM:
25863.48 28809.14
$MCA_CAL:
3
1.32118272781372E+001 1.29107522964478E+000 0.00000000000000E+000
$DATA:
0 2047
0
0
0
0
0
0
0
0
0
0
0
0
0
0
0
0
0
0
0
0
0
0
0
0
0
0
0
0
0
0
0
0
0
0
0
7248
7764
8122
8793
9370
9964
10732
11169
11854
12363
12857
14045
15323
17109
19465
21076
21889
22010
20960
19406
17771
16513
15361
15002
14627
14501
14291
13530
12857
11982
10885
10248
9425
8696
8213
7984
7756
7642
7368
7293
6956
6907
7004
6907
6628
6750
6810
6626
6894
6808
7037
7349
7418
7412
7461
7439
7544
7446
7559
7245
7156
7188
7025
7084
6782
6867
6954
6950
6959
6753
6791
6592
6643
6600
6479
6397
6222
6130
6176
6095
6018
5892
5786
5867
5721
5668
5798
5770
5861
5819
6035
6165
6204
6332
6181
6224
6228
6363
6124
5887
5897
5761
5828
5716
5609
5602
5632
5929
5833
5861
6120
5995
5793
5883
5979
5891
5616
5636
5493
5682
5828
5940
6389
6843
7358
8229
9249
10346
11642
12651
13470
14331
14833
14876
14754
14111
13002
11832
10489
9012
8080
7135
6119
5447
4857
4548
4133
3980
3864
3825
3834
3761
3939
4003
3965
3878
3942
3943
4013
3958
3925
3764
3890
3738
3720
3888
3978
4028
3974
4332
4233
4459
4536
4496
4586
4500
4401
4118
3946
3748
3572
3358
3140
2981
2823
2724
2744
2730
2666
2599
2655
2768
2886
2785
2937
3236
3347
3620
3688
3936
4092
4208
4287
4484
4642
4752
4713
5016
5045
5048
4925
4990
5063
4795
4589
4542
4387
4159
3858
3589
3315
2974
2809
2554
2294
2162
2025
1807
1858
1807
1691
1617
1551
1536
1607
1537
1503
1572
1532
1594
1547
1541
1562
1488
1573
1504
1516
1566
1559
1573
1584
1595
1581
1546
1517
1643
1563
1552
1498
1512
1417
1449
1406
1396
1362
1310
1301
1293
1334
1262
1255
1266
1179
1245
1183
1199
1217
1143
1201
1314
1215
1254
1287
1259
1330
1373
1418
1379
1384
1482
1461
1470
1532
1547
1522
1522
1522
1505
1434
1375
1308
1334
1331
1308
1225
1267
1198
1220
1138
1172
1103
1132
1200
1115
1093
1198
1158
1239
1345
1374
1354
1485
1523
1527
1624
1580
1601
1645
1720
1701
1748
1652
1616
1559
1534
1524
1325
1399
1326
1219
1205
1159
1140
1068
1034
998
1045
962
978
960
920
987
963
946
990
996
943
1000
1031
1045
1074
1076
1188
1187
1277
1240
1310
1466
1514
1638
1741
1936
2008
2132
2237
2475
2618
2673
2814
2853
2887
2916
2965
3000
2812
2821
2933
2810
2739
2604
2595
2538
2510
2454
2482
2480
2461
2381
2358
2311
2337
2251
2115
2168
2077
2036
1850
1740
1646
1561
1428
1382
1260
1191
1109
968
937
940
890
834
850
837
782
741
781
764
749
735
739
717
741
782
694
704
713
730
760
745
753
737
785
785
710
764
790
782
725
776
727
751
732
715
763
690
747
738
730
721
730
758
749
719
730
776
732
749
774
726
769
765
821
840
826
847
809
832
865
931
956
929
939
965
987
960
1046
994
1027
1015
1053
995
970
898
975
916
916
845
838
810
838
829
796
795
831
792
836
758
776
747
809
836
793
778
808
871
827
817
809
835
871
819
890
804
810
825
808
867
861
852
828
832
857
826
800
820
811
759
785
797
749
721
728
727
627
695
641
655
649
648
621
594
602
624
565
578
550
580
578
553
596
614
590
604
616
614
651
684
637
667
610
655
676
655
638
709
654
672
692
705
693
674
657
660
677
670
642
677
677
706
710
666
606
609
649
645
678
682
684
635
637
705
691
696
694
838
807
885
886
993
990
989
1130
1214
1206
1273
1304
1425
1367
1447
1418
1461
1441
1498
1427
1379
1413
1359
1335
1288
1159
1213
1081
1040
1034
970
912
896
849
795
755
819
746
731
730
814
735
826
800
814
855
877
868
960
995
984
1057
1062
1097
1099
1126
1106
1148
1138
1106
1141
1157
1092
1050
1051
983
968
926
881
932
841
761
734
722
674
595
572
557
488
547
494
545
459
468
439
463
416
417
427
422
419
415
373
404
383
399
415
404
390
397
388
378
409
375
395
386
360
367
365
396
384
371
402
383
408
382
387
391
395
418
419
423
414
396
362
384
405
399
418
392
411
355
397
431
393
408
411
427
422
455
463
446
413
416
445
457
484
473
441
464
466
457
543
482
542
477
539
556
539
554
518
567
574
572
554
631
579
570
613
591
601
577
621
561
593
598
581
563
560
534
530
520
533
500
499
463
468
468
453
421
486
484
421
387
426
403
404
399
454
452
469
342
407
415
387
389
395
427
461
417
400
434
404
397
409
367
365
384
426
393
389
417
386
376
403
413
400
356
406
396
396
407
399
407
444
393
384
427
389
428
468
402
423
467
438
424
441
451
466
395
426
455
412
430
408
409
406
428
427
409
427
385
362
373
391
369
358
340
369
369
351
324
312
302
337
289
314
291
280
240
272
262
277
264
251
263
243
259
236
251
270
227
223
224
240
217
195
217
221
228
225
191
196
201
188
218
207
217
209
198
190
201
186
193
178
199
190
189
220
159
208
181
165
182
188
196
183
183
204
191
190
184
216
191
185
180
187
194
210
188
195
207
185
204
214
188
221
238
206
220
222
237
209
197
212
228
197
239
242
270
213
254
213
241
245
235
242
239
275
221
220
230
244
235
228
249
250
281
281
242
246
279
289
289
323
300
324
326
367
370
356
417
448
472
487
525
566
630
647
710
783
822
911
974
1032
1109
1116
1206
1328
1318
1427
1457
1502
1623
1603
1596
1665
1716
1741
1667
1730
1704
1685
1584
1498
1504
1471
1474
1434
1258
1248
1173
1072
1130
983
911
880
748
699
648
590
542
499
464
440
411
367
321
318
280
318
261
224
269
219
204
217
183
188
172
161
163
172
159
168
162
145
167
146
142
149
119
115
130
128
127
134
125
133
125
134
128
117
109
116
122
131
118
138
131
124
126
134
129
145
140
129
145
167
161
141
162
180
170
168
178
200
179
175
186
200
189
195
208
198
202
190
193
213
208
221
212
215
217
198
225
183
196
183
187
198
167
178
168
196
183
187
174
201
155
156
148
167
154
141
180
155
155
153
155
140
136
112
117
154
119
120
116
128
117
115
112
115
82
88
95
103
87
91
114
95
91
108
119
106
97
91
81
91
113
89
78
86
86
97
79
84
95
102
84
103
76
94
85
107
80
95
95
86
104
92
101
85
90
99
98
113
123
100
105
101
127
104
129
115
105
112
133
153
124
120
150
157
153
147
173
134
172
177
163
157
164
203
186
182
179
187
179
196
198
209
182
193
180
219
176
158
179
161
162
170
166
147
178
137
156
135
126
128
129
111
121
116
104
97
90
103
87
96
101
79
92
70
85
90
90
76
90
74
75
81
77
64
79
87
81
83
81
79
79
81
81
64
96
92
82
98
71
93
84
109
84
80
86
90
82
77
85
82
94
91
82
81
58
89
67
83
85
80
77
63
74
59
62
80
77
68
60
74
57
70
61
80
68
71
74
87
67
76
66
85
85
74
64
66
59
77
63
64
71
70
72
69
55
66
77
61
48
75
59
60
84
77
57
75
59
60
55
58
66
75
69
59
59
75
66
59
58
69
58
75
66
62
67
59
63
62
60
71
61
64
75
52
64
68
55
66
61
57
71
78
51
57
64
61
68
60
58
51
73
58
60
60
70
71
75
66
59
57
51
66
49
64
58
69
68
55
76
48
58
56
62
49
57
74
54
66
68
72
52
69
61
50
62
65
66
62
73
75
53
55
67
66
63
54
66
62
74
69
83
83
73
64
82
104
72
106
96
83
87
97
81
91
108
96
88
106
109
100
103
125
122
118
114
112
116
129
132
135
126
128
130
135
134
134
134
127
140
128
126
106
115
141
122
124
128
109
112
113
106
85
95
113
101
115
83
91
93
91
80
77
74
103
78
88
66
77
73
67
100
88
74
86
80
68
99
70
64
92
109
94
80
88
95
82
78
97
97
70
77
111
75
91
84
88
92
98
88
88
92
102
106
111
113
77
91
107
91
81
99
91
101
95
103
107
99
99
93
96
74
77
95
84
88
81
84
83
84
85
82
71
76
76
79
56
82
75
66
76
83
83
77
95
72
69
87
90
62
87
77
81
71
91
77
75
82
79
74
69
96
75
69
89
70
85
79
74
78
95
83
82
60
76
96
62
79
82
77
97
77
80
71
70
77
71
67
73
73
68
65
77
67
80
73
84
78
67
76
84
80
74
84
75
80
84
78
83
75
75
76
77
81
68
79
75
78
86
86
69
72
63
73
79
75
51
83
69
50
61
53
61
47
62
69
59
60
55
52
51
66
51
47
61
64
55
51
55
41
56
59
54
56
39
52
53
54
50
52
54
38
38
42
41
39
55
49
38
58
41
55
35
42
42
31
40
32
49
30
38
42
51
32
37
31
38
37
41
31
50
34
40
32
31
28
33
42
37
27
28
31
38
37
34
36
33
28
27
27
28
25
30
25
21
27
25
24
22
20
37
31
22
26
30
33
32
25
20
31
33
31
28
27
23
35
31
32
26
34
35
24
40
29
27
36
35
37
37
23
32
37
35
44
48
43
59
61
49
66
61
49
71
74
82
61
84
74
96
87
91
120
124
109
119
136
155
146
162
168
182
205
205
228
219
205
224
236
213
228
259
284
294
286
324
294
298
321
304
288
322
282
330
309
321
251
254
282
289
242
248
268
234
193
235
245
194
177
184
194
160
153
132
126
124
109
102
108
87
99
72
52
75
68
72
58
48
60
45
29
38
37
25
26
35
27
34
29
32
32
32
19
27
13
21
25
24
19
19
21
23
13
19
20
22
17
14
21
22
19
21
27
21
25
22
19
13
21
14
14
14
21
25
13
16
6
16
13
19
8
13
16
8
20
8
17
15
13
20
11
15
9
19
14
12
15
18
14
13
18
14
10
8
15
11
15
11
11
13
11
15
7
17
24
10
11
14
9
9
11
11
14
9
17
20
12
18
9
18
19
13
15
18
10
13
9
23
8
10
17
13
8
$ROI:
43
143 193
144 194
424 531
429 529
440 544
440 545
440 549
443 544
443 553
490 516
604 1134
679 1395
690 1434
772 934
800 953
827 855
828 856
840 1946
849 1974
857 2002
872 900
880 1058
887 915
914 1083
1010 1038
1208 1258
1345 1375
1418 1448
2436 2526
3229 3279
3607 3645
6449 6521
6459 6531
6463 6535
6464 6536
6467 6539
6471 6543
6482 6526
6489 6513
6497 6521
12997 13047
12999 13049
13000 13050
