$SPEC_ID:
GAMWIN
$SPEC_REM:


$DETDESC:

$DATE_MEA:
10/03/2025 07:37:10
$MEAS_TIM:
26171.05 26757.73
$MCA_CAL:
3
1.32118272781372E+001 1.29107522964478E+000 0.00000000000000E+000
$DATA:
0 2047
0
0
0
0
0
0
0
0
0
0
0
0
0
0
0
0
0
0
0
0
0
0
0
0
0
0
0
0
0
0
0
0
0
0
0
1364
1437
1521
1688
1753
1799
1925
2072
2125
2177
2263
2302
2595
2838
3181
3478
3543
3697
3597
3290
3098
2717
2635
2447
2512
2389
2426
2286
2162
2120
1890
1773
1616
1559
1476
1382
1419
1368
1287
1349
1225
1298
1252
1270
1262
1216
1258
1172
1297
1215
1296
1293
1279
1350
1329
1305
1308
1303
1306
1359
1229
1325
1256
1324
1225
1231
1219
1236
1234
1187
1245
1239
1188
1182
1139
1201
1178
1077
1189
1100
1061
1094
1059
1057
1079
1068
1027
1047
1133
1032
1076
1065
1206
1146
1246
1184
1236
1173
1146
1120
1126
1101
1022
1016
974
989
1062
1015
975
1094
1059
1008
1068
1019
993
977
1001
1008
1004
947
1018
1035
1047
1032
1194
1212
1301
1446
1636
1809
1879
2026
2117
2054
2111
2032
1992
1837
1718
1494
1393
1216
1042
981
892
810
816
797
699
697
712
737
709
705
777
687
768
664
714
763
692
762
774
779
708
727
812
805
846
878
866
949
956
966
974
959
920
839
836
873
769
693
672
642
608
590
519
559
529
514
484
517
541
548
548
557
601
632
651
659
676
742
712
773
794
823
886
890
955
969
1029
1111
1025
1089
1086
1048
1071
1006
950
866
830
743
676
606
569
500
457
398
374
372
368
337
325
299
351
301
304
319
330
342
295
324
309
344
297
299
323
336
331
319
325
285
291
285
331
296
309
267
358
307
309
297
295
293
282
258
291
245
285
274
259
283
253
265
257
238
254
228
249
276
253
256
276
251
279
299
278
272
263
277
283
282
303
272
273
283
284
272
263
274
276
322
280
241
232
238
249
241
234
275
272
240
232
215
234
231
250
253
254
235
249
276
277
291
253
277
339
324
295
302
331
309
315
304
290
308
290
264
262
230
235
211
237
249
209
227
192
184
203
183
195
221
185
186
187
218
217
191
212
207
223
203
221
219
221
250
250
209
230
266
259
272
270
298
313
395
362
389
374
402
422
406
402
444
436
461
463
483
452
474
435
467
484
468
463
484
482
494
478
541
574
562
558
542
538
447
453
448
417
430
360
372
348
301
284
252
247
222
222
171
196
170
181
179
194
165
161
145
163
145
171
161
176
146
159
153
164
177
188
169
173
182
156
154
155
146
157
168
155
155
147
158
160
168
172
162
159
146
143
151
142
177
168
166
156
171
149
158
178
190
155
152
180
149
175
164
153
175
195
181
196
171
189
165
195
194
193
162
186
176
195
200
201
161
170
175
174
159
163
159
144
166
153
170
152
135
176
180
167
168
158
171
173
175
183
189
153
189
194
178
189
188
147
162
165
161
194
188
210
194
159
157
152
176
145
171
168
178
178
166
153
189
159
161
157
166
152
136
138
141
150
143
133
114
157
121
146
135
172
152
138
144
123
142
131
114
137
149
136
141
151
137
133
148
147
145
161
140
145
177
138
134
159
148
162
171
159
156
165
159
179
155
121
177
173
180
152
136
154
167
166
134
125
156
134
127
173
172
171
171
163
182
195
220
222
240
235
211
212
223
253
212
227
235
247
247
243
230
202
210
214
223
225
201
190
182
208
194
167
186
158
182
138
165
170
170
164
166
169
146
159
165
173
203
194
197
190
204
201
186
211
200
225
189
196
179
179
206
189
217
171
175
170
169
175
177
143
171
144
147
149
144
141
133
143
120
102
112
126
117
116
114
116
108
105
133
113
130
103
100
126
112
107
99
118
120
105
109
126
94
93
105
113
99
137
113
112
96
119
115
115
99
129
102
117
104
128
105
111
124
134
93
112
109
124
132
92
121
103
128
95
119
101
127
120
104
127
113
141
117
114
127
105
123
135
154
142
133
131
132
129
128
143
141
148
136
162
157
173
170
149
158
163
175
182
160
179
169
159
161
161
174
177
136
160
141
150
164
166
178
134
155
151
153
127
129
120
138
127
103
123
147
157
114
148
139
118
137
135
145
116
122
114
122
104
110
116
123
123
110
122
139
120
134
122
155
114
106
126
114
103
128
133
109
123
137
131
123
119
124
120
129
133
127
121
110
124
152
124
124
127
139
122
147
142
129
106
126
132
120
122
129
129
124
145
86
102
128
106
118
99
116
95
91
113
82
107
75
84
106
90
88
88
90
95
78
70
67
75
77
93
69
77
76
85
68
72
71
91
72
66
79
67
64
69
58
54
59
52
73
59
49
67
54
50
45
59
55
37
56
49
55
67
52
41
47
61
37
44
49
39
32
50
51
51
62
56
46
49
48
41
46
46
50
45
47
41
54
55
53
65
44
58
46
63
60
46
66
59
70
50
73
57
76
48
53
64
66
48
58
59
65
63
61
66
61
84
65
58
58
63
77
67
70
71
89
74
69
75
78
77
97
89
99
83
96
102
111
114
117
148
138
164
179
170
202
231
244
294
251
308
301
396
357
370
450
482
436
471
503
509
521
579
547
587
584
576
608
606
578
574
585
501
539
516
485
467
424
401
413
396
319
348
286
301
245
243
174
184
191
173
177
138
129
108
88
93
68
85
64
69
68
67
57
52
65
46
54
43
45
35
39
28
36
40
41
37
27
35
35
38
36
24
36
32
24
25
35
29
22
34
23
20
28
24
27
27
25
36
24
37
20
22
23
27
24
26
27
24
33
30
32
29
42
34
37
23
25
26
33
32
26
39
36
26
35
30
34
36
29
33
34
35
32
32
24
36
26
30
27
28
27
20
23
30
27
30
29
23
18
19
32
29
29
31
27
27
12
18
23
22
20
25
26
25
11
29
21
13
14
16
18
11
10
26
16
14
10
26
14
24
17
21
20
15
27
20
20
15
23
15
14
20
20
17
20
16
8
24
16
18
22
21
21
16
19
18
19
23
18
17
16
21
25
19
27
30
26
18
32
23
18
28
27
34
31
25
29
30
31
30
32
33
34
39
32
35
41
42
37
43
36
39
38
40
50
46
38
47
51
46
53
50
32
42
38
46
36
42
34
47
31
28
28
29
32
30
31
31
25
28
22
19
23
16
24
22
11
14
19
11
17
25
12
20
15
13
11
17
12
22
15
12
15
19
18
16
16
18
17
12
15
23
9
9
20
22
15
14
15
12
12
12
18
17
13
9
15
16
14
9
27
19
14
20
17
13
15
14
8
16
16
19
9
9
9
12
11
10
9
12
10
17
21
9
11
15
7
15
12
10
11
16
14
6
12
14
16
6
20
12
16
15
9
8
11
9
16
12
5
14
12
12
13
13
11
9
9
7
16
8
11
9
8
13
11
18
15
12
6
16
16
14
7
7
15
8
13
14
13
5
13
14
6
10
15
10
10
10
7
13
15
12
11
12
7
13
11
12
11
12
14
16
8
6
8
12
11
13
6
11
6
9
15
7
13
11
12
8
8
10
16
8
10
5
7
10
10
6
12
6
9
17
9
10
9
14
4
9
17
10
8
9
14
13
9
6
14
12
11
3
7
10
16
9
7
14
10
13
6
20
10
8
17
9
17
17
15
9
20
16
14
21
15
10
13
16
17
15
15
23
20
15
20
23
19
15
18
17
21
19
17
16
23
13
17
13
16
17
23
14
7
20
16
15
11
10
16
21
19
15
16
14
11
13
16
7
14
18
11
17
13
18
19
14
16
10
15
19
10
17
17
20
17
17
19
12
21
17
23
24
21
22
22
16
25
19
28
21
17
17
16
20
15
22
20
22
17
15
20
15
9
14
27
18
20
13
13
11
13
14
21
18
20
14
9
13
13
17
16
17
15
14
15
21
10
15
8
7
17
14
13
11
15
14
13
7
6
15
13
12
15
13
7
12
12
14
12
9
10
12
20
7
8
19
7
16
13
12
18
11
21
12
16
18
8
17
16
10
13
10
12
10
9
13
14
13
12
7
16
12
8
14
14
7
9
11
6
5
14
7
11
14
16
10
14
13
15
9
11
9
6
10
9
8
15
12
14
8
11
9
9
13
10
14
11
15
12
5
6
8
10
10
8
8
6
12
12
11
5
6
6
8
10
14
11
5
4
7
10
5
11
12
6
8
12
4
9
2
8
9
6
8
10
12
11
6
12
9
11
8
10
7
13
7
7
10
9
9
9
13
6
5
7
16
10
11
10
9
15
6
8
10
4
9
9
8
12
6
4
12
6
2
9
9
4
6
10
9
7
5
8
7
4
6
6
4
6
5
5
9
8
8
7
9
4
5
5
1
7
6
4
7
4
5
9
6
10
4
10
7
7
7
8
4
0
7
6
10
8
10
7
8
4
9
7
6
8
12
9
14
7
9
4
5
13
10
19
13
9
12
9
13
12
20
14
19
15
15
17
21
30
18
30
35
27
27
30
29
29
33
28
30
32
29
24
34
34
37
37
33
30
31
32
45
36
39
24
32
24
37
44
26
28
24
20
27
32
19
21
19
20
14
16
18
13
10
11
11
9
10
14
15
10
9
6
14
10
8
5
9
6
8
6
5
5
3
8
6
6
4
6
6
2
10
8
7
5
6
3
4
5
6
7
3
6
8
4
8
8
3
7
7
3
6
6
4
4
4
4
5
7
6
3
5
3
4
7
1
2
8
2
5
3
5
3
4
5
4
10
3
3
1
3
4
2
3
5
7
3
3
4
2
2
2
2
3
3
9
4
3
1
1
5
7
6
4
3
6
3
3
13
4
3
4
3
6
10
4
3
4
5
6
$ROI:
43
143 193
144 194
424 531
429 529
440 544
440 545
440 549
443 544
443 553
490 516
604 1134
679 1395
690 1434
772 934
800 953
827 855
828 856
840 1946
849 1974
857 2002
872 900
880 1058
887 915
914 1083
1010 1038
1208 1258
1345 1375
1418 1448
2436 2526
3229 3279
3607 3645
6449 6521
6459 6531
6463 6535
6464 6536
6467 6539
6471 6543
6482 6526
6489 6513
6497 6521
12997 13047
12999 13049
13000 13050
