$SPEC_ID:
GAMWIN
$SPEC_REM:


$DETDESC:

$DATE_MEA:
10/29/2025 15:06:47
$MEAS_TIM:
56541.58 58068.72
$MCA_CAL:
3
1.32118272781372E+001 1.29107522964478E+000 0.00000000000000E+000
$DATA:
0 2047
0
0
0
0
0
0
0
0
0
0
0
0
0
0
0
0
0
0
0
0
0
0
0
0
0
0
0
0
0
0
0
0
0
0
0
4082
4406
4667
5143
5252
5715
6224
6378
6864
6771
7264
7771
8598
9570
10444
11642
12043
11990
11296
10701
9756
8897
8469
8150
8098
7968
7717
7440
7126
6806
6297
5705
5248
4967
4800
4507
4415
4354
4242
4224
4114
4127
4184
4127
4185
4115
4109
4096
3999
4160
4165
4322
4352
4347
4306
4465
4395
4397
4296
4223
4220
4221
4225
4068
4058
4144
4215
4256
4162
4176
4158
4069
4001
4075
3947
3847
3900
3774
3698
3708
3650
3661
3689
3542
3619
3448
3488
3593
3657
3664
3735
3802
3853
3898
4027
3942
3944
3833
3832
3704
3487
3453
3420
3330
3367
3415
3412
3432
3473
3533
3434
3416
3359
3280
3443
3263
3305
3190
3179
3244
3242
3391
3562
3682
3954
4382
4740
5358
5822
6293
6734
7048
7137
7139
6987
6960
6430
6123
5188
4567
4154
3672
3250
2897
2701
2613
2386
2389
2306
2278
2304
2404
2276
2363
2334
2315
2392
2305
2404
2347
2417
2353
2393
2289
2310
2403
2589
2614
2706
2873
2925
3028
3141
3248
3069
3049
2926
2796
2685
2398
2305
2171
2097
1919
1794
1777
1613
1577
1616
1491
1593
1615
1613
1684
1770
1884
1874
2001
2057
2196
2213
2328
2389
2667
2647
2826
2942
2959
3117
3374
3462
3503
3526
3488
3470
3256
3101
2997
2874
2610
2368
2158
1926
1751
1634
1414
1275
1201
1142
1084
1047
1065
1034
998
1065
935
1095
973
977
948
960
978
916
888
988
909
975
947
996
926
954
976
1024
984
878
907
939
924
912
928
913
873
819
847
874
815
835
816
840
794
789
756
812
764
813
736
721
713
765
803
767
780
790
780
818
814
852
865
805
858
855
815
883
873
922
904
839
894
799
835
822
806
750
800
782
760
727
685
691
711
638
706
688
694
704
703
717
770
779
804
853
799
846
889
916
931
920
968
908
954
965
964
891
906
880
815
803
753
738
697
675
704
663
633
634
631
601
581
580
606
604
540
562
619
602
604
589
619
559
620
643
629
622
676
642
654
745
790
813
889
892
951
1031
1051
1163
1240
1259
1288
1339
1378
1445
1428
1495
1462
1475
1493
1472
1519
1450
1475
1454
1535
1559
1562
1657
1683
1617
1705
1682
1730
1756
1632
1617
1596
1567
1477
1283
1321
1251
1071
1046
984
883
824
737
676
641
573
548
531
522
535
486
504
475
467
447
461
433
476
415
437
450
493
466
454
461
486
457
480
479
465
457
487
473
450
452
440
484
435
480
446
421
441
446
436
485
433
452
419
446
454
413
431
496
484
454
445
458
443
450
461
486
473
507
477
512
497
519
557
542
516
546
528
547
562
529
565
575
539
531
550
538
541
483
503
462
455
454
498
501
438
458
476
440
478
492
485
518
456
499
513
512
527
510
543
491
528
547
490
515
498
548
477
517
546
537
503
534
516
490
499
496
467
485
453
443
469
436
456
418
448
446
388
431
408
393
385
389
376
376
376
394
359
406
357
395
379
373
369
388
399
367
385
399
409
404
416
394
401
390
387
383
424
406
412
410
411
431
412
415
436
417
416
465
432
434
436
470
453
434
441
446
431
438
408
434
441
420
408
432
399
464
464
473
480
500
499
555
552
535
599
658
639
660
696
663
704
716
694
751
719
706
712
706
756
658
637
679
623
599
583
552
523
527
481
533
492
470
472
416
431
451
420
478
446
469
464
486
490
473
490
551
552
572
556
556
619
571
576
577
610
629
572
560
595
547
496
581
560
528
462
479
441
418
459
388
390
352
368
336
362
344
310
330
324
292
293
285
283
289
268
236
251
272
241
269
251
286
265
307
276
280
249
297
273
257
305
282
275
243
269
280
277
273
247
254
281
265
290
264
275
294
279
253
237
257
292
266
269
278
301
256
282
273
272
264
266
297
288
283
313
301
303
309
318
289
304
290
306
314
328
327
336
332
342
353
348
393
345
358
366
396
417
405
419
460
431
434
427
402
461
458
439
448
454
407
414
399
444
416
399
424
368
359
375
384
348
364
347
343
339
328
313
331
347
302
310
288
324
300
284
274
317
315
311
302
266
284
308
263
284
287
311
284
298
283
300
266
282
248
287
273
254
279
301
250
273
302
264
284
280
283
257
317
329
284
274
294
266
329
283
285
299
286
288
308
297
302
307
292
313
300
346
344
352
279
271
277
270
318
327
304
304
312
287
301
292
290
251
246
271
253
230
219
212
196
221
220
222
228
211
190
244
194
199
187
167
175
204
230
185
166
188
171
180
169
162
165
166
142
175
132
168
164
165
160
162
131
162
174
146
156
162
139
140
145
133
134
148
130
142
127
116
141
136
116
135
132
112
130
149
123
140
127
145
143
132
157
133
129
141
126
136
136
142
149
154
160
144
171
141
166
145
155
141
169
167
174
167
179
188
173
171
161
199
204
182
195
164
166
181
187
192
187
209
181
195
194
166
205
180
198
198
194
219
212
223
228
227
250
223
262
263
287
278
298
296
365
413
415
427
438
453
540
607
641
612
660
795
832
844
880
953
1022
1056
1062
1114
1106
1065
1202
1213
1184
1217
1242
1120
1160
1060
1166
1081
1051
1025
995
981
881
856
793
782
710
638
608
547
449
452
462
385
375
344
334
265
276
250
205
199
181
193
161
154
155
138
143
137
154
128
119
115
126
114
110
100
98
99
107
83
99
108
108
81
100
83
84
83
79
91
91
78
80
85
77
80
71
90
91
79
87
80
83
98
81
68
77
96
95
97
103
78
116
91
94
87
90
96
97
99
119
104
111
110
99
95
94
106
119
108
92
74
117
96
104
103
95
95
109
80
99
98
102
89
96
77
96
82
91
80
87
89
87
91
91
98
100
77
82
81
73
77
73
66
68
76
72
82
76
65
80
61
55
56
62
66
71
65
56
76
64
56
66
59
56
60
49
56
54
61
72
55
54
63
52
54
74
60
65
59
66
58
54
67
68
61
70
63
60
57
70
75
79
69
52
88
84
64
67
77
82
87
88
87
89
90
91
97
87
83
97
93
107
121
105
112
122
125
130
117
125
116
133
141
160
126
130
146
160
149
147
135
165
142
128
134
128
136
128
125
132
132
105
117
109
109
96
91
92
87
86
87
76
71
77
80
66
79
57
69
56
56
65
49
48
60
60
53
38
46
53
54
59
51
48
49
54
53
60
49
45
59
53
66
56
60
43
64
51
60
52
60
53
45
58
42
68
55
54
55
52
59
48
51
53
47
58
43
50
64
53
43
46
42
45
55
31
49
34
45
48
48
35
30
42
34
39
46
40
28
28
45
38
47
33
48
19
36
29
32
45
51
36
48
46
40
35
38
33
38
32
33
29
32
47
48
37
34
27
29
37
26
34
31
30
36
22
36
30
30
30
34
28
29
44
37
38
36
35
36
25
30
27
40
35
29
42
41
31
40
32
37
31
24
41
30
25
42
31
31
32
29
30
30
33
33
34
40
43
37
33
47
31
38
32
45
41
37
35
37
29
35
41
25
40
36
33
43
40
36
33
29
35
29
38
33
43
42
43
51
29
34
33
48
42
31
31
35
32
41
34
27
34
30
47
39
37
34
39
50
37
37
53
40
47
46
41
46
53
65
62
47
49
55
61
43
52
59
58
72
62
56
60
55
63
69
74
70
62
52
63
46
58
58
40
68
56
53
45
58
56
54
53
53
49
57
46
60
48
45
40
52
52
32
61
54
43
37
33
46
45
40
55
44
42
39
51
44
63
41
50
41
47
53
59
61
52
49
52
61
46
64
59
66
58
52
65
48
49
63
49
58
61
55
57
71
53
61
72
59
64
71
61
56
47
47
52
59
52
46
55
67
44
51
40
54
57
58
35
48
42
44
33
44
42
42
36
45
31
41
42
41
36
50
45
47
48
46
34
47
31
37
38
46
32
30
41
46
38
50
34
30
51
45
31
41
51
33
35
38
51
37
43
48
48
57
40
41
38
42
29
37
37
31
40
41
46
35
36
42
42
39
51
38
38
37
46
41
38
37
31
39
42
34
35
38
41
45
41
45
31
37
38
39
33
36
40
40
27
35
46
44
38
35
37
34
29
34
39
30
36
37
34
41
27
31
27
38
25
26
28
27
29
31
22
20
33
21
21
27
34
27
37
26
22
19
29
32
28
28
28
27
30
23
31
22
33
29
25
26
30
34
28
38
30
30
34
28
36
25
28
27
23
30
23
30
18
19
30
21
18
21
24
20
20
34
18
25
16
22
21
27
22
16
21
18
17
15
12
18
22
18
15
13
16
26
19
9
9
29
9
14
24
21
19
14
23
18
24
19
17
14
14
21
19
12
20
19
17
19
17
23
16
19
19
17
16
34
19
15
31
28
14
24
22
31
21
24
28
33
21
40
34
31
29
28
48
42
44
37
57
54
51
60
68
70
61
65
79
80
92
74
82
87
88
86
91
102
110
107
119
118
125
134
123
102
122
116
132
145
123
139
111
117
129
143
106
141
123
127
108
83
98
118
89
79
70
74
63
96
79
70
68
71
56
55
46
42
34
44
35
40
36
38
42
28
24
19
30
20
19
22
25
15
23
17
19
14
24
19
18
17
26
15
20
13
12
17
17
13
11
12
16
20
13
20
12
16
11
17
19
10
12
9
16
10
10
4
12
16
15
15
15
14
9
11
12
9
14
16
12
12
15
11
10
9
9
13
10
17
12
15
16
11
10
15
10
12
11
11
13
9
16
15
9
10
16
15
5
10
19
13
14
15
7
13
12
9
9
19
12
9
18
17
17
10
8
12
4
13
14
9
12
9
15
19
11
12
9
$ROI:
43
143 193
144 194
424 531
429 529
440 544
440 545
440 549
443 544
443 553
490 516
604 1134
679 1395
690 1434
772 934
800 953
827 855
828 856
840 1946
849 1974
857 2002
872 900
880 1058
887 915
914 1083
1010 1038
1208 1258
1345 1375
1418 1448
2436 2526
3229 3279
3607 3645
6449 6521
6459 6531
6463 6535
6464 6536
6467 6539
6471 6543
6482 6526
6489 6513
6497 6521
12997 13047
12999 13049
13000 13050
