$SPEC_ID:
GAMWIN
$SPEC_REM:


$DETDESC:

$DATE_MEA:
04/29/2025 14:47:56
$MEAS_TIM:
58373.46 58486.78
$MCA_CAL:
3
1.32118272781372E+001 1.29107522964478E+000 0.00000000000000E+000
$DATA:
0 2047
0
0
0
0
0
0
0
0
0
0
0
0
0
0
0
0
0
0
0
0
0
2759
2436
2524
2348
2213
2271
2432
2401
2517
2471
2420
2337
2275
2081
2088
2073
2101
2185
2325
2491
2649
2761
2862
2870
2946
3037
3336
3694
4030
4220
4657
4611
4585
4226
4044
3546
3322
3202
3145
3045
3116
2933
2827
2761
2570
2386
2210
2032
1858
1793
1740
1758
1695
1605
1575
1568
1581
1527
1567
1660
1571
1600
1633
1566
1561
1615
1637
1645
1646
1686
1718
1752
1619
1596
1616
1578
1538
1597
1633
1633
1515
1523
1507
1566
1577
1549
1548
1462
1479
1411
1471
1490
1353
1377
1384
1387
1353
1294
1325
1332
1348
1313
1355
1316
1396
1391
1467
1531
1449
1496
1535
1538
1502
1480
1368
1371
1341
1319
1315
1215
1288
1266
1357
1355
1307
1341
1340
1260
1327
1253
1260
1262
1264
1254
1212
1312
1335
1299
1419
1599
1569
1886
1997
2287
2402
2548
2797
2707
2754
2768
2633
2524
2329
2049
1819
1630
1406
1415
1219
1126
1037
1031
1066
946
961
937
981
1007
996
930
932
984
986
912
964
970
1014
955
893
952
960
960
1040
1039
1046
1082
1135
1084
1113
1145
1144
1144
1131
1016
979
955
922
902
851
763
727
702
647
703
652
670
699
702
725
709
734
784
851
791
817
861
889
882
980
1015
952
1081
1162
1115
1151
1181
1181
1292
1235
1253
1254
1160
1195
1098
1005
948
853
810
751
723
664
588
545
503
484
493
496
474
456
473
454
418
431
434
434
464
488
448
460
449
402
460
464
420
404
447
435
465
476
422
441
447
444
387
390
462
363
375
392
409
358
382
394
363
392
358
348
350
396
360
372
336
321
334
357
313
313
350
364
335
348
355
381
352
356
406
361
384
418
402
373
391
374
402
410
357
363
371
316
358
349
315
366
347
351
335
329
346
325
356
352
361
381
347
416
377
356
414
388
395
456
447
482
436
414
463
443
462
441
460
402
397
400
386
367
376
338
388
318
309
296
293
322
309
287
279
319
302
301
274
286
298
287
296
274
278
293
301
271
263
309
334
335
378
348
362
362
394
422
424
434
487
512
508
546
535
614
583
605
624
568
575
623
606
590
610
569
586
580
576
559
614
617
611
631
635
630
619
627
649
562
554
538
537
510
480
497
457
372
388
396
288
292
299
277
260
252
271
240
263
237
204
243
227
240
229
253
231
265
227
242
256
223
230
269
271
213
228
219
212
242
246
233
224
230
239
233
248
200
207
243
221
216
235
254
228
217
187
237
212
245
226
248
229
239
220
208
238
239
263
244
238
246
223
258
238
246
259
285
268
279
281
266
283
257
261
274
268
247
291
248
270
264
252
238
233
240
246
251
211
221
242
229
251
242
245
237
233
259
211
230
252
241
241
243
275
256
253
238
212
258
262
241
249
253
231
245
246
250
281
254
238
263
230
251
205
228
223
188
217
253
260
195
216
193
219
199
202
192
204
189
220
196
206
199
211
208
225
213
188
191
223
201
174
203
197
187
217
197
231
200
186
196
211
225
200
214
217
180
204
172
209
159
186
181
230
198
180
197
212
182
184
180
196
187
199
201
178
198
208
236
203
215
212
231
230
241
247
232
261
243
264
292
288
303
306
298
339
325
340
344
318
337
318
301
316
325
293
284
271
270
257
292
273
236
234
221
240
207
221
234
228
220
200
231
263
228
238
200
228
259
259
250
265
257
250
298
284
267
298
299
281
286
294
292
261
270
252
263
223
238
252
238
210
206
220
191
197
200
205
199
218
177
188
178
186
162
171
179
168
169
181
186
166
173
170
174
190
191
159
153
174
173
183
142
151
152
165
147
157
149
180
149
164
170
157
189
179
148
149
171
183
179
149
154
191
168
174
177
162
157
148
175
165
166
148
178
159
183
183
177
169
173
175
187
201
150
189
199
182
195
202
153
169
177
197
203
208
214
228
211
201
203
233
208
213
189
216
225
218
207
226
234
234
233
237
233
201
221
193
192
222
231
205
240
191
211
222
213
196
195
207
192
226
185
193
182
167
210
180
164
184
187
174
169
177
175
175
160
211
176
173
193
176
174
197
162
194
180
164
173
183
186
190
188
183
183
186
163
186
208
181
186
156
200
185
181
191
187
176
177
194
183
213
200
179
168
172
209
186
159
192
164
201
171
172
172
196
176
166
197
153
183
166
174
193
134
184
125
151
143
130
157
125
142
131
127
132
114
107
117
107
121
123
108
104
105
97
119
95
118
114
108
99
96
107
90
92
77
76
88
83
92
79
82
81
86
75
68
64
84
90
75
87
80
72
80
65
71
87
73
62
73
69
85
52
55
72
68
74
52
58
70
74
73
58
78
56
61
62
57
64
49
47
66
60
58
76
76
70
82
74
73
66
61
64
78
55
83
71
71
80
64
76
84
70
74
76
78
111
86
99
81
72
83
92
64
70
91
82
89
96
82
66
106
86
92
105
78
109
113
135
128
132
126
144
165
161
194
194
212
242
243
289
317
325
354
397
414
432
462
491
551
605
633
674
673
712
757
781
781
805
874
831
902
912
911
921
877
880
848
798
808
864
760
706
683
632
584
609
574
467
455
494
383
350
337
287
262
219
214
185
184
163
173
113
122
95
92
93
72
87
73
78
82
56
70
77
53
58
55
58
56
46
46
43
42
41
37
54
46
47
47
44
33
35
41
38
46
51
42
29
35
31
43
40
41
31
37
26
36
37
45
40
40
35
37
44
43
44
45
49
38
42
46
41
43
42
48
49
41
36
44
45
53
44
39
44
58
35
38
51
54
48
49
37
33
44
47
38
42
40
42
36
33
35
45
26
36
46
41
31
42
38
29
27
44
42
34
37
44
30
24
36
38
37
34
35
39
26
31
34
31
26
31
33
27
30
29
28
26
35
32
29
26
15
26
32
35
24
28
34
38
25
37
34
32
25
28
31
36
33
25
29
28
33
24
46
36
33
28
26
32
29
40
30
30
35
42
31
32
47
45
35
46
53
42
44
41
40
37
48
54
52
43
47
49
40
54
45
49
50
53
77
44
62
72
54
42
55
56
50
45
48
48
62
45
42
49
61
55
37
63
39
50
41
43
37
37
37
39
33
35
33
39
48
28
20
29
22
27
32
20
24
21
33
30
30
22
36
25
17
28
36
17
39
29
16
24
20
30
18
29
23
27
28
27
32
40
38
31
21
25
25
28
30
18
26
29
39
27
31
32
25
25
23
22
23
21
25
24
22
21
11
13
28
16
30
24
34
19
20
30
23
21
25
19
22
27
42
18
22
37
16
23
17
29
20
25
19
19
23
10
15
16
23
23
17
22
25
26
17
25
19
18
28
17
19
21
24
24
22
21
26
19
27
26
16
19
22
16
18
25
19
20
23
17
20
15
14
23
17
22
17
18
19
18
24
24
17
23
20
22
24
19
16
22
22
24
25
14
19
15
22
20
15
16
21
22
19
16
27
22
17
12
19
13
23
23
27
15
23
15
20
21
13
18
23
15
20
24
21
22
20
14
20
25
24
23
23
17
20
18
17
19
16
28
15
24
32
16
10
16
31
26
17
19
21
22
17
22
24
22
20
21
29
36
25
17
22
25
26
25
25
31
23
35
28
37
24
35
26
35
20
23
37
23
26
29
41
35
31
25
27
27
43
24
31
27
38
30
32
27
28
23
21
25
28
21
23
28
17
26
18
17
35
13
24
20
20
20
21
20
26
10
23
18
18
22
21
25
28
29
30
27
21
19
28
20
17
18
27
24
17
27
20
21
25
24
28
18
26
31
29
24
28
32
25
25
31
24
27
18
21
38
23
26
23
29
37
21
30
23
27
18
29
25
11
19
21
9
14
17
17
18
17
16
27
25
24
13
20
24
22
22
23
21
17
20
25
24
16
12
22
26
15
19
28
15
20
25
22
20
18
20
17
18
13
20
18
24
19
18
16
16
25
17
27
18
21
19
23
17
30
22
22
10
8
25
22
22
15
20
27
23
14
24
25
20
32
10
17
16
15
23
15
21
17
15
20
14
14
15
18
16
15
25
24
17
20
21
13
12
20
11
19
16
19
20
15
22
18
25
15
20
19
17
17
15
15
14
20
21
17
8
18
23
21
13
11
17
12
19
12
11
7
15
19
10
9
11
10
11
16
11
13
11
17
17
16
21
15
20
24
16
15
20
15
16
14
15
9
13
19
15
19
12
8
15
11
12
15
20
16
12
16
15
18
17
11
10
12
9
13
10
14
10
18
10
21
15
9
8
15
11
13
14
10
10
9
9
7
11
9
13
16
13
16
8
9
17
11
11
11
14
6
11
9
10
11
15
11
14
11
13
12
6
14
7
13
9
9
8
13
16
19
14
10
9
22
9
5
13
8
17
22
20
15
12
19
17
13
13
24
15
23
18
15
23
23
31
25
32
23
24
26
44
30
36
42
29
36
40
35
47
33
43
32
39
34
57
43
37
36
59
39
68
53
65
39
61
52
48
52
63
65
41
57
46
50
39
43
35
48
38
30
48
28
22
28
24
26
26
33
26
27
18
22
23
11
18
22
19
9
17
15
21
16
15
8
14
11
17
14
8
13
13
8
12
5
13
6
12
18
7
12
17
14
12
10
5
15
9
5
9
12
10
6
14
12
10
8
9
4
5
6
13
6
18
9
7
15
10
13
6
8
5
9
13
7
12
15
15
10
6
14
13
9
8
11
11
7
7
6
12
18
9
14
10
6
8
8
13
9
8
17
7
10
10
10
9
12
10
7
9
9
7
$ROI:
39
424 531
429 529
440 544
440 545
440 549
443 544
443 553
490 516
679 1395
772 934
800 953
827 855
828 856
840 1946
849 1974
857 2002
872 900
880 1058
887 915
914 1083
1010 1038
1208 1258
1345 1375
1418 1448
2436 2526
3229 3279
3607 3645
6449 6521
6459 6531
6463 6535
6464 6536
6467 6539
6471 6543
6482 6526
6489 6513
6497 6521
12997 13047
12999 13049
13000 13050
