$SPEC_ID:
GAMWIN
$SPEC_REM:


$DETDESC:

$DATE_MEA:
10/03/2025 15:04:10
$MEAS_TIM:
227518.12 229495.54
$MCA_CAL:
3
1.32118272781372E+001 1.29107522964478E+000 0.00000000000000E+000
$DATA:
0 2047
0
0
0
0
0
0
0
0
0
0
0
0
0
0
0
0
0
0
0
0
0
0
0
0
0
0
0
0
0
0
0
0
0
0
0
4558
4659
4776
5005
5361
5770
5946
6282
6531
6716
6856
7314
7694
8541
9296
9976
10681
10663
10460
9887
9144
8564
7990
7868
7593
7397
7223
7092
6842
6645
5830
5615
5179
4708
4514
4294
4065
4120
3973
4033
3993
4008
3926
3965
3849
3997
3950
3945
3890
3956
3855
3976
3907
3946
3985
4008
4119
3960
4073
3854
4019
3928
4021
3980
3808
3956
3917
4007
3881
4009
3930
3870
3903
3761
3821
3841
3729
3663
3635
3759
3538
3542
3563
3573
3521
3457
3451
3527
3619
3665
3833
3865
3982
4028
4205
4205
4209
4069
4016
3900
3658
3712
3533
3388
3387
3341
3270
3226
3169
3271
3241
3292
3292
3300
3241
3191
3116
3102
3057
3186
3098
3222
3165
3311
3423
3601
3933
4217
4441
4734
5219
5328
5472
5629
5603
5443
5148
5007
4516
4184
3783
3604
3260
3003
2820
2687
2572
2533
2410
2392
2466
2366
2436
2284
2506
2484
2450
2396
2511
2475
2537
2469
2576
2492
2592
2629
2692
2815
2894
3070
3314
3434
3493
3441
3532
3493
3345
3326
3088
2959
2745
2575
2298
2245
2085
1922
1923
1774
1799
1698
1728
1649
1738
1785
1691
1794
1948
1825
1975
1964
2118
2264
2258
2403
2518
2800
2847
2984
3190
3334
3550
3860
3862
3943
3969
3984
3849
3721
3589
3282
3018
2721
2565
2149
1971
1867
1627
1476
1459
1361
1217
1252
1200
1203
1162
1178
1102
1092
1179
1106
1178
1167
1125
1140
1086
1137
1092
1105
1065
1056
1084
1101
1027
1111
1081
1084
1056
1049
1044
1050
1099
1012
951
958
1040
1015
977
964
966
878
971
918
930
914
902
847
892
897
837
915
878
917
932
848
911
973
910
899
886
878
878
895
921
907
936
892
961
927
900
906
923
935
895
848
891
879
910
816
848
855
828
822
834
788
839
863
852
840
894
927
915
938
1016
1011
1037
1026
1055
1094
1132
1135
1126
1070
1058
1036
1073
1037
959
957
934
909
833
775
787
793
742
752
761
755
671
688
679
689
762
694
675
706
644
694
669
638
650
656
735
700
708
709
701
811
749
777
772
804
859
885
929
979
992
1024
1100
1122
1137
1146
1215
1225
1269
1253
1311
1310
1258
1325
1430
1537
1532
1542
1661
1738
1796
1876
1953
1858
1974
1996
2008
1920
1932
1853
1804
1619
1544
1453
1397
1309
1125
1102
1025
911
855
780
749
658
627
593
583
600
548
584
558
567
536
558
568
521
545
485
528
517
530
528
543
546
531
531
551
549
569
569
577
564
551
538
519
556
522
498
554
523
483
538
527
480
510
544
516
469
537
523
486
519
542
537
504
504
537
533
551
514
535
545
557
544
569
551
580
534
557
590
540
570
566
531
601
526
564
559
539
576
523
596
521
519
551
499
517
579
535
547
572
552
574
549
615
584
561
580
612
628
575
609
643
593
631
573
608
571
537
615
585
557
578
581
598
591
562
561
551
529
482
514
526
533
487
477
519
496
543
514
466
480
495
473
438
504
443
432
473
478
527
469
476
446
458
466
510
484
487
438
489
466
521
466
479
531
497
535
492
525
510
520
564
538
531
546
540
594
641
581
570
583
631
646
668
636
657
611
654
592
632
626
572
594
573
583
593
574
543
541
532
546
561
525
544
519
580
568
583
599
563
629
607
634
571
636
581
597
605
654
636
621
598
642
584
551
578
569
521
586
517
530
501
511
475
478
546
547
537
517
537
511
482
526
547
499
480
535
513
544
492
490
557
588
570
503
559
563
534
547
536
540
530
485
475
497
479
482
466
416
438
467
460
449
437
408
429
370
436
396
422
400
371
390
384
360
378
390
370
379
346
329
364
406
361
342
356
354
338
326
353
337
330
329
344
320
350
371
351
344
339
348
342
330
347
380
363
380
388
342
355
371
340
367
337
383
349
346
338
336
358
375
370
393
374
389
343
367
359
401
392
383
376
358
414
336
382
366
375
378
432
421
418
424
384
441
427
467
488
498
506
492
530
507
536
530
508
544
550
534
576
553
543
541
542
580
528
529
527
468
452
458
437
439
445
395
438
426
413
406
425
386
394
376
386
399
370
416
401
375
386
363
390
416
363
334
361
393
360
340
361
348
346
345
376
334
362
332
317
350
352
364
359
370
340
358
326
353
354
350
337
382
343
357
354
371
336
352
385
349
362
372
343
392
378
369
395
418
348
405
361
394
402
408
383
394
367
379
389
379
363
374
346
363
370
336
321
325
300
310
318
280
274
288
293
308
290
293
283
258
274
284
293
234
255
245
228
254
244
250
236
232
220
260
241
224
248
212
214
249
218
208
221
227
248
198
222
207
203
211
213
220
215
193
200
242
206
198
191
231
179
215
220
212
211
184
203
247
204
193
206
188
196
198
221
202
206
242
226
208
215
236
223
247
239
236
241
241
250
220
221
217
249
228
247
255
244
266
265
244
266
250
260
260
300
274
244
264
270
245
248
264
255
278
294
320
294
283
269
293
290
294
288
310
300
314
336
314
325
329
356
364
400
429
416
492
474
477
528
580
622
630
713
738
731
834
873
893
956
940
981
1007
1064
1167
1189
1215
1275
1308
1321
1326
1342
1275
1292
1320
1262
1212
1168
1197
1120
1040
1014
967
952
907
786
782
711
661
629
527
552
495
481
438
377
363
358
310
337
284
305
253
251
237
233
239
221
199
194
217
162
173
187
168
207
175
163
169
182
156
153
156
128
145
152
127
145
130
146
149
116
131
138
119
125
122
126
128
130
128
132
121
114
124
130
113
110
118
117
116
107
123
116
86
106
116
107
124
124
112
98
124
99
143
93
102
92
113
116
114
125
131
116
108
114
105
112
113
105
101
90
103
99
113
88
104
111
102
105
92
92
105
89
111
92
79
84
86
102
108
74
78
79
92
78
86
79
93
92
87
84
88
74
90
71
86
92
79
72
82
97
88
84
78
84
77
104
79
81
61
77
95
75
92
92
80
88
70
81
89
85
80
88
101
89
88
93
100
92
83
93
89
96
100
93
97
122
108
105
118
108
107
130
115
105
142
123
134
115
122
137
160
148
145
134
151
147
159
168
155
188
155
199
166
193
182
174
192
167
211
212
170
213
217
210
177
155
195
177
164
178
165
146
166
151
158
158
153
146
139
117
112
118
133
100
113
109
103
97
93
93
94
85
96
70
74
78
72
85
73
68
71
65
72
75
56
61
60
76
69
56
80
81
76
67
68
92
66
57
62
57
85
65
65
69
72
74
67
78
81
66
65
57
71
62
68
67
62
57
60
64
61
62
55
53
51
64
64
56
58
52
50
56
55
43
56
57
64
82
52
59
60
47
56
58
36
52
48
43
58
49
62
56
45
59
54
46
52
61
52
40
46
48
44
54
51
43
50
52
54
43
38
45
57
49
46
45
55
48
66
67
40
53
37
43
55
63
41
42
59
53
53
45
53
46
41
45
48
53
53
45
38
42
50
43
52
57
54
45
51
54
46
49
46
52
56
46
50
34
54
47
37
33
50
46
39
44
43
29
43
53
52
49
65
45
40
44
41
54
48
50
45
53
47
37
42
55
44
47
47
45
33
50
54
42
27
48
36
37
42
52
41
46
40
40
44
53
54
46
47
45
46
40
39
50
46
65
48
42
57
58
47
55
38
58
57
61
68
45
68
68
57
50
66
53
57
59
57
82
74
63
76
61
69
73
72
65
58
62
58
53
69
72
69
62
58
66
69
74
55
58
54
50
66
60
57
51
63
64
53
60
66
59
52
53
57
40
66
46
51
58
57
57
69
58
60
74
61
62
57
73
59
74
71
74
54
71
83
78
67
82
84
78
83
66
77
93
68
74
91
81
66
70
70
69
59
81
61
76
70
83
67
51
77
52
66
64
62
69
71
55
45
50
52
52
49
44
41
52
54
50
46
49
40
47
49
58
45
47
49
42
63
43
52
38
60
46
49
45
42
46
52
45
44
52
51
36
50
52
54
60
66
63
55
51
54
49
53
53
40
59
50
54
49
55
37
46
50
52
46
40
47
45
43
52
49
36
45
36
40
55
50
47
38
49
48
46
46
53
44
41
40
45
49
53
52
35
49
53
50
52
45
52
42
58
37
37
34
39
34
55
40
47
40
51
33
38
36
58
41
51
43
57
52
43
41
44
41
46
41
47
42
39
41
39
62
43
38
50
35
59
37
54
37
56
44
45
44
45
47
37
36
43
42
32
46
50
44
44
46
40
38
36
58
44
46
46
64
45
48
48
36
50
45
43
38
53
47
47
48
29
43
36
39
39
46
25
37
39
35
48
45
38
30
37
47
45
47
32
39
26
37
38
35
33
31
24
30
35
31
32
37
33
43
33
43
39
30
27
38
53
39
44
42
36
29
41
39
45
33
40
30
47
38
38
46
32
42
39
45
32
43
41
47
41
67
35
36
49
50
51
52
49
57
45
60
55
48
44
63
70
54
78
75
60
81
77
73
89
74
86
87
81
75
77
98
90
101
107
102
97
121
98
105
86
86
84
98
109
101
81
75
81
94
87
90
87
79
76
63
83
70
79
64
76
70
58
47
62
70
52
54
52
40
41
44
50
46
44
50
41
31
40
41
46
40
45
36
40
43
38
33
30
37
30
33
29
35
28
42
37
44
31
41
32
42
29
21
21
35
26
34
35
30
31
32
33
36
32
43
34
33
38
32
27
32
22
28
35
30
24
33
39
25
28
28
30
40
34
22
33
26
31
31
28
32
34
18
38
35
32
31
33
35
30
22
41
35
39
30
30
14
34
23
52
35
32
32
21
27
36
39
28
35
39
38
21
33
29
42
32
28
31
36
33
26
36
$ROI:
43
143 193
144 194
424 531
429 529
440 544
440 545
440 549
443 544
443 553
490 516
604 1134
679 1395
690 1434
772 934
800 953
827 855
828 856
840 1946
849 1974
857 2002
872 900
880 1058
887 915
914 1083
1010 1038
1208 1258
1345 1375
1418 1448
2436 2526
3229 3279
3607 3645
6449 6521
6459 6531
6463 6535
6464 6536
6467 6539
6471 6543
6482 6526
6489 6513
6497 6521
12997 13047
12999 13049
13000 13050
