$SPEC_ID:
GAMWIN
$SPEC_REM:


$DETDESC:

$DATE_MEA:
10/14/2025 07:49:09
$MEAS_TIM:
27002.33 28224.88
$MCA_CAL:
3
1.32118272781372E+001 1.29107522964478E+000 0.00000000000000E+000
$DATA:
0 2047
0
0
0
0
0
0
0
0
0
0
0
0
0
0
0
0
0
0
0
0
0
0
0
0
0
0
0
0
0
0
0
0
0
0
0
3863
3893
4105
4177
4415
4641
5006
5289
5194
5401
5515
5639
6009
6481
6849
7702
7893
7938
7708
7336
6590
6025
5694
5546
5501
5223
5055
5030
4740
4607
4199
4005
3643
3196
3123
2946
2846
2785
2726
2663
2687
2578
2672
2677
2582
2600
2573
2642
2492
2520
2598
2488
2495
2554
2585
2583
2550
2627
2545
2526
2586
2572
2604
2706
2741
2601
2719
2738
2694
2669
2644
2622
2459
2595
2627
2486
2511
2411
2469
2414
2397
2353
2357
2250
2232
2362
2389
2402
2458
2622
2618
2609
2744
2826
2945
2961
2877
2829
2685
2561
2458
2234
2296
2140
1991
2117
2007
1965
1901
1950
1883
1938
1957
1834
1872
1906
1918
1839
1737
1912
1915
1810
1910
1948
2048
2253
2330
2488
2584
2861
2983
3056
3033
3259
3172
3145
2980
2814
2662
2476
2276
2071
2000
1745
1745
1754
1558
1535
1552
1581
1544
1551
1483
1535
1482
1544
1469
1497
1481
1603
1561
1489
1631
1670
1734
1844
1947
2083
2296
2329
2531
2531
2674
2643
2596
2613
2467
2282
2137
1980
1739
1584
1417
1349
1154
1236
1079
1114
1033
1005
1039
994
975
1058
1089
1040
1081
1209
1172
1232
1303
1419
1506
1625
1677
1959
2136
2358
2518
2607
2846
3113
3209
3203
3313
3081
3111
2918
2663
2497
2178
1911
1696
1526
1265
1109
1034
860
843
768
745
681
682
704
675
618
632
671
610
663
659
683
634
667
634
687
637
605
656
642
643
582
662
664
619
556
634
590
604
577
615
561
575
616
571
582
539
534
515
568
543
513
512
525
518
527
494
496
512
520
505
545
526
492
565
511
473
446
488
492
469
516
494
480
486
484
483
508
467
476
491
500
448
485
475
466
464
429
466
491
408
432
444
409
420
423
453
438
430
405
471
481
448
443
505
433
508
470
544
503
506
454
530
463
483
476
445
421
394
424
398
402
384
408
380
383
396
405
399
415
409
385
398
362
402
381
373
389
422
351
364
367
395
349
346
399
387
411
418
420
473
423
477
505
548
554
540
556
584
558
577
660
667
695
743
792
780
905
956
979
1093
1128
1234
1314
1399
1467
1559
1540
1556
1676
1651
1635
1544
1635
1462
1389
1309
1169
1122
1008
873
776
727
707
610
511
485
472
410
406
353
330
379
322
311
320
311
305
304
335
285
297
308
312
340
321
318
306
328
305
334
317
297
301
308
322
316
301
285
316
307
285
299
297
261
278
308
290
300
287
308
283
325
308
296
307
293
284
306
305
283
274
289
313
285
306
331
322
288
338
324
334
309
294
339
323
312
306
285
295
313
309
316
318
321
327
316
313
309
317
296
329
330
330
339
321
325
348
366
379
369
398
377
376
388
415
383
383
373
389
415
386
371
380
363
347
348
378
319
374
308
312
302
369
339
332
308
308
316
310
272
298
313
322
292
301
313
283
306
284
275
313
268
282
259
314
270
324
285
306
244
290
272
252
316
305
291
285
301
296
261
273
285
304
293
286
255
274
276
284
250
287
291
282
305
300
295
289
281
289
267
308
282
284
286
260
281
287
284
259
319
237
297
293
305
301
285
293
287
282
321
302
319
353
327
328
339
307
331
339
289
367
356
320
333
324
322
324
373
348
363
304
330
341
282
317
291
292
340
294
339
350
321
291
285
287
331
309
330
312
294
313
292
343
333
342
313
303
300
321
315
327
323
298
272
305
341
284
313
266
308
288
286
270
258
268
256
279
283
244
262
256
268
250
262
250
236
264
263
261
255
255
239
229
215
224
249
241
228
249
262
248
234
244
255
234
225
240
236
231
221
255
225
211
264
219
236
231
247
240
237
249
243
236
204
225
239
230
245
250
239
254
237
254
244
266
265
269
245
240
267
251
256
236
265
243
284
244
284
290
288
280
302
281
296
327
300
360
330
355
375
350
365
350
391
397
396
420
396
417
469
470
470
416
458
435
426
416
432
412
391
362
372
389
360
351
366
345
352
353
353
294
318
283
313
297
333
285
280
298
305
308
263
306
265
286
282
264
265
260
266
281
296
288
270
269
295
262
253
288
265
248
252
254
238
285
275
264
266
282
272
276
249
273
272
250
257
266
288
293
284
270
283
276
303
277
267
288
264
303
302
281
294
295
283
299
324
261
312
274
280
272
309
255
266
280
246
270
273
228
233
232
201
216
194
209
204
202
176
185
175
168
165
181
178
165
157
169
154
160
165
142
139
129
131
122
130
144
136
129
125
137
126
140
116
119
113
126
125
119
135
151
109
108
108
101
95
132
121
112
79
110
114
107
109
102
98
115
106
101
113
90
93
98
117
115
99
106
108
116
101
109
131
114
106
125
126
126
131
134
146
127
136
157
133
137
132
147
133
165
156
157
139
155
146
167
151
134
160
182
149
146
181
160
158
164
176
174
161
163
185
170
174
207
196
194
215
225
213
232
234
221
270
264
260
252
328
357
374
445
454
453
505
528
571
673
670
802
795
835
881
978
948
960
1069
1172
1115
1131
1221
1195
1245
1264
1209
1279
1245
1238
1188
1170
1159
1090
1033
971
905
929
841
820
793
663
665
574
485
507
474
458
376
344
295
273
218
236
196
186
174
172
170
135
126
112
110
116
123
111
99
98
97
86
79
79
82
99
69
85
61
86
71
68
59
55
71
43
56
59
52
71
63
55
63
67
53
51
59
58
55
52
59
33
53
44
47
49
61
47
57
63
46
49
60
56
52
58
46
52
54
50
43
55
44
52
59
53
59
58
61
51
35
31
57
57
45
45
60
28
37
34
43
57
39
47
45
44
41
42
32
42
28
40
35
26
31
20
30
29
32
32
29
37
28
33
31
21
33
25
46
37
41
37
39
34
26
43
45
31
28
47
33
50
38
31
37
35
31
35
38
43
35
33
35
50
33
33
37
25
34
39
39
30
40
43
52
40
46
45
46
51
39
67
47
56
45
55
56
66
82
43
63
86
80
62
63
76
86
82
88
96
101
89
106
107
90
107
107
113
100
120
149
122
119
148
155
151
137
129
143
148
144
126
133
126
130
114
132
117
116
123
110
107
100
102
94
96
90
76
71
59
60
64
61
68
48
39
57
45
46
43
50
39
36
35
29
25
18
31
27
35
30
20
36
32
42
41
34
24
25
40
43
28
46
43
32
32
42
37
35
34
42
37
32
34
37
38
42
27
42
33
38
39
40
22
41
24
30
33
27
29
33
33
25
27
25
22
19
14
25
17
22
26
26
23
25
20
19
18
20
25
25
20
19
21
18
18
17
18
17
14
18
18
23
26
23
17
11
17
17
14
18
15
24
12
19
19
16
17
16
18
14
20
24
24
20
17
13
18
12
20
21
14
19
14
17
23
12
13
16
17
20
11
17
25
20
11
10
11
17
6
15
11
19
26
16
13
17
14
17
16
16
20
15
18
14
12
7
15
12
9
16
16
12
18
15
15
17
9
9
13
14
10
15
16
20
19
8
14
16
13
13
8
9
12
9
11
15
14
14
9
10
12
21
16
13
14
14
13
14
21
16
13
12
14
15
10
4
12
23
11
15
17
19
13
15
10
15
19
15
14
16
22
15
16
14
22
13
13
26
25
25
21
32
34
27
26
26
19
16
22
16
20
24
22
31
29
21
32
18
24
23
26
25
21
20
19
20
15
16
17
15
22
20
15
17
18
14
19
26
20
25
21
28
21
25
25
17
19
21
24
23
23
22
28
43
36
32
26
38
29
35
33
35
36
32
35
43
48
47
36
31
34
32
32
43
46
38
38
42
33
27
37
35
33
23
25
29
25
22
21
15
21
23
25
20
22
16
17
20
15
18
15
16
20
17
15
18
7
17
12
21
6
11
10
15
11
15
13
8
10
11
16
7
9
8
20
15
18
11
12
21
11
14
13
14
7
9
14
11
14
9
15
7
12
5
16
11
14
11
19
9
8
11
9
11
13
12
15
13
7
13
13
17
8
12
9
6
7
10
11
12
8
8
15
12
11
8
12
7
7
8
16
10
9
9
10
14
7
10
5
6
7
11
11
10
10
13
17
10
11
13
12
9
13
8
14
8
10
9
12
6
6
9
8
5
8
12
9
8
9
17
4
9
11
9
11
10
10
9
11
15
6
12
13
15
9
13
11
23
18
19
15
14
11
12
17
10
15
16
11
15
13
14
13
19
14
18
11
13
9
11
7
11
8
9
16
8
5
5
14
13
8
7
7
13
10
2
6
11
15
7
8
11
7
7
7
5
7
10
8
5
8
7
7
8
6
5
6
4
2
9
5
5
11
9
8
1
2
3
4
6
6
6
6
3
6
10
9
5
4
8
4
9
10
10
7
9
6
8
14
10
7
9
5
10
9
12
18
8
11
17
11
10
22
10
18
16
15
21
14
21
19
17
23
24
17
28
24
23
31
20
46
30
31
25
23
32
35
24
28
26
28
21
22
30
37
15
35
18
22
19
17
22
25
17
20
18
13
21
17
20
9
13
17
7
12
8
11
6
10
11
7
9
13
10
8
9
6
7
6
3
8
10
5
4
8
4
6
4
10
5
8
3
1
5
6
5
7
5
1
6
5
6
0
4
5
2
1
3
5
8
3
9
6
7
5
4
3
4
6
4
2
3
4
3
3
4
4
4
6
3
3
5
1
5
5
8
5
7
6
8
8
3
7
5
5
3
6
2
2
4
5
2
3
3
3
6
3
5
4
10
4
5
7
4
3
3
4
2
7
8
6
5
5
1
3
3
4
1
6
3
7
4
5
6
3
1
2
5
$ROI:
43
143 193
144 194
424 531
429 529
440 544
440 545
440 549
443 544
443 553
490 516
604 1134
679 1395
690 1434
772 934
800 953
827 855
828 856
840 1946
849 1974
857 2002
872 900
880 1058
887 915
914 1083
1010 1038
1208 1258
1345 1375
1418 1448
2436 2526
3229 3279
3607 3645
6449 6521
6459 6531
6463 6535
6464 6536
6467 6539
6471 6543
6482 6526
6489 6513
6497 6521
12997 13047
12999 13049
13000 13050
