$SPEC_ID:
GAMWIN
$SPEC_REM:


$DETDESC:

$DATE_MEA:
04/10/2025 14:58:35
$MEAS_TIM:
58478.29 58595.46
$MCA_CAL:
3
1.32118272781372E+001 1.29107522964478E+000 0.00000000000000E+000
$DATA:
0 2047
0
0
0
0
0
0
0
0
0
0
0
0
0
0
0
0
0
0
0
0
0
3089
2755
2687
2535
2592
2587
2570
2559
2541
2558
2504
2411
2273
2334
2335
2307
2399
2488
2580
2802
2808
2946
2961
3085
3247
3345
3638
3835
4274
4622
4799
5036
4698
4488
4040
3840
3618
3549
3406
3437
3338
3222
3154
3088
2838
2567
2457
2322
2130
2028
2080
1963
1892
1944
1830
1887
1884
1825
1780
1842
1780
1821
1903
1779
1847
1862
1831
1852
1863
1847
1868
1803
1798
1848
1823
1758
1781
1819
1734
1727
1744
1728
1683
1690
1732
1685
1670
1657
1605
1647
1517
1650
1656
1525
1573
1552
1460
1516
1441
1502
1488
1407
1517
1501
1549
1490
1596
1553
1622
1620
1681
1686
1621
1514
1458
1523
1431
1452
1459
1410
1471
1428
1401
1447
1466
1469
1484
1507
1464
1478
1507
1387
1385
1422
1415
1434
1510
1672
1612
1786
1913
2001
2154
2471
2643
2790
2898
2947
3013
3006
2859
2772
2397
2235
1957
1840
1623
1485
1279
1245
1180
1133
1111
1012
1185
1132
1060
1111
1161
1038
1084
1115
1089
1094
1161
1122
1051
1088
1019
1060
1043
1086
1092
1089
1108
1135
1169
1205
1206
1172
1207
1142
1194
1095
1035
1004
933
885
849
858
809
774
788
764
773
767
752
754
787
761
807
883
893
915
920
981
995
1015
1065
1013
1098
1132
1183
1151
1179
1222
1227
1164
1206
1165
1180
1175
1138
1017
956
895
877
811
765
722
683
611
583
566
555
551
552
590
508
541
546
533
535
534
542
514
526
518
496
513
462
510
479
439
491
507
486
491
473
482
508
482
512
503
538
478
474
458
436
436
435
454
413
407
447
429
419
426
423
447
415
405
428
431
425
423
418
395
438
413
415
421
458
436
452
441
466
489
443
487
453
461
442
454
431
437
435
399
425
355
404
388
367
409
393
402
418
359
391
386
391
420
437
442
414
446
439
453
435
489
484
524
505
503
566
566
525
524
533
533
501
471
472
446
417
427
436
360
405
359
371
360
328
339
359
352
343
349
324
327
365
322
322
361
365
346
332
376
348
366
363
342
367
379
430
450
409
411
460
423
506
541
540
574
630
653
626
652
672
670
699
668
665
623
658
631
628
605
580
616
628
609
593
641
601
608
634
594
646
588
571
551
498
515
503
483
488
472
407
425
358
386
324
309
346
267
287
303
265
290
316
288
281
292
252
309
275
275
246
272
291
275
284
297
292
264
283
271
295
297
296
276
262
275
294
252
253
295
286
272
280
273
258
268
275
275
287
281
264
270
287
288
288
262
284
262
280
293
252
300
280
287
292
272
251
280
294
269
310
330
347
314
312
307
323
303
345
319
311
277
320
292
280
305
274
289
289
250
299
252
291
272
269
278
281
281
281
288
284
260
319
321
280
277
259
321
293
274
283
302
310
281
282
285
271
247
298
274
290
279
298
307
285
270
275
275
278
294
272
276
263
272
242
253
263
267
256
258
238
246
250
263
234
236
235
247
248
246
253
241
267
255
282
252
255
253
273
281
264
256
244
239
238
270
246
249
272
263
259
241
261
283
251
270
262
246
263
253
244
234
244
243
225
254
242
266
253
247
276
250
243
244
261
251
265
288
290
292
324
320
318
342
330
340
348
375
381
377
390
357
372
388
358
366
346
362
342
342
326
349
333
320
337
310
309
282
322
283
298
289
267
285
260
282
284
286
301
319
302
278
325
309
342
332
335
345
338
372
356
354
355
315
380
346
311
346
324
342
311
319
281
280
286
251
238
286
287
252
265
264
212
242
246
195
207
247
228
220
228
219
230
234
216
228
226
213
209
193
261
223
223
224
224
211
228
246
212
210
231
232
227
222
209
206
192
219
249
228
251
253
244
234
249
210
197
246
250
234
243
221
249
226
207
216
222
204
234
231
238
245
234
227
217
253
218
226
273
199
242
242
250
252
236
232
235
215
252
267
258
263
230
239
260
290
255
283
289
270
263
286
281
297
271
274
272
286
330
310
289
272
252
295
290
256
237
250
293
277
247
304
282
279
284
263
243
261
250
265
259
270
263
260
232
265
279
244
250
230
278
275
250
236
247
256
253
239
254
257
233
255
238
238
280
223
246
266
257
275
252
230
294
255
251
255
246
256
246
237
264
250
233
265
267
260
272
253
238
258
261
282
252
281
257
257
258
228
245
260
225
238
194
218
250
213
217
229
232
234
196
179
191
217
181
192
177
176
173
164
141
151
157
156
142
156
127
149
125
133
117
144
146
151
121
101
142
133
122
127
112
118
107
117
117
98
112
103
114
100
122
100
94
116
91
116
75
87
94
92
100
79
89
100
94
70
74
72
75
80
87
80
69
84
64
63
78
74
67
80
81
80
74
84
89
75
74
74
64
72
81
81
101
81
85
72
88
70
94
75
76
87
72
83
85
89
86
99
82
88
81
102
98
101
81
103
87
81
93
107
111
98
101
106
102
101
100
120
136
123
122
140
169
146
189
163
200
205
249
263
280
287
348
335
396
433
478
521
518
573
642
695
739
854
903
897
936
1036
1110
1158
1179
1240
1265
1279
1376
1357
1402
1370
1417
1380
1351
1333
1333
1295
1236
1211
1181
1101
1047
955
913
867
790
675
659
591
531
498
450
420
372
330
309
269
222
244
209
157
169
131
123
109
100
100
103
87
97
90
74
69
51
46
62
52
52
50
44
53
54
56
36
47
42
47
41
34
34
37
27
29
35
39
28
46
30
34
39
36
35
38
47
36
39
50
32
45
33
41
34
37
39
41
48
30
44
41
39
29
38
41
39
48
57
57
46
56
35
48
47
49
50
46
43
32
50
36
41
40
56
40
40
39
46
33
40
39
32
40
34
33
42
36
36
40
38
32
34
28
33
34
33
38
32
37
35
30
41
34
28
23
36
28
20
33
32
26
26
31
25
30
33
31
24
22
26
30
27
37
33
23
27
29
31
25
18
21
29
28
23
31
24
32
28
39
30
35
28
30
38
42
30
33
36
29
29
29
31
38
25
28
33
30
43
30
38
33
21
40
28
48
45
28
40
45
56
47
46
47
48
48
51
42
45
41
54
37
60
55
51
52
43
41
47
53
31
48
51
51
49
54
50
54
40
41
36
44
44
36
46
36
24
37
31
32
30
35
32
28
30
18
35
42
31
19
18
24
36
30
20
23
27
30
26
27
29
24
23
21
29
30
20
25
22
27
21
29
26
23
24
33
13
30
35
31
10
22
26
30
29
26
20
21
32
25
21
31
27
22
22
22
19
23
23
21
25
27
22
23
21
23
21
24
25
29
17
17
25
24
19
23
13
24
19
21
29
18
14
12
17
21
24
22
20
12
19
19
9
18
13
23
20
16
20
16
15
22
12
12
14
30
16
23
20
18
15
18
33
16
31
26
26
21
21
22
22
19
19
24
21
15
22
20
16
18
12
16
17
17
18
18
20
26
14
27
20
13
13
21
13
18
22
21
20
26
24
13
19
17
18
22
24
22
22
23
26
20
18
21
20
25
21
18
24
16
17
23
15
18
21
22
14
21
20
12
24
19
19
26
22
24
18
20
19
16
23
13
13
20
17
20
20
26
19
11
18
21
23
17
25
20
22
26
24
18
29
24
28
21
20
26
31
33
19
19
27
20
27
24
25
22
26
31
33
23
22
32
27
27
29
27
19
32
30
30
24
27
30
32
31
33
26
25
21
23
24
35
32
21
22
21
20
22
21
22
19
23
22
25
28
18
19
29
10
18
21
19
21
21
25
29
21
23
16
21
20
25
27
30
27
22
26
20
25
27
27
25
35
24
24
29
22
32
24
17
28
25
25
28
25
21
36
33
28
19
25
27
29
22
24
27
20
21
24
24
22
27
27
13
26
21
18
22
18
19
11
20
19
26
17
17
20
28
25
17
21
14
24
23
17
17
21
15
23
15
29
15
19
29
19
22
16
19
24
27
12
18
19
22
26
13
22
20
19
23
17
17
20
22
17
19
26
21
23
15
29
19
19
21
16
19
18
19
22
20
17
16
19
16
17
25
21
14
18
14
31
16
14
16
16
12
23
24
16
18
24
17
21
20
20
23
14
16
18
13
21
15
26
22
17
15
20
19
15
18
17
16
13
14
17
20
22
17
14
16
23
20
20
20
25
19
19
13
16
18
22
13
15
13
18
18
8
21
17
19
14
13
17
16
17
16
13
17
20
13
23
17
13
16
15
15
22
11
10
16
17
14
14
17
14
21
12
9
18
13
13
16
13
11
12
16
11
14
10
11
14
14
15
11
9
10
11
9
11
8
8
9
16
11
17
6
13
9
12
15
9
9
13
9
9
15
12
10
11
9
18
13
12
6
9
17
17
11
12
11
9
12
5
13
19
9
15
13
9
10
18
15
11
13
10
13
14
12
14
12
16
13
14
19
11
12
19
14
13
19
22
23
15
20
21
17
22
28
20
25
30
32
23
32
34
39
37
40
31
44
41
45
33
42
44
52
38
52
55
65
51
51
61
54
53
57
59
45
67
48
52
55
54
50
39
72
59
44
46
37
43
43
35
33
32
34
32
19
36
33
27
22
29
20
19
23
16
17
20
26
20
23
19
14
14
15
9
14
13
15
11
9
16
8
13
15
15
8
16
12
13
22
10
15
6
17
11
15
5
8
10
13
8
10
12
10
7
15
12
15
13
5
8
5
10
5
9
12
12
6
13
4
10
13
7
11
8
13
15
8
12
10
11
8
12
5
16
15
9
12
12
6
12
12
6
5
10
14
7
6
11
12
9
15
7
7
8
8
5
8
6
12
11
15
4
$ROI:
39
424 531
429 529
440 544
440 545
440 549
443 544
443 553
490 516
679 1395
772 934
800 953
827 855
828 856
840 1946
849 1974
857 2002
872 900
880 1058
887 915
914 1083
1010 1038
1208 1258
1345 1375
1418 1448
2436 2526
3229 3279
3607 3645
6449 6521
6459 6531
6463 6535
6464 6536
6467 6539
6471 6543
6482 6526
6489 6513
6497 6521
12997 13047
12999 13049
13000 13050
