$SPEC_ID:
GAMWIN
$SPEC_REM:


$DETDESC:

$DATE_MEA:
04/28/2025 14:54:15
$MEAS_TIM:
58558.50 58686.20
$MCA_CAL:
3
1.32118272781372E+001 1.29107522964478E+000 0.00000000000000E+000
$DATA:
0 2047
0
0
0
0
0
0
0
0
0
0
0
0
0
0
0
0
0
0
0
0
0
3657
3237
3045
3069
3101
3096
2984
3137
2959
2913
3120
2975
2790
2818
2762
2927
3002
3135
3359
3594
3766
3924
3909
4164
4164
4240
4780
5018
5635
6270
6595
6605
6364
5918
5406
5055
4677
4468
4479
4393
4482
4292
4158
3911
3673
3331
3069
2926
2718
2690
2510
2480
2410
2429
2442
2449
2411
2265
2282
2259
2323
2260
2263
2351
2370
2427
2373
2317
2425
2430
2351
2396
2469
2352
2278
2280
2322
2276
2330
2169
2283
2191
2302
2307
2159
2232
2224
2128
2087
2158
2126
2078
1960
1980
1971
1915
1970
1950
1898
1925
2005
1952
2005
2014
1971
1969
2083
2139
2084
2220
2129
2174
2105
2011
1972
1993
1912
1807
1861
1846
1765
1784
1808
1830
1837
1860
1882
1901
1862
1793
1777
1802
1760
1737
1832
1826
1891
1903
2144
2156
2342
2580
2822
3053
3248
3596
3721
4073
3922
3814
3584
3522
3157
2896
2635
2255
2115
1899
1738
1544
1489
1437
1368
1435
1350
1325
1351
1354
1380
1283
1365
1394
1364
1379
1404
1350
1366
1374
1346
1398
1347
1350
1392
1441
1455
1546
1565
1696
1686
1580
1590
1525
1580
1414
1421
1329
1227
1207
1131
1059
974
962
965
960
986
923
943
895
983
952
1027
1058
1143
1123
1220
1153
1234
1275
1388
1443
1429
1509
1493
1580
1670
1619
1686
1736
1757
1718
1764
1656
1582
1515
1373
1276
1219
1087
1057
946
878
818
725
727
716
700
606
662
596
627
620
592
602
582
647
599
603
586
626
552
661
607
597
595
609
671
639
588
608
595
593
616
599
545
586
546
601
553
516
548
531
524
474
516
502
494
510
520
483
493
484
483
518
522
546
467
507
516
523
500
527
517
514
576
566
505
559
545
529
558
555
534
532
502
540
527
489
509
476
481
533
468
474
490
514
459
448
456
478
433
507
451
487
493
476
509
494
545
592
554
567
601
568
619
582
626
645
609
612
594
540
585
542
517
522
491
485
447
421
413
428
427
419
393
387
402
374
387
427
423
391
383
387
386
365
443
439
436
415
430
424
411
456
449
447
497
512
545
605
641
631
678
686
697
746
773
787
798
861
859
860
885
846
785
822
834
858
803
818
811
823
788
821
828
888
799
922
843
867
851
854
823
770
754
684
639
613
595
548
510
497
450
431
456
384
373
372
349
336
312
324
310
321
325
359
333
314
327
348
329
304
330
347
289
329
326
328
348
322
323
326
299
332
314
317
310
339
318
308
312
321
313
327
319
317
356
278
302
301
320
317
312
296
292
309
345
321
353
315
315
346
346
330
318
368
342
388
339
351
373
358
352
364
378
354
328
356
348
377
369
347
373
335
322
341
344
343
335
323
309
281
307
301
329
364
341
333
337
329
329
362
323
346
360
317
368
329
350
340
363
362
352
370
313
319
339
333
342
350
344
332
318
328
347
328
326
338
281
317
303
282
329
308
311
269
284
290
244
277
276
304
269
276
279
299
257
262
278
251
271
296
288
320
288
313
285
284
302
290
258
270
285
280
298
280
282
304
291
285
284
301
280
302
282
245
280
268
305
294
269
286
242
276
256
260
266
272
277
270
271
277
293
285
303
316
340
307
339
355
346
388
397
400
392
425
417
447
445
444
513
456
442
458
447
422
467
454
426
411
381
367
354
378
352
325
337
326
318
285
301
310
336
331
324
334
339
334
394
336
337
383
368
406
367
384
430
367
385
430
375
438
376
419
386
389
440
415
308
351
315
353
300
339
337
307
264
332
266
291
260
254
255
266
267
241
247
251
264
263
251
233
228
244
216
253
232
226
239
263
242
243
246
252
239
245
225
219
250
223
248
247
239
214
261
255
260
265
254
249
263
226
262
257
250
228
258
247
256
212
262
253
260
258
237
244
265
252
243
245
244
278
272
267
260
254
245
249
252
246
269
253
267
283
282
276
310
277
254
267
277
281
304
317
297
285
311
304
314
331
317
324
313
313
292
317
348
337
330
309
323
317
317
323
277
314
310
292
319
282
311
285
271
297
258
267
268
315
305
258
301
276
290
249
312
278
273
269
291
249
270
295
278
268
296
289
298
287
260
267
285
285
272
248
285
289
299
267
271
265
309
265
254
286
260
257
243
268
279
279
272
256
245
286
260
268
286
292
288
273
263
267
253
254
270
279
256
283
288
295
291
245
272
253
234
262
210
260
233
229
191
224
213
197
219
201
191
205
165
182
203
181
164
162
158
154
140
161
150
157
132
162
143
157
134
161
146
139
139
115
112
130
142
108
129
123
125
135
114
129
113
129
90
116
94
99
109
122
76
105
91
98
95
93
107
108
83
97
89
97
82
108
88
80
81
78
70
75
90
79
100
82
95
93
81
102
94
85
102
97
88
86
80
94
88
109
85
83
91
95
103
110
112
114
99
102
112
122
121
115
117
130
111
114
102
112
123
107
121
120
126
117
113
125
138
154
110
134
171
167
151
171
182
200
194
207
250
229
259
288
283
318
312
398
420
472
514
522
626
644
759
735
862
861
866
984
1078
1096
1155
1194
1265
1299
1320
1366
1310
1423
1382
1408
1444
1339
1436
1327
1258
1320
1222
1187
1126
1063
1095
993
896
817
780
732
630
596
534
492
451
429
340
333
293
248
214
230
188
184
167
135
153
110
123
89
97
91
91
84
83
82
63
72
70
76
68
47
50
47
61
45
58
56
58
66
62
56
51
44
56
54
55
53
35
51
47
30
52
38
44
39
43
45
55
44
40
48
52
45
47
71
51
49
61
59
51
55
59
51
60
59
58
65
48
49
59
62
66
59
54
58
56
57
59
68
50
57
62
59
45
46
49
55
60
54
58
51
43
51
46
43
44
49
40
52
50
40
43
39
55
50
52
37
41
50
46
38
51
46
42
39
47
37
36
33
40
41
44
30
47
42
31
38
38
34
53
32
35
40
33
34
22
31
34
33
43
38
35
38
33
45
33
51
38
46
34
28
41
42
28
35
45
36
31
37
46
38
42
35
52
39
38
56
51
55
51
50
56
45
52
50
63
42
50
57
53
60
66
57
57
65
56
56
50
80
66
70
71
69
61
98
71
78
71
71
81
63
79
73
53
62
59
74
62
65
75
63
62
60
57
55
51
51
44
48
39
44
51
29
39
33
37
38
38
37
22
28
29
33
36
37
31
29
33
34
29
34
27
38
23
26
30
36
28
40
28
33
27
23
36
29
34
33
22
37
29
45
30
28
34
37
32
24
33
35
26
33
34
31
24
29
32
25
28
27
25
28
29
22
35
25
23
33
25
21
28
20
42
35
30
27
12
32
29
26
26
25
18
26
33
31
22
20
17
33
26
24
22
20
24
23
28
20
22
34
31
27
27
26
31
23
28
32
21
23
25
28
25
32
30
30
23
23
28
28
30
24
19
38
30
33
16
23
28
33
29
24
20
32
23
23
26
22
21
24
34
21
25
34
21
20
31
23
22
35
25
28
19
24
23
20
27
14
22
21
27
23
26
21
22
23
20
18
24
26
21
20
27
34
21
27
21
23
26
24
18
20
27
12
22
25
25
26
17
21
15
25
23
24
22
28
24
25
21
23
33
27
23
36
19
31
35
19
28
27
32
34
27
27
27
24
28
36
41
36
36
34
30
35
29
32
40
34
41
40
40
34
29
46
24
33
41
39
35
32
37
41
34
37
36
31
33
41
31
33
31
27
35
26
25
25
28
26
42
25
27
27
27
26
24
21
20
19
33
33
34
19
28
25
27
27
18
20
31
28
36
20
20
27
20
42
21
26
34
50
42
21
32
24
29
30
26
31
26
28
20
21
37
35
44
36
38
26
29
30
33
33
38
31
35
25
23
28
24
25
37
32
32
37
24
22
23
24
23
21
16
20
31
25
26
24
22
21
20
23
33
34
35
29
19
31
22
15
16
21
19
19
28
14
15
25
24
17
31
25
23
28
25
26
26
25
32
17
23
30
22
21
23
22
29
25
24
21
23
19
17
15
21
29
27
29
32
31
25
26
14
30
24
35
25
23
18
23
25
26
19
30
27
23
27
23
25
27
18
31
23
18
33
15
18
24
19
22
25
26
17
18
26
25
25
19
25
25
21
19
19
22
17
21
12
19
13
20
27
28
21
22
19
18
22
16
25
14
11
16
18
16
21
14
22
12
18
18
21
21
23
21
17
16
11
14
19
19
16
17
15
19
15
13
15
19
19
22
12
13
17
14
19
12
17
18
16
11
20
19
10
15
12
18
15
17
15
21
17
13
15
26
14
12
15
18
19
18
9
14
12
14
17
19
8
9
11
21
17
14
14
19
17
5
10
15
18
10
9
8
13
13
9
8
20
19
19
11
10
8
14
9
13
12
13
12
16
14
17
9
17
12
18
12
15
12
14
17
14
18
12
20
23
17
10
20
18
16
17
20
24
13
25
25
19
29
24
28
25
55
32
33
37
44
32
37
52
47
55
62
50
64
45
59
65
57
71
63
73
50
59
66
84
68
81
67
76
76
71
73
75
71
76
66
61
74
59
63
49
57
44
45
49
54
38
39
32
39
42
30
37
25
25
26
27
20
21
28
25
21
12
26
22
9
19
15
19
7
17
14
12
12
15
11
16
16
18
12
8
14
9
7
13
11
11
9
18
8
9
15
14
8
17
10
9
10
19
14
8
13
11
8
11
11
2
5
11
11
17
9
4
13
13
6
12
7
9
7
12
9
7
7
8
15
8
7
9
11
10
10
7
11
11
8
10
11
9
8
14
7
8
10
11
6
6
11
11
13
5
11
8
8
6
6
$ROI:
39
424 531
429 529
440 544
440 545
440 549
443 544
443 553
490 516
679 1395
772 934
800 953
827 855
828 856
840 1946
849 1974
857 2002
872 900
880 1058
887 915
914 1083
1010 1038
1208 1258
1345 1375
1418 1448
2436 2526
3229 3279
3607 3645
6449 6521
6459 6531
6463 6535
6464 6536
6467 6539
6471 6543
6482 6526
6489 6513
6497 6521
12997 13047
12999 13049
13000 13050
