$SPEC_ID:
GAMWIN
$SPEC_REM:


$DETDESC:

$DATE_MEA:
10/09/2025 14:53:18
$MEAS_TIM:
59889.82 60390.11
$MCA_CAL:
3
1.32118272781372E+001 1.29107522964478E+000 0.00000000000000E+000
$DATA:
0 2047
0
0
0
0
0
0
0
0
0
0
0
0
0
0
0
0
0
0
0
0
0
0
0
0
0
0
0
0
0
0
0
0
0
0
0
1635
1649
1796
1895
2002
2126
2259
2385
2413
2545
2562
2783
2940
3329
3683
3994
4223
4360
4095
3750
3462
3125
2882
2722
2664
2671
2536
2500
2399
2187
2095
1852
1707
1515
1495
1367
1332
1294
1309
1297
1299
1308
1243
1213
1211
1211
1215
1248
1284
1250
1321
1296
1349
1333
1404
1455
1315
1346
1367
1311
1300
1347
1244
1263
1306
1323
1335
1275
1277
1260
1250
1267
1222
1191
1194
1216
1165
1147
1162
1108
1050
1088
1081
1067
1090
1092
1093
1106
1098
1128
1233
1161
1189
1179
1231
1221
1244
1200
1168
1150
1157
1102
1054
1092
1064
1087
1085
1084
1094
1052
1150
1114
1184
1100
1103
1045
1080
1026
1019
1040
1083
1079
1167
1172
1250
1356
1643
1732
1959
2195
2307
2426
2507
2624
2647
2456
2279
2084
1903
1701
1461
1310
1107
1035
857
790
729
753
754
700
732
714
719
743
753
765
828
795
862
757
771
707
755
703
772
767
759
808
840
856
927
858
951
968
979
950
907
921
850
749
766
691
675
648
602
566
533
528
536
514
542
497
548
545
615
628
630
642
698
743
751
789
803
844
823
896
900
931
946
953
1044
1023
1034
1022
973
956
900
867
824
780
783
701
611
508
500
485
441
419
381
344
339
360
342
327
349
293
347
352
345
308
349
302
315
371
294
307
321
314
322
308
329
324
303
347
317
335
353
329
327
307
300
297
307
341
296
316
288
296
251
247
254
277
240
277
275
249
223
220
241
261
261
246
250
250
281
278
291
285
280
319
309
290
266
293
257
301
280
297
326
285
297
297
293
276
264
275
260
233
237
257
280
258
262
231
303
253
282
258
250
259
294
300
306
329
354
348
390
371
428
385
386
415
363
381
358
349
321
317
308
266
293
242
242
239
217
233
198
200
190
202
207
180
219
189
220
182
218
218
210
209
215
209
206
243
238
250
220
251
255
281
282
311
353
335
408
430
444
436
485
500
500
510
503
523
520
555
471
512
438
511
476
472
516
465
449
468
452
499
466
473
480
462
448
463
406
422
384
402
408
378
335
320
267
302
250
233
204
210
197
183
163
185
180
157
158
144
163
141
140
147
146
152
168
153
158
143
133
174
153
158
144
157
156
149
153
157
155
190
154
145
170
163
154
136
174
138
147
150
170
145
146
156
143
160
153
142
145
160
152
141
135
162
167
153
148
169
161
190
173
166
171
159
183
188
195
201
197
225
192
198
206
190
193
184
188
164
178
153
161
183
169
148
163
148
151
154
145
160
144
153
147
158
152
170
179
163
177
172
150
160
172
157
193
178
181
175
175
186
173
181
165
159
150
165
152
169
160
145
165
147
138
165
145
149
161
131
119
128
137
144
129
120
112
138
130
136
116
130
114
113
116
122
111
128
135
118
135
120
113
142
126
141
155
137
125
142
126
151
151
144
143
170
156
155
162
169
157
167
171
164
181
169
184
189
176
150
175
165
170
155
165
159
126
148
175
158
183
179
156
172
211
202
193
199
201
207
229
237
259
237
220
247
228
256
265
259
231
234
259
215
225
231
200
188
183
156
176
159
153
146
153
142
163
139
128
137
134
140
126
125
152
184
167
153
178
163
177
171
189
204
173
199
186
185
203
210
209
193
178
156
161
202
171
163
152
146
147
150
135
135
122
122
118
126
98
104
84
97
91
91
92
80
78
94
92
89
89
82
70
69
82
86
73
94
69
81
89
82
85
70
72
82
83
85
73
75
66
75
79
84
72
63
81
78
66
70
66
92
65
84
70
77
89
84
92
74
96
76
82
81
79
66
74
80
84
61
84
80
64
89
81
89
72
102
82
90
73
88
81
88
90
76
91
100
116
93
94
117
109
121
112
115
120
117
110
130
132
109
102
111
111
114
90
101
104
116
107
100
95
90
93
104
82
82
89
85
81
71
90
70
81
82
75
77
85
78
90
70
90
67
74
64
91
58
80
76
78
78
62
67
71
90
66
82
74
70
84
71
71
71
70
84
67
58
66
72
69
69
71
67
72
77
74
75
85
73
66
75
79
82
75
66
84
98
79
70
76
91
91
76
78
83
78
76
70
80
88
68
89
91
66
77
85
67
63
74
75
78
78
63
59
55
74
63
64
53
62
59
74
37
74
50
47
69
57
56
60
59
57
34
57
54
56
61
72
51
64
47
49
52
51
45
48
62
57
47
46
47
51
45
62
50
52
53
58
52
40
64
42
51
37
53
46
54
64
68
53
55
49
50
51
44
56
63
52
51
59
55
47
48
57
57
61
61
54
65
72
57
65
59
73
70
63
59
58
61
70
60
75
74
65
51
54
65
57
56
59
54
48
44
67
73
67
67
62
64
67
57
49
77
67
65
57
74
52
65
80
90
88
89
82
94
104
104
123
93
115
121
105
113
135
126
138
145
140
178
155
184
176
175
182
188
194
187
173
193
182
196
195
204
189
189
185
160
153
191
175
153
157
152
126
109
92
117
96
92
85
85
76
77
67
67
74
67
50
51
61
58
58
44
49
53
45
61
42
49
61
46
62
49
50
42
43
33
34
48
36
27
40
43
50
37
39
39
37
38
47
33
39
29
51
33
34
35
34
43
35
38
36
40
33
45
39
42
36
42
41
31
46
40
40
36
35
30
42
47
38
30
41
46
45
43
43
35
36
42
35
44
35
42
61
45
55
39
44
49
35
33
29
29
24
28
36
29
32
35
30
42
30
25
36
39
39
18
27
31
35
33
37
42
24
24
29
28
23
34
31
19
18
27
33
24
33
24
39
29
22
21
27
27
24
26
17
26
28
24
31
19
22
25
21
22
17
20
21
23
20
23
25
29
22
17
23
30
29
26
26
17
28
31
26
36
24
28
19
28
31
33
35
31
41
36
36
36
43
37
35
35
32
31
42
49
46
35
43
30
35
39
45
45
46
56
51
47
38
50
51
59
39
51
41
40
49
53
40
38
42
38
31
46
44
32
37
30
26
26
44
36
20
27
36
40
29
30
30
23
26
18
31
23
23
25
22
19
35
30
24
19
21
25
23
24
22
20
19
21
28
29
20
16
25
27
18
24
21
22
20
23
24
24
16
23
24
23
17
28
26
17
20
25
19
13
23
19
16
24
18
13
22
17
14
13
20
17
18
14
16
17
20
21
18
13
15
23
19
10
15
24
22
20
21
22
12
15
21
17
20
21
21
17
12
22
20
17
11
16
16
16
18
19
24
11
21
14
20
8
14
21
18
11
17
12
19
12
24
21
14
19
19
12
12
17
19
14
13
13
17
20
12
13
11
14
19
20
18
11
18
20
16
14
12
16
10
13
26
13
14
11
15
12
26
19
9
15
21
15
9
13
13
11
15
19
15
16
13
14
19
14
17
17
16
14
17
15
17
15
13
17
14
12
11
23
21
16
20
9
19
14
21
16
20
17
16
21
15
16
13
12
18
17
18
18
17
20
13
23
11
11
8
9
18
27
14
17
30
25
26
28
15
14
18
28
17
25
29
29
28
17
16
34
24
33
29
25
28
29
16
34
23
33
25
27
30
30
19
22
23
32
29
26
27
23
18
37
29
26
29
22
25
21
27
23
24
17
19
19
24
14
17
23
15
14
18
26
22
20
20
32
16
19
21
24
20
22
27
19
23
23
23
28
18
17
23
28
28
23
24
27
29
19
25
24
29
30
16
22
23
18
30
26
29
24
32
27
23
26
18
23
20
16
24
24
11
21
25
22
24
18
14
17
22
19
27
18
16
23
18
23
26
17
16
22
25
13
27
14
18
23
19
25
27
29
15
14
21
19
23
20
22
26
22
18
25
21
30
18
29
25
18
21
17
23
18
21
21
20
25
12
19
26
21
13
21
17
31
18
20
22
20
15
19
22
19
21
25
13
18
19
12
19
20
18
28
26
22
17
16
20
25
28
18
25
17
16
19
19
19
17
14
12
27
18
19
13
21
26
18
16
11
11
17
12
17
23
22
19
20
17
22
16
10
14
11
15
16
16
12
19
13
13
14
13
14
18
15
15
17
15
11
10
11
15
17
14
20
15
17
15
8
20
13
20
16
16
19
12
19
15
9
13
15
8
11
13
18
12
14
18
17
19
11
12
10
12
19
12
16
12
8
13
9
7
13
20
11
11
11
11
15
14
9
12
9
12
7
11
13
13
10
15
9
12
8
11
8
8
12
13
9
15
9
11
12
9
8
11
14
14
10
11
14
14
11
16
9
13
11
17
12
17
15
14
15
21
9
21
12
19
9
21
21
16
22
20
27
13
24
26
18
25
26
24
28
34
28
37
41
34
32
39
41
37
42
41
37
41
58
41
50
50
54
54
46
53
52
59
58
48
70
40
49
57
63
52
47
46
48
53
34
47
34
47
41
36
39
38
31
37
25
29
31
23
18
25
24
21
12
13
15
15
9
12
24
11
15
22
8
14
13
9
9
14
13
13
13
18
7
7
8
6
12
5
11
12
12
14
17
10
9
12
6
13
11
13
12
9
18
9
11
13
10
12
8
14
11
12
13
11
5
14
10
9
8
9
11
10
6
7
10
8
7
9
10
10
6
6
7
14
13
8
7
12
6
8
6
7
12
7
10
8
9
13
13
8
6
5
11
11
5
10
12
10
7
9
6
8
9
10
3
12
5
8
15
10
9
11
7
9
13
12
10
6
5
$ROI:
43
143 193
144 194
424 531
429 529
440 544
440 545
440 549
443 544
443 553
490 516
604 1134
679 1395
690 1434
772 934
800 953
827 855
828 856
840 1946
849 1974
857 2002
872 900
880 1058
887 915
914 1083
1010 1038
1208 1258
1345 1375
1418 1448
2436 2526
3229 3279
3607 3645
6449 6521
6459 6531
6463 6535
6464 6536
6467 6539
6471 6543
6482 6526
6489 6513
6497 6521
12997 13047
12999 13049
13000 13050
