$SPEC_ID:
GAMWIN
$SPEC_REM:


$DETDESC:

$DATE_MEA:
10/23/2025 07:26:49
$MEAS_TIM:
26470.46 28507.12
$MCA_CAL:
3
1.32118272781372E+001 1.29107522964478E+000 0.00000000000000E+000
$DATA:
0 2047
0
0
0
0
0
0
0
0
0
0
0
0
0
0
0
0
0
0
0
0
0
0
0
0
0
0
0
0
0
0
0
0
0
0
0
5933
6358
6732
7148
7557
7923
8634
8993
9428
9545
10140
10478
11820
12837
14591
15920
16461
16312
15894
14550
12941
12117
11170
10843
10616
10371
10270
9882
9283
8852
7931
7343
6761
6102
5817
5728
5337
5191
4995
5088
5074
4989
5101
4792
4768
4802
4941
4879
4797
4883
4980
5017
5211
5167
5325
5128
5198
5227
5232
5054
5052
4970
5068
4861
4983
4908
5010
5062
4884
4863
4903
4868
4752
4665
4603
4629
4612
4415
4368
4408
4146
4358
4219
4111
4141
4137
4091
4394
4302
4418
4527
4638
4739
4840
4807
4870
4737
4597
4644
4338
4319
4185
4084
4224
4045
4160
4013
4133
4259
4211
4132
4151
4142
4043
4021
4066
3937
3877
3845
4021
4034
4084
4425
4632
5197
5892
6266
7158
7632
8447
9131
9430
9625
9703
9627
9088
8418
7815
6850
6122
5212
4707
4050
3690
3385
3174
2910
2880
2748
2804
2663
2807
2756
2772
2904
2879
2715
2917
2951
2772
2809
2944
2819
2876
2936
3032
3153
3300
3336
3494
3712
3822
3840
3834
3923
3874
3530
3316
3301
3043
2848
2622
2460
2334
2125
2001
1979
1909
1902
1947
1937
1987
2029
2147
2232
2290
2496
2582
2624
2717
2920
3055
3177
3262
3537
3637
3850
3921
3953
4138
4361
4407
4377
4346
4248
4241
3974
3739
3521
3166
2925
2613
2392
2119
1961
1700
1650
1446
1402
1318
1250
1244
1196
1103
1168
1192
1200
1118
1168
1172
1121
1103
1133
1157
1172
1220
1084
1144
1148
1145
1117
1088
1160
1158
1181
1144
1083
1100
1148
1093
1095
1061
1015
970
957
992
911
958
958
979
980
890
873
925
873
838
895
884
921
916
953
914
924
917
976
980
971
1019
1030
1097
1059
1030
1046
1075
1111
1157
996
1066
994
989
935
978
924
922
858
865
894
849
783
808
858
838
875
858
866
845
932
877
919
886
992
982
1024
1070
1123
1038
1176
1143
1111
1089
1153
1145
1049
1055
1032
967
913
901
872
816
760
763
734
776
737
708
692
693
693
694
706
722
690
661
684
702
715
715
765
754
786
778
788
869
866
912
962
1016
1036
1163
1188
1286
1382
1474
1537
1585
1689
1758
1863
1846
1826
2006
1893
2022
2051
1935
1950
1951
1978
2008
1988
2002
1985
2045
2031
2167
2089
2195
2219
2210
2136
2144
2039
2061
1886
1865
1687
1576
1500
1367
1266
1216
989
909
854
810
778
736
660
629
600
590
614
605
597
577
534
546
589
578
511
564
558
566
525
522
528
562
557
581
500
519
556
562
510
549
538
535
509
534
522
556
545
501
525
539
482
521
534
465
477
531
525
576
570
553
563
540
533
592
544
569
576
625
602
623
653
614
662
644
706
701
706
700
670
659
696
679
690
660
691
705
631
651
590
617
615
639
599
558
566
619
573
580
582
535
562
580
609
628
573
647
635
652
681
649
664
665
645
642
590
657
637
680
609
642
679
682
538
655
558
588
589
616
615
566
563
544
559
505
536
489
444
488
490
491
453
485
473
455
468
429
437
448
452
464
443
467
454
426
480
450
492
462
474
430
523
469
469
470
486
453
513
539
491
478
517
509
502
507
487
531
535
498
517
492
490
498
508
487
444
503
458
476
474
484
483
488
505
500
533
552
546
556
553
599
621
659
680
690
766
877
862
840
892
932
977
974
962
1024
976
969
886
934
1003
861
841
878
810
777
768
741
671
593
671
626
609
588
551
607
547
511
525
577
576
579
581
544
623
588
658
679
686
713
719
738
724
816
803
719
797
753
742
757
759
727
752
697
668
595
641
641
614
588
500
498
480
467
414
413
400
433
384
363
368
378
379
337
342
298
358
328
367
306
312
325
324
274
301
314
292
298
293
336
306
317
334
283
312
313
303
287
305
281
309
308
319
305
289
341
303
311
338
340
331
318
311
327
313
341
335
306
332
312
357
372
346
316
327
321
357
343
360
335
324
351
336
351
381
376
356
371
411
408
393
460
407
404
434
444
483
446
484
479
512
522
515
533
559
517
547
555
526
516
558
508
537
509
518
506
486
476
440
436
446
425
415
373
395
402
399
418
385
355
358
346
329
342
385
373
314
335
333
324
326
332
343
348
289
342
342
299
315
321
346
337
330
312
352
329
342
341
330
328
311
307
293
313
336
331
304
285
318
344
350
327
294
326
339
317
315
303
375
327
349
341
374
375
346
311
348
347
386
344
342
349
324
344
329
368
340
384
341
337
342
307
322
307
305
281
261
267
265
290
303
274
261
248
245
255
223
249
229
222
191
219
222
224
198
191
201
188
205
205
179
195
181
189
175
195
178
175
190
184
173
162
180
169
156
162
152
165
169
121
161
150
122
186
146
150
145
141
138
160
147
145
163
146
133
125
147
148
153
157
173
144
155
157
157
168
141
162
188
168
174
183
172
191
180
198
181
168
178
185
172
173
196
199
187
208
217
204
236
213
212
224
189
217
219
240
200
203
218
235
218
196
219
228
216
217
231
233
230
219
262
236
252
251
227
269
295
298
336
325
351
380
391
471
459
482
531
537
643
640
696
734
781
852
893
878
975
1026
1082
1133
1166
1227
1262
1264
1310
1324
1379
1357
1362
1253
1355
1287
1218
1252
1212
1158
1102
1078
983
917
841
835
829
687
715
608
554
503
460
443
404
398
339
353
297
277
256
243
215
197
201
179
167
174
149
150
131
137
128
147
120
125
124
127
117
115
128
102
118
130
120
98
103
117
102
96
86
90
97
109
108
94
90
90
92
80
78
97
98
99
103
99
114
123
109
121
119
102
112
119
115
111
138
121
142
112
132
118
145
143
157
139
136
146
156
131
133
146
132
121
149
120
108
131
145
106
139
133
119
137
102
125
129
138
100
120
127
108
112
86
105
110
112
113
108
99
86
94
100
103
85
86
101
107
85
86
94
87
71
84
82
69
57
70
80
75
78
89
90
69
79
75
76
66
75
78
62
59
63
79
74
49
60
76
84
78
89
73
67
70
62
69
76
76
72
64
74
71
76
93
83
71
93
82
92
119
91
86
102
98
96
107
120
125
120
110
128
101
122
144
145
143
149
161
177
176
166
165
164
150
167
178
157
199
186
165
176
160
196
185
186
191
174
161
182
172
168
152
157
152
126
164
134
143
147
130
123
131
98
108
100
92
93
78
83
95
75
85
72
85
56
56
66
68
68
67
59
58
72
55
55
49
59
57
75
66
54
59
50
66
69
62
66
51
79
64
62
69
58
69
59
80
76
70
65
62
72
66
77
52
54
66
59
68
63
53
51
57
52
37
55
67
63
61
41
48
61
40
48
49
44
56
62
47
61
45
38
57
42
38
49
48
45
45
47
50
44
44
43
41
51
45
66
43
37
48
44
52
42
37
48
41
49
47
43
51
45
48
51
36
50
43
32
41
45
34
41
40
34
44
50
49
39
41
49
40
51
37
57
38
42
34
52
38
56
25
34
34
39
51
36
40
42
25
44
37
42
40
37
46
39
45
38
46
55
41
41
34
45
49
48
37
37
55
47
41
40
59
50
40
37
38
49
45
34
41
50
36
38
39
41
38
34
35
55
49
37
39
44
51
42
38
31
43
42
51
53
41
49
58
47
53
55
48
45
58
53
54
66
63
37
50
66
54
56
55
80
69
69
73
65
52
60
66
81
88
87
78
80
76
78
86
75
89
81
76
78
80
65
97
91
83
84
93
71
63
71
71
57
80
69
60
58
59
62
54
50
49
58
62
44
63
68
44
70
54
67
62
53
59
48
62
65
50
47
69
54
63
71
73
64
65
58
63
71
63
60
54
65
61
79
73
64
67
61
86
81
63
56
69
59
79
67
71
69
73
77
73
66
67
66
73
70
66
75
71
73
51
65
59
49
72
62
63
57
63
39
57
50
59
56
57
57
48
55
55
52
46
49
49
55
43
42
41
53
48
42
46
37
52
46
49
41
46
47
59
56
45
53
53
51
44
39
54
49
43
43
50
40
56
45
53
48
44
67
40
45
54
54
45
46
45
54
69
51
48
56
38
41
47
57
42
53
49
36
45
43
49
53
42
34
58
40
46
44
48
53
48
41
54
52
45
51
34
47
51
54
40
52
47
45
42
42
61
47
40
42
33
38
35
43
48
29
50
41
47
37
37
38
32
25
30
31
30
30
42
38
36
46
40
31
38
35
30
26
38
34
35
39
35
29
27
29
29
41
28
30
32
37
33
24
40
22
29
29
29
32
32
26
36
27
30
36
24
20
31
16
24
28
27
28
22
27
19
31
21
23
33
21
21
18
14
24
22
19
22
28
14
15
22
20
20
21
16
22
17
17
18
11
18
17
19
15
18
24
19
17
27
19
15
12
12
13
18
11
31
23
25
16
18
20
19
32
17
20
26
13
25
32
33
28
37
19
18
34
37
41
42
42
46
42
33
58
63
53
67
64
62
47
77
77
76
71
82
95
103
104
99
121
121
123
131
147
141
143
158
146
173
169
146
171
177
170
153
168
204
165
182
170
194
166
148
159
166
161
148
160
142
131
138
122
119
125
103
117
106
91
91
94
76
74
67
74
66
41
75
36
35
42
41
37
36
25
25
33
23
34
22
19
13
16
22
19
11
13
19
19
18
14
10
20
21
10
9
15
13
9
10
14
10
4
13
17
16
13
9
10
6
13
10
12
18
11
16
5
22
18
8
11
21
14
11
13
12
9
11
7
9
12
12
9
10
8
11
10
9
13
6
5
8
9
8
10
13
8
7
8
7
12
10
12
10
11
7
10
6
11
11
4
11
7
14
11
2
13
5
6
10
6
12
11
14
7
6
17
8
7
11
7
14
9
6
5
11
11
6
16
10
8
$ROI:
43
143 193
144 194
424 531
429 529
440 544
440 545
440 549
443 544
443 553
490 516
604 1134
679 1395
690 1434
772 934
800 953
827 855
828 856
840 1946
849 1974
857 2002
872 900
880 1058
887 915
914 1083
1010 1038
1208 1258
1345 1375
1418 1448
2436 2526
3229 3279
3607 3645
6449 6521
6459 6531
6463 6535
6464 6536
6467 6539
6471 6543
6482 6526
6489 6513
6497 6521
12997 13047
12999 13049
13000 13050
