$SPEC_ID:
GAMWIN
$SPEC_REM:


$DETDESC:

$DATE_MEA:
10/20/2025 15:11:47
$MEAS_TIM:
55753.29 56676.62
$MCA_CAL:
3
1.32118272781372E+001 1.29107522964478E+000 0.00000000000000E+000
$DATA:
0 2047
0
0
0
0
0
0
0
0
0
0
0
0
0
0
0
0
0
0
0
0
0
0
0
0
0
0
0
0
0
0
0
0
0
0
0
2280
2267
2331
2480
2563
2657
2814
2885
2973
2979
3097
3231
3437
3611
3873
4229
4347
4443
4306
3927
3705
3361
3229
3024
3079
3012
2981
2898
2884
2547
2424
2351
2149
1966
1913
1860
1810
1734
1770
1838
1748
1738
1673
1654
1708
1657
1637
1644
1617
1631
1773
1716
1673
1784
1788
1739
1676
1642
1683
1698
1657
1638
1689
1656
1661
1646
1660
1694
1608
1590
1621
1626
1563
1528
1523
1523
1509
1560
1496
1414
1400
1468
1414
1410
1353
1381
1395
1399
1430
1460
1412
1396
1420
1539
1488
1511
1488
1471
1363
1408
1443
1419
1330
1324
1298
1281
1253
1284
1351
1329
1320
1343
1385
1305
1286
1294
1301
1285
1255
1285
1270
1334
1363
1413
1490
1588
1679
1877
2075
2068
2343
2413
2460
2578
2520
2425
2417
2132
1965
1772
1649
1514
1292
1199
1146
1110
992
982
998
980
988
1000
1013
939
966
966
964
1014
961
983
988
913
976
975
954
986
1040
1045
1024
1043
1120
1161
1090
1180
1143
1207
1048
1002
1068
982
953
895
821
802
785
761
746
742
648
694
718
659
651
687
734
757
729
753
801
876
829
825
867
980
1000
1014
970
1075
1043
1084
1149
1132
1114
1203
1149
1151
1066
1064
983
912
901
803
780
737
678
611
589
579
537
537
499
451
485
463
487
511
478
424
460
473
402
420
468
443
451
477
450
446
459
432
422
436
432
420
440
416
411
420
433
399
428
408
406
391
395
395
421
385
377
377
382
370
388
371
359
393
402
385
365
355
346
356
359
395
406
413
397
392
387
356
368
404
375
385
408
357
381
406
368
364
392
371
388
360
356
310
380
333
351
313
339
343
318
346
337
345
389
359
355
360
383
376
391
406
413
447
399
440
435
455
464
462
446
412
424
386
414
374
365
389
388
317
336
331
320
310
314
309
258
287
305
298
310
269
314
304
254
273
288
308
272
333
296
305
336
305
328
319
325
341
376
386
416
420
457
444
455
454
442
450
477
570
554
524
556
579
581
585
561
514
506
539
575
514
549
513
608
594
516
568
559
526
560
545
561
551
518
506
479
400
451
413
388
348
359
357
310
297
297
280
267
248
240
259
248
265
228
222
252
244
257
235
242
243
214
237
247
250
236
251
232
241
217
240
234
246
228
242
230
218
227
222
241
218
219
219
213
210
253
204
214
241
203
240
246
205
233
245
222
239
243
221
239
258
220
233
239
267
249
246
235
275
281
251
240
268
305
275
264
275
234
270
239
242
281
257
253
212
251
215
270
257
236
248
227
255
253
221
256
227
252
240
258
259
263
258
242
216
245
249
257
247
262
227
245
241
228
224
258
232
272
247
255
241
244
238
231
229
224
216
212
223
249
242
213
213
197
212
223
225
205
229
210
209
221
179
209
205
176
206
225
217
201
238
208
211
217
252
228
247
196
212
208
222
227
223
202
291
244
234
241
231
245
221
251
246
273
263
245
238
267
285
290
241
249
262
240
253
231
269
256
271
251
249
216
246
247
258
276
268
262
258
273
281
303
246
284
302
288
307
322
300
317
308
333
285
344
332
275
289
320
289
284
288
261
258
263
231
243
256
235
223
249
235
219
257
237
236
223
253
269
255
281
268
246
266
275
281
271
283
286
272
288
303
269
274
290
281
267
246
284
236
252
242
234
228
235
241
229
212
217
194
209
216
182
179
202
204
176
188
177
180
196
203
193
178
185
172
182
183
187
180
193
174
189
187
155
199
185
161
160
175
148
175
180
192
186
174
185
186
197
196
176
175
183
224
181
187
175
180
186
175
168
201
162
189
206
206
200
166
194
176
178
207
201
179
199
200
220
202
187
203
198
206
217
195
203
210
215
223
220
246
220
218
254
199
246
236
231
248
252
245
218
222
238
231
234
263
221
237
253
216
241
232
237
240
240
216
235
213
246
217
210
212
213
202
213
208
207
216
207
211
196
202
205
212
209
187
209
218
182
218
214
204
216
212
183
221
197
182
210
186
218
214
198
183
208
223
213
220
212
199
189
204
207
189
208
211
215
213
220
215
226
201
204
234
212
192
207
191
213
224
193
196
221
203
214
218
196
197
195
189
220
208
197
185
177
168
187
184
154
155
161
156
172
164
145
148
151
146
134
138
133
145
145
119
114
125
130
127
108
107
116
94
109
117
110
124
104
81
111
96
108
100
108
83
106
101
94
90
90
98
78
82
92
92
87
91
88
99
68
74
68
90
91
82
72
73
68
66
85
72
92
71
67
74
88
70
70
87
72
65
91
77
80
70
75
82
78
86
88
92
77
80
84
71
75
66
92
94
80
88
94
88
86
90
99
87
88
82
76
86
85
100
87
98
98
98
90
84
97
100
96
112
122
107
112
122
116
126
118
148
143
168
153
188
184
210
196
227
282
270
282
289
349
368
427
443
483
528
571
555
605
660
722
783
814
851
896
943
921
997
1012
1047
1051
1087
1059
1080
1024
998
990
1045
1025
897
884
832
835
739
771
682
597
571
538
523
466
459
355
336
308
329
296
242
210
185
183
154
134
145
97
125
115
78
96
65
62
62
64
68
61
59
60
68
43
62
42
52
46
42
51
45
45
33
33
33
38
56
34
38
35
36
32
38
38
35
33
32
39
28
39
31
44
37
38
37
31
41
51
25
38
36
40
29
34
31
33
34
35
48
38
36
40
42
39
38
32
39
28
50
33
27
47
46
33
24
36
42
28
27
31
30
39
40
39
33
22
31
34
39
28
31
38
22
27
34
31
26
24
31
25
36
32
37
27
25
28
26
23
28
28
31
23
27
27
30
22
26
26
16
32
24
20
22
20
27
29
28
17
23
19
24
23
19
27
25
23
25
23
29
23
23
23
20
24
31
25
28
26
14
32
24
30
22
37
34
27
36
38
30
28
34
26
26
42
32
39
38
40
42
39
36
40
43
40
39
40
40
51
43
53
43
60
40
39
52
37
45
46
42
44
48
49
47
47
32
44
48
42
40
39
32
35
50
26
40
41
33
32
23
33
30
37
28
30
26
33
22
16
25
16
17
20
23
23
32
19
13
20
29
12
23
28
20
16
21
18
25
20
19
25
20
18
17
27
23
29
23
15
21
19
13
15
27
20
19
27
18
21
14
18
14
22
31
20
24
21
28
23
20
11
24
13
21
16
24
14
16
18
15
17
15
13
14
17
17
19
14
19
19
19
22
16
15
6
19
11
16
19
15
15
20
15
18
21
15
20
16
16
15
20
18
12
13
18
13
10
18
17
18
23
22
13
11
14
14
14
15
24
19
14
22
18
9
12
18
22
16
25
10
17
12
18
19
9
14
17
14
16
16
24
12
18
17
11
16
12
16
14
14
10
8
12
17
11
17
13
24
12
11
11
18
17
13
13
18
15
14
17
21
10
26
6
22
19
19
12
12
16
11
10
16
22
14
14
19
13
16
19
11
13
19
15
12
14
9
21
11
15
23
16
17
15
14
18
21
11
20
12
10
14
18
17
9
15
15
21
15
24
17
16
16
21
15
18
16
17
22
22
19
23
17
15
15
14
20
19
27
19
26
23
36
23
22
19
26
25
24
26
17
20
24
23
19
24
19
23
20
27
18
17
18
18
14
21
17
25
16
16
25
14
22
21
24
15
18
24
17
19
17
24
19
26
19
15
26
19
21
25
21
26
22
21
24
24
24
19
22
18
15
30
21
21
24
16
11
16
33
26
22
22
25
20
26
22
17
23
20
14
22
24
19
20
20
20
18
31
25
19
25
16
10
20
22
14
12
20
17
12
19
22
11
19
17
19
12
17
13
17
20
22
24
12
23
13
19
14
16
18
16
14
20
19
23
11
14
21
25
29
21
16
14
14
15
11
24
13
14
20
11
15
13
12
26
23
9
12
21
19
13
18
14
12
14
28
20
14
22
14
24
20
24
20
19
11
18
16
19
15
17
16
13
12
15
16
10
16
12
17
13
13
16
9
29
22
23
19
16
13
10
21
12
15
17
10
10
13
20
18
16
12
15
15
12
16
14
13
12
18
15
21
13
11
19
16
15
21
13
15
12
16
16
8
10
15
14
10
16
9
18
9
15
11
7
12
13
13
18
18
14
10
8
16
9
5
12
19
16
8
13
13
15
10
14
17
10
14
16
12
11
15
16
13
10
14
8
9
13
11
7
12
18
10
5
16
10
6
14
10
11
7
7
8
10
8
8
10
8
11
5
10
12
10
11
9
12
10
10
7
6
12
14
9
13
11
11
8
11
9
10
7
7
11
8
14
9
14
15
9
14
11
10
22
11
19
12
16
14
17
12
17
28
14
22
37
23
19
20
27
21
30
30
44
38
30
40
40
34
36
35
37
51
40
41
44
42
30
50
47
55
49
46
35
47
47
43
37
44
43
39
47
41
38
44
37
35
41
47
40
33
35
35
39
29
22
16
30
24
25
17
19
25
26
15
16
18
12
12
14
14
15
11
13
8
13
7
7
7
9
10
11
13
9
8
16
7
11
7
14
6
15
8
7
12
12
8
4
6
9
13
13
11
8
8
6
5
11
9
5
9
5
4
12
6
6
6
7
10
4
9
11
8
8
5
10
5
6
7
8
7
11
7
7
11
3
10
5
8
8
9
11
5
8
6
9
9
6
6
10
7
10
10
9
9
16
12
13
6
8
8
7
10
7
9
4
11
12
6
2
12
6
6
16
8
8
$ROI:
43
143 193
144 194
424 531
429 529
440 544
440 545
440 549
443 544
443 553
490 516
604 1134
679 1395
690 1434
772 934
800 953
827 855
828 856
840 1946
849 1974
857 2002
872 900
880 1058
887 915
914 1083
1010 1038
1208 1258
1345 1375
1418 1448
2436 2526
3229 3279
3607 3645
6449 6521
6459 6531
6463 6535
6464 6536
6467 6539
6471 6543
6482 6526
6489 6513
6497 6521
12997 13047
12999 13049
13000 13050
