$SPEC_ID:
GAMWIN
$SPEC_REM:


$DETDESC:

$DATE_MEA:
09/10/2025 07:18:50
$MEAS_TIM:
27027.06 27519.31
$MCA_CAL:
3
1.32118272781372E+001 1.29107522964478E+000 0.00000000000000E+000
$DATA:
0 2047
0
0
0
0
0
0
0
0
0
0
0
0
0
0
0
0
0
0
0
0
0
0
0
0
0
0
0
0
0
0
0
0
0
0
0
1592
1606
1695
1750
1906
2077
2242
2452
2555
2664
2736
2924
3141
3755
4267
4822
5265
5510
5350
4731
4380
3811
3506
3380
3108
3189
3173
3109
2906
2712
2458
2104
1908
1654
1448
1292
1244
1204
1106
1207
1119
1125
1086
1114
1045
1042
1030
1074
1016
1059
1057
1114
1148
1170
1184
1226
1164
1184
1197
1196
1129
1079
1162
1170
1126
1163
1126
1174
1180
1173
1136
1130
1162
1165
1174
1116
1115
1129
1065
1048
1087
1033
978
1024
1003
1005
997
970
1074
1118
1122
1240
1277
1268
1345
1340
1402
1386
1317
1269
1211
1144
1149
1083
1058
1049
988
981
1043
1073
1036
1041
998
1015
1024
1080
1029
1013
881
987
948
984
1019
1129
1139
1252
1456
1565
1776
2023
2289
2562
2550
2869
2882
2844
2707
2716
2447
2077
1884
1605
1376
1195
1046
1003
808
806
724
731
729
674
689
772
753
806
776
712
800
830
773
793
825
739
916
884
858
928
1052
1138
1094
1239
1289
1322
1370
1310
1340
1280
1228
1160
985
1001
881
799
708
669
611
606
553
541
553
549
509
554
550
563
587
626
700
729
772
823
905
912
1006
1013
1101
1221
1266
1338
1419
1515
1559
1603
1587
1640
1735
1670
1560
1451
1386
1261
1153
942
882
757
661
627
538
480
447
363
394
345
346
357
354
344
353
325
337
342
320
325
323
338
312
344
343
337
311
340
329
377
327
322
338
316
353
333
334
312
294
340
288
311
277
302
270
267
261
266
233
239
231
237
259
246
239
234
290
267
253
229
277
261
286
271
266
295
285
303
276
247
309
277
293
292
297
302
302
272
272
267
283
284
251
255
235
247
271
227
245
211
247
232
221
242
245
249
248
251
269
255
271
283
284
288
341
321
304
331
354
316
336
331
308
304
305
308
289
258
227
237
245
228
196
218
181
188
202
196
178
200
183
205
225
186
184
208
202
192
209
229
214
230
236
210
275
265
271
271
292
304
363
398
413
409
434
458
446
503
579
520
557
582
643
554
619
609
655
647
618
635
609
682
689
766
738
804
814
831
826
866
855
867
802
742
747
693
642
562
588
540
484
393
413
357
315
260
255
239
196
203
182
161
183
172
159
137
164
153
196
173
179
170
144
163
176
165
129
160
175
151
143
177
148
164
144
147
164
173
156
139
135
149
157
130
137
168
140
154
140
145
166
140
132
148
183
149
162
137
157
164
163
158
190
170
178
162
194
168
185
206
175
208
190
196
181
213
184
199
195
199
186
186
188
192
180
173
156
188
179
167
175
157
178
190
182
157
178
168
204
181
181
187
193
200
186
190
212
200
180
193
205
187
220
221
202
188
196
197
198
181
173
192
189
176
169
154
154
155
162
168
173
141
137
136
135
172
152
158
139
120
122
135
149
116
119
130
129
123
112
133
135
124
134
133
117
132
154
113
134
128
151
124
118
140
139
145
151
147
152
164
137
134
139
142
140
155
143
144
159
167
145
159
177
129
174
156
154
160
147
151
145
135
137
142
163
171
156
158
192
187
178
208
216
200
228
240
246
245
269
246
257
248
261
251
280
243
289
225
269
212
246
203
217
189
211
172
186
177
168
166
158
162
166
147
163
160
136
146
151
174
162
161
183
172
188
200
196
178
174
193
204
201
199
209
179
214
210
213
200
186
180
199
156
162
167
184
147
134
147
135
108
116
125
115
93
99
101
106
93
82
86
88
95
83
83
77
99
61
79
71
92
85
64
88
80
59
86
76
66
75
72
87
85
73
70
74
67
77
94
72
89
87
68
82
80
76
72
68
73
84
79
78
85
77
74
94
73
74
85
74
82
72
76
74
84
82
88
72
82
95
101
89
83
98
88
95
95
102
102
92
121
124
112
147
120
131
125
142
134
161
148
157
165
162
162
186
176
134
154
128
159
161
163
150
153
133
137
134
134
92
132
110
94
89
111
97
112
87
101
93
92
81
92
94
72
75
89
77
84
74
98
74
84
73
74
65
74
68
63
60
65
54
72
71
61
79
81
55
53
70
71
73
74
92
87
83
75
61
72
71
59
73
74
73
73
77
67
81
90
77
81
85
89
84
96
77
105
82
80
80
94
85
90
87
119
99
69
87
90
80
106
96
84
84
82
77
77
78
64
88
74
62
80
74
71
69
71
60
66
62
57
52
57
66
61
63
51
69
63
54
48
47
64
57
56
45
45
64
51
39
47
52
62
63
47
58
38
50
50
53
55
43
54
54
39
54
39
63
55
52
61
40
52
51
50
55
54
64
59
51
51
48
58
50
43
47
56
47
55
70
54
53
60
56
78
64
67
58
67
77
89
63
75
70
58
85
68
67
76
69
68
92
82
80
68
65
69
74
70
78
75
62
76
68
59
76
66
78
71
65
59
68
66
59
81
64
81
78
67
83
77
62
84
81
79
83
94
82
101
93
105
88
111
121
114
124
125
134
147
123
141
128
150
156
152
175
173
142
152
179
172
156
165
157
174
152
152
144
130
136
121
88
92
106
137
111
78
104
88
90
87
72
81
82
56
66
66
68
62
47
65
58
66
64
57
50
47
45
59
51
50
56
40
47
48
53
55
47
46
54
32
39
38
44
51
38
48
44
36
40
39
50
41
38
42
28
50
35
43
44
37
42
46
30
41
37
38
38
44
39
44
44
31
35
48
52
51
38
47
38
46
46
39
48
35
45
43
51
42
47
52
41
42
41
39
39
44
36
43
50
50
34
45
29
33
41
44
50
34
40
37
29
32
32
44
39
29
28
31
28
40
26
32
37
28
25
37
30
39
24
26
28
35
25
34
29
20
25
35
28
23
28
25
20
31
26
27
25
28
25
32
17
31
24
35
21
32
36
23
21
32
22
24
26
31
32
32
30
26
31
26
38
33
35
43
33
33
34
48
43
32
41
37
38
43
45
36
54
44
55
52
51
44
59
65
52
65
60
52
56
53
56
69
76
79
93
67
54
66
68
70
91
60
78
70
73
67
75
63
71
72
53
55
73
54
53
53
57
54
32
43
41
36
31
43
38
36
37
20
31
28
32
30
22
29
33
27
24
17
19
22
19
20
24
29
22
23
25
25
19
18
22
22
28
25
28
19
31
30
29
22
20
32
23
31
14
24
27
20
21
19
40
23
21
18
27
20
24
27
20
25
27
26
18
19
21
15
21
15
17
16
17
25
19
11
10
18
20
15
12
9
11
20
16
14
12
18
19
15
19
13
12
12
23
16
22
21
20
23
13
16
20
16
12
14
17
17
15
14
22
13
14
20
14
12
22
8
17
12
15
15
17
12
8
19
21
11
18
14
15
12
23
15
17
10
22
17
10
15
16
14
13
20
15
19
23
11
14
16
13
16
17
18
11
17
21
9
12
11
11
15
10
11
16
22
19
13
13
15
21
10
7
22
12
13
10
8
19
15
14
21
14
14
12
24
14
19
14
4
10
9
10
18
8
18
12
11
15
16
16
16
13
16
18
19
12
11
11
10
14
18
24
13
28
12
20
19
18
16
17
23
21
20
19
22
23
24
27
18
27
22
29
20
19
28
26
26
36
28
25
26
28
30
21
18
28
30
22
30
24
25
21
24
30
26
21
29
22
19
27
24
18
22
19
13
26
21
22
12
17
16
18
17
18
27
20
22
20
23
27
15
18
23
28
33
25
20
19
22
26
13
26
33
17
31
18
29
23
20
25
28
32
26
32
25
29
30
30
28
23
34
26
29
32
29
22
27
24
16
28
24
21
23
31
25
26
20
22
17
28
11
19
24
20
12
21
11
13
12
16
18
15
13
19
17
9
11
17
26
13
17
16
17
17
20
14
22
19
18
27
18
16
14
17
20
15
16
16
15
19
19
16
17
14
12
17
16
10
16
16
23
21
21
14
15
20
8
22
8
20
15
17
17
20
16
13
8
9
22
19
14
15
16
14
12
25
15
17
13
11
11
14
11
11
22
17
9
16
14
17
13
16
15
12
16
16
17
11
15
16
12
11
16
9
17
17
15
12
22
11
18
15
12
16
10
11
11
10
9
9
15
10
10
10
8
15
16
11
16
13
11
10
12
12
10
6
14
13
13
16
10
12
8
12
5
10
12
16
8
20
8
13
13
14
9
15
14
23
12
11
10
11
12
8
6
13
14
23
6
6
12
10
8
6
18
8
4
10
9
14
5
11
3
9
4
8
7
6
6
4
10
6
8
14
7
3
6
8
4
6
8
7
6
9
7
13
10
7
5
5
5
9
6
8
8
8
13
8
5
6
8
5
12
10
11
12
8
9
6
17
11
12
10
11
8
18
9
7
9
20
12
12
16
18
18
9
18
29
19
23
27
32
31
26
38
39
29
33
46
36
33
53
32
31
33
43
37
51
35
60
51
51
46
44
71
53
50
45
53
50
55
44
54
54
46
54
43
44
35
31
40
39
29
34
31
24
34
18
31
20
14
18
23
15
13
12
16
23
10
11
6
10
10
15
15
15
11
10
8
2
11
4
4
8
5
6
8
9
10
8
8
13
8
8
7
9
5
9
5
11
5
6
3
9
2
6
6
8
9
7
9
7
6
6
6
6
2
4
0
7
7
3
5
8
3
5
7
7
4
5
0
2
6
5
2
6
2
5
2
2
6
6
6
4
7
6
4
7
4
5
5
3
2
9
8
6
6
11
4
4
4
4
3
3
10
3
5
4
3
$ROI:
43
143 193
144 194
424 531
429 529
440 544
440 545
440 549
443 544
443 553
490 516
604 1134
679 1395
690 1434
772 934
800 953
827 855
828 856
840 1946
849 1974
857 2002
872 900
880 1058
887 915
914 1083
1010 1038
1208 1258
1345 1375
1418 1448
2436 2526
3229 3279
3607 3645
6449 6521
6459 6531
6463 6535
6464 6536
6467 6539
6471 6543
6482 6526
6489 6513
6497 6521
12997 13047
12999 13049
13000 13050
