$SPEC_ID:
GAMWIN
$SPEC_REM:


$DETDESC:

$DATE_MEA:
09/09/2025 07:00:07
$MEAS_TIM:
27007.21 27456.83
$MCA_CAL:
3
1.32118272781372E+001 1.29107522964478E+000 0.00000000000000E+000
$DATA:
0 2047
0
0
0
0
0
0
0
0
0
0
0
0
0
0
0
0
0
0
0
0
0
0
0
0
0
0
0
0
0
0
0
0
0
0
0
1346
1349
1486
1571
1659
1842
1960
1989
2168
2205
2322
2401
2728
3132
3551
3935
4317
4576
4465
4132
3712
3303
2963
2780
2776
2722
2780
2597
2485
2325
2053
1967
1650
1445
1364
1182
1092
1106
1048
1112
993
968
976
980
980
951
958
943
912
1007
979
980
968
955
1046
1021
1150
995
1024
981
1009
1017
1059
1047
1025
1017
973
1059
1021
1073
1025
1018
1048
986
1020
1006
948
924
941
900
916
870
885
894
892
864
863
876
1003
1012
921
1000
990
1123
1089
1209
1155
1188
1167
1075
1067
1042
946
871
910
886
881
923
872
900
991
908
958
953
976
899
896
920
874
922
864
867
856
901
1033
1122
1192
1413
1647
1744
2095
2109
2396
2459
2627
2523
2486
2306
2032
1907
1710
1387
1222
1057
878
870
766
743
672
623
632
616
685
645
679
739
662
696
715
717
675
718
734
730
692
749
754
771
809
858
936
991
1007
1058
1050
1112
1114
1072
1070
1000
924
795
749
686
660
575
560
484
462
473
461
452
498
482
534
491
539
554
588
614
633
723
786
768
833
836
888
973
969
1086
1172
1168
1231
1317
1372
1333
1302
1337
1294
1147
1096
994
912
831
703
671
531
503
470
424
356
357
308
313
264
302
314
311
262
294
275
263
275
276
277
280
288
308
274
277
296
281
274
282
291
307
274
303
248
292
274
276
300
261
238
288
232
254
231
212
227
241
226
225
248
215
216
203
202
227
232
218
209
217
245
214
237
224
236
244
244
250
260
221
232
256
270
275
258
278
262
274
289
246
216
232
206
243
234
234
228
208
225
224
226
215
241
208
220
207
214
246
220
237
223
269
261
268
321
322
315
304
283
316
308
325
309
269
266
297
254
225
237
225
225
200
183
183
193
192
194
187
167
178
171
195
175
193
195
165
202
189
152
182
199
198
187
225
201
216
256
249
250
245
335
297
356
365
404
430
411
442
450
498
474
497
487
542
508
540
471
528
524
538
519
549
557
555
628
579
634
694
672
617
699
717
646
681
606
579
539
492
459
437
414
371
291
292
281
232
237
192
203
170
193
192
147
164
147
138
127
150
156
163
129
136
163
116
145
136
145
137
170
156
168
136
151
170
157
133
168
138
152
150
138
127
136
128
152
140
128
131
134
132
100
114
128
129
140
143
127
149
139
154
138
135
151
142
144
128
171
148
151
148
171
180
187
171
174
197
163
191
160
166
169
167
184
142
159
132
142
160
157
146
159
135
157
166
154
165
148
158
159
153
161
153
172
164
152
158
161
159
166
165
159
170
164
156
186
158
181
171
173
150
160
163
145
178
162
141
138
162
140
152
132
142
136
128
137
136
126
110
122
117
133
103
97
107
103
114
101
121
109
122
97
115
121
119
119
97
133
108
115
131
112
102
126
133
115
133
139
141
113
144
121
144
137
140
136
130
118
116
142
139
142
121
141
146
137
145
126
147
112
126
136
144
121
118
123
122
152
153
157
189
181
184
188
205
199
224
212
228
234
217
234
244
239
236
245
214
207
214
214
226
211
206
167
181
161
141
167
150
151
147
162
146
138
150
129
105
133
150
143
153
126
151
137
148
169
179
169
162
178
183
183
187
174
205
198
182
156
165
199
157
148
173
168
139
144
125
133
135
146
127
107
107
113
100
79
80
96
91
98
68
78
82
69
66
80
67
77
73
80
73
62
57
68
80
67
60
68
63
66
67
70
69
60
68
64
68
89
67
76
67
73
56
79
60
57
86
82
72
72
79
70
73
58
72
74
78
85
89
72
75
74
58
77
66
70
85
76
80
69
104
76
77
85
75
96
82
90
86
96
102
105
110
102
119
117
118
120
121
122
134
138
131
144
142
130
127
133
148
137
142
120
132
150
132
125
123
111
103
104
109
96
110
102
98
93
98
112
84
103
101
73
100
74
74
69
73
93
60
63
79
66
77
73
86
69
62
65
68
75
79
86
54
53
63
52
61
65
54
61
59
62
70
63
68
52
68
70
73
65
63
70
53
61
72
86
75
60
64
76
86
81
77
83
83
84
87
82
83
75
87
74
67
83
63
82
75
78
86
87
54
82
85
68
67
67
60
76
67
70
73
63
59
66
57
67
71
54
52
65
52
71
51
55
47
49
49
54
58
50
46
46
63
51
53
36
30
46
55
55
42
40
57
51
50
50
44
40
44
39
49
37
39
46
41
41
40
53
27
40
48
46
43
37
45
45
50
64
57
54
39
39
61
41
43
49
45
44
43
54
47
45
53
50
51
50
54
49
58
60
54
57
82
56
52
58
63
60
70
72
61
63
68
76
73
64
63
58
54
59
51
75
57
61
59
70
68
53
58
79
55
65
57
61
56
47
52
65
88
51
78
62
74
74
69
68
95
90
78
89
93
102
116
108
129
106
115
138
154
147
162
161
174
193
167
186
171
157
189
191
179
187
181
199
180
161
183
150
140
148
156
158
136
136
123
107
123
101
93
80
80
72
77
86
68
57
68
56
71
55
56
58
56
64
55
56
37
48
40
42
49
46
43
46
47
34
37
32
39
41
35
38
37
38
33
36
32
38
35
28
19
28
44
32
30
26
28
30
36
33
28
41
26
35
34
25
28
33
33
36
35
32
35
28
34
38
36
39
35
38
29
44
58
38
38
41
51
37
44
28
48
45
34
50
37
43
27
41
40
33
37
40
48
43
37
45
38
28
32
32
33
41
29
22
28
34
29
32
27
22
31
28
22
20
32
20
19
22
25
23
32
21
23
18
30
25
27
28
26
23
29
21
19
24
27
28
24
13
22
25
27
20
15
22
25
17
22
32
23
26
28
29
27
24
15
18
23
23
17
27
26
30
31
20
26
34
27
26
34
28
30
33
36
34
31
39
31
37
29
47
48
28
31
37
45
49
54
49
57
49
31
46
44
61
56
57
46
56
51
60
71
62
58
61
65
73
70
54
53
43
48
63
55
46
51
40
55
58
46
48
38
34
32
41
42
42
21
25
28
30
24
35
27
29
24
21
16
21
22
20
25
16
14
27
18
34
19
21
20
20
23
26
22
19
34
24
25
21
25
22
16
26
17
19
20
28
18
22
26
23
26
19
20
20
24
32
24
21
18
20
14
19
25
22
10
20
19
20
17
18
14
13
14
14
20
19
18
18
14
19
20
14
17
10
14
14
14
10
13
14
13
12
13
16
24
11
14
14
11
9
14
12
17
8
17
12
11
18
20
19
13
17
19
22
17
19
17
12
6
14
10
17
14
18
13
18
17
7
12
18
12
8
15
9
17
17
10
18
15
16
6
18
12
12
21
14
12
18
12
6
13
20
12
10
9
17
11
12
12
16
17
15
14
11
11
15
13
12
10
15
16
8
13
11
10
12
11
12
17
9
16
9
15
11
9
10
10
7
11
15
10
16
12
12
12
14
9
10
17
15
13
7
11
12
16
10
13
15
17
17
9
17
15
19
12
16
23
18
16
22
16
22
16
20
25
27
21
15
17
23
29
18
24
21
21
26
27
29
24
18
21
15
31
23
22
32
16
30
21
23
21
19
21
30
21
25
21
16
18
24
21
19
22
15
20
14
14
9
14
13
18
22
22
22
13
19
12
13
16
17
25
20
16
15
19
16
22
17
19
18
20
21
12
32
18
16
24
27
14
23
16
21
21
24
24
30
23
26
22
23
21
22
29
26
33
25
29
13
21
16
24
16
16
22
21
21
23
16
9
27
7
20
14
8
19
21
15
17
12
11
17
13
11
18
19
17
22
20
19
17
15
19
15
13
19
16
12
11
11
14
11
14
10
15
10
14
11
12
12
20
13
14
12
15
15
16
16
14
5
14
14
19
17
10
13
12
20
14
9
7
12
11
11
11
8
11
13
22
11
12
16
18
13
15
21
18
19
25
14
16
14
19
17
9
12
14
12
16
21
14
11
15
14
19
17
13
11
13
11
17
11
15
17
17
11
21
15
13
11
13
7
8
11
14
11
17
16
9
10
10
18
12
13
13
16
10
20
14
15
5
7
10
13
11
14
17
15
10
5
6
9
12
12
11
10
10
11
10
9
7
9
10
8
15
14
10
10
9
12
6
9
12
8
9
8
13
12
10
7
10
9
12
12
8
11
7
7
9
8
1
9
8
11
10
5
6
5
7
7
7
11
3
7
3
10
5
9
5
7
7
8
8
4
7
9
8
4
5
8
8
7
9
9
8
9
7
8
3
4
5
3
8
8
9
7
7
8
10
13
7
10
5
8
13
10
9
16
19
11
15
9
11
8
21
17
11
13
18
14
16
14
19
24
16
33
28
26
26
25
19
24
33
30
39
40
38
32
46
43
36
41
42
47
40
49
47
40
32
40
49
51
51
38
50
36
39
45
36
36
34
37
38
32
34
26
32
32
31
25
24
20
19
24
18
15
14
24
17
17
9
19
9
8
11
10
14
11
9
4
9
17
4
6
3
10
1
11
4
5
9
8
4
9
4
7
6
2
6
10
5
6
7
5
6
7
6
4
6
6
3
5
4
3
4
6
7
3
4
6
6
4
5
5
7
5
6
4
6
6
6
9
6
3
9
5
9
7
0
6
2
5
3
5
6
7
5
6
4
5
5
2
8
5
2
4
6
3
5
10
4
7
2
8
3
3
2
4
8
3
8
$ROI:
43
143 193
144 194
424 531
429 529
440 544
440 545
440 549
443 544
443 553
490 516
604 1134
679 1395
690 1434
772 934
800 953
827 855
828 856
840 1946
849 1974
857 2002
872 900
880 1058
887 915
914 1083
1010 1038
1208 1258
1345 1375
1418 1448
2436 2526
3229 3279
3607 3645
6449 6521
6459 6531
6463 6535
6464 6536
6467 6539
6471 6543
6482 6526
6489 6513
6497 6521
12997 13047
12999 13049
13000 13050
