$SPEC_ID:
GAMWIN
$SPEC_REM:


$DETDESC:

$DATE_MEA:
10/02/2025 07:31:30
$MEAS_TIM:
28140.51 28677.56
$MCA_CAL:
3
1.32118272781372E+001 1.29107522964478E+000 0.00000000000000E+000
$DATA:
0 2047
0
0
0
0
0
0
0
0
0
0
0
0
0
0
0
0
0
0
0
0
0
0
0
0
0
0
0
0
0
0
0
0
0
0
0
1611
1648
1666
1803
1908
2124
2149
2364
2436
2396
2405
2666
2715
3051
3280
3654
4113
4114
3839
3484
3194
2877
2600
2673
2640
2521
2569
2433
2356
2324
2082
1921
1746
1583
1429
1362
1339
1352
1337
1271
1214
1273
1304
1243
1169
1194
1268
1185
1235
1152
1184
1256
1305
1264
1268
1275
1255
1231
1264
1290
1260
1210
1263
1261
1221
1246
1203
1187
1199
1196
1218
1238
1189
1171
1195
1123
1183
1124
1125
1130
1105
1073
1101
1102
1000
1069
1092
1101
1159
1123
1163
1194
1252
1263
1283
1279
1284
1276
1241
1199
1131
1092
1023
1020
1021
967
1016
998
1008
998
978
983
991
998
1001
1004
946
1000
947
949
1000
989
1064
1028
1187
1239
1401
1483
1645
1752
1847
2045
2098
2074
2120
1967
1844
1782
1597
1409
1284
1139
999
907
821
777
762
749
760
723
748
720
785
721
718
750
708
728
700
709
731
773
771
766
752
846
853
863
893
929
1011
1054
1027
1017
1053
1046
1002
963
842
783
745
725
676
651
603
526
490
499
461
495
500
483
562
532
559
540
603
619
585
627
701
667
780
727
847
849
940
982
983
1069
1105
1225
1271
1271
1271
1244
1073
1051
1076
914
861
763
693
621
520
488
479
425
394
355
334
340
284
344
326
320
295
314
336
325
314
294
309
297
301
296
312
291
318
305
319
335
307
303
336
299
310
299
342
298
291
273
252
261
287
267
277
264
287
243
249
240
234
239
266
230
215
260
237
244
246
251
246
272
257
251
263
257
264
236
265
213
281
282
283
247
277
280
278
246
243
259
255
228
250
243
244
239
237
233
227
182
205
238
236
238
237
242
200
214
222
284
264
271
289
266
322
308
284
315
322
296
273
279
290
223
271
253
225
250
219
215
229
209
224
199
190
187
227
186
181
219
213
186
200
174
183
170
204
191
198
165
175
187
225
213
235
207
232
281
253
288
279
306
311
350
375
354
375
354
410
434
418
400
443
431
425
429
489
498
502
485
533
491
548
559
581
565
604
604
560
602
561
504
558
560
534
508
468
412
405
353
295
302
274
250
224
212
215
196
157
175
157
169
161
168
146
179
136
173
169
149
147
151
151
176
172
153
157
155
155
174
159
138
158
162
158
147
137
171
131
125
125
155
155
145
152
143
135
172
119
131
152
144
166
130
164
129
176
154
134
141
158
169
158
162
150
172
142
151
174
154
176
174
155
155
177
167
158
185
184
157
156
179
167
159
152
138
147
157
147
172
147
175
134
159
179
160
162
158
170
178
178
179
168
175
182
176
202
191
183
155
161
177
174
172
172
162
161
145
170
172
166
181
147
169
171
149
160
142
152
154
122
153
144
134
149
151
134
115
137
118
146
116
153
104
100
129
146
136
130
149
120
146
124
126
113
134
127
129
155
125
140
139
126
153
125
132
147
161
144
156
138
164
155
143
143
151
137
148
143
149
151
138
155
159
139
130
151
161
121
154
137
120
142
148
151
178
167
184
175
172
185
181
198
212
207
227
233
238
221
257
201
216
224
248
224
202
211
206
185
192
183
190
172
213
161
152
173
159
165
131
149
155
146
136
131
139
173
164
149
154
162
171
178
162
176
184
173
169
194
191
187
185
177
204
163
174
179
145
199
150
163
158
129
147
149
113
137
104
120
124
117
126
124
112
109
111
110
102
94
107
98
110
110
113
95
109
109
103
103
101
120
86
108
115
108
86
102
94
105
103
93
110
92
77
116
71
113
100
89
115
105
89
109
99
107
106
95
114
102
123
92
92
95
88
87
99
109
119
84
101
108
98
118
109
108
108
104
111
103
118
103
116
111
115
128
118
116
119
146
143
124
124
156
158
161
158
162
150
183
163
154
166
173
163
157
162
172
154
141
163
133
125
142
145
131
138
139
116
125
147
131
147
154
130
118
139
94
115
129
101
102
114
115
109
107
108
109
122
108
92
83
118
103
107
111
92
93
98
90
115
120
93
97
104
82
85
109
107
108
99
99
124
95
115
107
87
106
111
93
111
136
112
111
93
102
113
101
122
117
85
110
107
120
114
122
118
120
117
100
124
125
122
102
111
127
90
116
102
113
104
99
89
94
87
78
93
73
76
61
70
75
93
58
73
66
76
72
58
60
68
59
64
64
59
60
53
64
48
54
65
70
64
66
51
48
65
50
61
46
55
53
42
43
56
55
59
44
43
49
44
48
41
58
45
60
43
50
36
48
57
65
45
46
36
48
55
40
44
60
48
62
55
52
49
50
51
52
57
44
57
60
50
60
46
55
68
58
47
56
64
61
68
56
63
79
63
83
66
68
76
73
67
64
78
70
69
76
70
61
65
77
73
66
88
80
68
75
83
87
85
67
91
94
98
109
112
151
131
124
170
143
157
189
193
199
229
251
287
278
288
343
308
340
362
372
426
413
366
437
434
446
445
455
472
459
433
427
425
440
430
378
350
360
351
336
328
306
258
242
236
223
192
194
163
153
154
121
145
99
114
84
90
70
72
79
61
62
71
60
44
39
44
34
50
40
38
42
44
45
32
40
31
28
22
43
41
48
28
42
40
32
30
41
28
23
29
28
22
28
27
25
31
27
26
27
34
32
33
35
23
25
30
25
26
26
34
28
32
31
27
33
33
32
41
48
23
41
30
30
29
29
42
31
30
47
25
29
44
31
37
30
32
41
31
32
29
36
29
31
24
30
29
28
20
21
21
37
30
27
28
22
23
20
33
27
28
25
28
23
30
22
23
10
27
18
25
32
24
27
16
20
23
15
26
18
23
18
14
16
27
29
20
20
19
21
16
17
19
19
19
28
26
12
22
22
15
19
28
21
20
29
26
19
30
26
16
29
27
19
25
19
31
24
22
39
29
28
26
30
29
26
29
37
34
44
41
41
44
39
37
41
39
52
42
44
53
31
54
45
49
48
54
49
54
41
59
43
49
43
36
55
38
53
59
53
44
41
36
44
35
41
33
42
32
32
19
29
19
29
21
16
25
30
23
19
16
21
28
30
28
14
10
17
13
21
17
13
17
26
12
16
22
20
15
11
22
16
20
17
14
18
12
21
14
13
24
26
26
22
21
14
19
19
15
15
18
14
21
16
16
16
29
14
18
16
18
14
12
15
11
18
13
15
17
18
20
18
10
10
14
11
14
15
21
12
18
15
9
12
9
16
11
12
19
13
12
12
11
20
10
12
13
5
14
12
16
12
18
19
15
9
7
10
7
10
14
15
14
18
7
10
12
10
11
10
14
14
9
13
13
15
9
16
15
16
14
5
8
9
7
9
12
12
11
11
14
10
15
12
17
12
15
8
9
13
13
14
11
12
14
14
18
10
12
14
6
14
13
9
11
15
13
6
12
11
9
16
13
9
6
8
17
7
10
7
15
10
18
13
9
13
13
8
11
10
12
5
15
20
11
10
9
9
14
13
9
7
9
11
19
13
11
15
14
24
12
10
11
9
18
16
26
18
15
11
21
15
18
20
16
19
15
14
18
24
22
27
21
19
21
16
12
17
19
28
20
16
13
15
14
18
21
21
12
9
16
10
10
15
12
13
6
20
12
22
17
18
21
17
10
11
12
20
18
16
15
5
19
8
10
19
11
10
18
15
11
20
14
17
12
11
18
18
23
26
24
13
16
11
15
17
17
18
12
19
20
21
23
24
27
21
17
20
18
22
24
19
18
16
20
24
13
13
10
20
13
20
19
13
10
13
13
14
9
11
17
14
13
12
14
20
10
7
12
13
17
13
17
11
17
13
9
8
13
17
14
10
12
9
13
14
21
18
13
11
8
20
19
10
9
6
15
17
17
18
15
8
14
15
9
9
8
7
21
18
15
12
11
8
17
14
16
20
13
7
9
10
10
10
10
12
10
11
13
20
17
15
12
10
9
10
14
7
11
15
14
15
7
8
7
17
14
10
10
10
10
12
15
18
7
10
13
11
12
7
13
10
10
8
18
11
9
11
11
8
10
10
10
15
7
6
13
12
13
12
12
13
11
13
11
10
7
4
9
10
6
15
12
14
6
7
7
15
3
8
8
6
13
10
10
9
5
13
11
5
7
10
12
7
9
3
8
13
9
8
9
13
5
9
8
7
7
7
5
11
9
7
4
5
8
5
13
7
10
6
8
8
8
3
10
6
6
9
6
4
7
5
6
5
4
2
6
5
3
6
6
8
7
2
8
10
8
5
7
5
6
13
3
5
6
8
8
10
5
4
9
8
9
9
5
7
7
11
13
4
10
11
9
17
8
8
15
6
27
17
17
17
24
19
13
13
22
21
22
24
20
17
23
35
24
12
31
29
22
28
28
32
23
37
27
35
34
31
39
47
40
37
32
32
33
31
29
33
31
25
26
27
27
26
33
19
24
25
21
25
22
19
16
17
13
20
24
18
12
11
12
15
11
8
9
13
11
9
6
8
6
8
8
6
9
4
8
6
5
4
5
5
4
7
7
11
7
6
8
5
5
2
5
11
3
8
3
3
6
4
4
7
5
10
4
2
6
11
4
4
4
5
5
2
9
6
6
3
1
6
4
4
3
3
5
3
0
4
2
7
4
2
5
5
7
1
4
5
2
5
4
6
6
9
3
7
6
4
7
2
5
3
2
4
2
2
3
8
8
4
5
2
3
4
4
3
1
3
4
5
8
2
6
9
6
6
$ROI:
43
143 193
144 194
424 531
429 529
440 544
440 545
440 549
443 544
443 553
490 516
604 1134
679 1395
690 1434
772 934
800 953
827 855
828 856
840 1946
849 1974
857 2002
872 900
880 1058
887 915
914 1083
1010 1038
1208 1258
1345 1375
1418 1448
2436 2526
3229 3279
3607 3645
6449 6521
6459 6531
6463 6535
6464 6536
6467 6539
6471 6543
6482 6526
6489 6513
6497 6521
12997 13047
12999 13049
13000 13050
