$SPEC_ID:
GAMWIN
$SPEC_REM:


$DETDESC:

$DATE_MEA:
10/06/2025 14:39:05
$MEAS_TIM:
58632.59 59324.56
$MCA_CAL:
3
1.32118272781372E+001 1.29107522964478E+000 0.00000000000000E+000
$DATA:
0 2047
0
0
0
0
0
0
0
0
0
0
0
0
0
0
0
0
0
0
0
0
0
0
0
0
0
0
0
0
0
0
0
0
0
0
0
1720
1818
1824
1990
2086
2205
2339
2432
2575
2535
2544
2580
2910
3058
3383
3774
3972
3929
3906
3553
3295
3080
3020
2765
2743
2680
2621
2646
2565
2444
2240
2015
1807
1746
1572
1559
1452
1452
1375
1403
1409
1330
1325
1299
1209
1337
1324
1263
1311
1310
1254
1341
1311
1354
1342
1372
1301
1395
1309
1327
1292
1317
1305
1333
1305
1258
1331
1344
1228
1337
1234
1282
1242
1250
1251
1255
1173
1200
1151
1118
1114
1120
1143
1131
1129
1140
1143
1176
1104
1222
1205
1255
1363
1318
1381
1364
1326
1340
1316
1239
1206
1168
1157
1131
1121
1065
1040
1070
1053
1082
1093
1128
1122
1052
995
1037
1050
1077
1067
1048
1031
1078
1097
1152
1316
1345
1394
1584
1765
1877
1979
2122
2186
2136
2262
2179
2051
1914
1646
1616
1379
1229
1124
1009
960
903
791
824
824
756
807
784
880
766
829
793
884
822
859
837
835
806
788
832
797
833
826
827
842
899
951
973
1004
1011
967
962
930
991
906
868
793
736
725
701
679
652
573
546
532
552
594
546
558
618
597
608
617
674
657
692
740
767
781
824
857
863
893
901
959
962
1011
944
1047
1105
1043
1022
1048
999
898
934
835
707
674
624
556
536
497
473
456
381
401
344
373
375
339
387
407
344
381
355
362
364
337
349
377
343
366
349
382
377
369
373
403
375
391
354
373
369
339
346
338
353
343
319
311
332
298
329
309
307
296
313
288
322
303
270
286
288
287
288
303
296
282
286
307
319
262
318
324
288
313
299
310
319
304
306
282
320
299
295
280
300
304
316
286
261
308
296
273
262
282
280
268
278
302
285
270
310
266
292
298
313
337
327
345
352
329
364
361
389
392
393
396
363
349
354
345
348
339
291
270
276
254
247
237
223
259
241
205
216
217
229
208
231
236
237
235
241
230
251
227
255
246
248
253
280
263
300
279
293
268
312
334
335
356
367
403
413
458
425
436
476
450
494
453
486
446
485
464
462
476
497
490
481
488
519
511
510
498
532
555
494
535
502
456
482
468
428
409
422
377
374
307
304
266
285
264
233
234
234
211
196
208
199
158
187
213
199
199
203
197
203
201
215
197
211
195
182
186
208
189
208
182
186
179
187
210
180
166
176
171
206
161
179
173
178
171
188
164
187
209
176
180
184
193
181
181
156
189
160
190
215
189
181
188
178
186
202
204
184
208
216
211
222
220
205
228
223
212
204
219
206
205
206
189
167
195
181
190
181
192
176
205
198
207
182
193
204
196
197
205
171
207
187
199
199
184
218
217
222
190
190
193
197
211
194
225
201
175
225
221
214
206
185
199
178
195
194
172
170
170
168
172
191
162
146
166
145
165
161
158
155
158
148
156
143
165
154
167
164
160
137
164
164
161
173
155
185
166
156
184
154
168
146
175
210
176
208
169
196
164
190
199
186
184
179
212
187
196
210
198
209
211
233
205
195
212
189
201
218
181
185
183
183
188
214
176
188
206
229
195
207
228
215
214
245
223
227
247
263
244
256
277
231
250
253
245
244
224
206
229
237
192
194
222
217
210
186
179
153
177
183
180
175
192
165
186
170
174
200
189
190
204
202
207
221
208
194
221
188
229
226
229
217
232
248
201
172
231
204
195
193
180
188
166
181
153
180
137
174
179
149
134
167
152
111
161
133
130
120
139
142
111
136
118
150
131
142
130
151
130
116
142
134
119
119
141
141
130
120
114
124
110
135
139
141
128
107
117
117
125
121
128
135
103
131
125
137
124
133
114
115
147
133
143
114
118
124
119
140
117
131
142
133
147
120
139
162
142
134
122
133
144
118
160
163
122
150
141
114
154
165
169
164
155
161
156
171
187
158
168
174
174
207
146
206
164
161
188
171
173
168
189
164
163
168
152
156
153
139
145
171
161
129
132
162
163
151
121
120
147
127
146
140
145
135
153
135
139
137
138
134
137
151
127
135
144
140
141
145
142
130
120
143
138
125
161
142
137
134
126
146
139
159
125
134
138
132
132
153
133
153
139
144
147
155
136
138
132
151
138
138
140
147
144
139
147
131
130
126
125
140
160
140
119
127
135
133
130
120
115
105
131
89
106
104
115
102
115
96
109
96
117
79
86
95
82
68
87
80
93
70
106
75
62
88
76
80
82
66
87
80
75
65
68
69
63
69
75
63
56
65
72
82
77
69
62
65
74
64
59
53
80
75
58
59
68
61
69
50
74
53
65
53
61
50
61
62
58
49
55
58
67
63
73
65
64
59
77
70
57
74
54
55
66
53
69
58
69
68
65
80
80
82
70
64
73
67
86
69
78
65
73
64
89
74
76
75
77
81
92
74
87
87
84
92
91
91
91
78
101
113
115
116
123
148
109
145
138
161
156
181
179
169
226
276
254
279
271
304
322
345
386
425
444
490
440
497
545
521
561
603
577
602
565
674
617
591
650
660
624
572
574
513
548
453
480
441
446
403
405
353
341
315
259
237
238
210
184
164
169
157
146
127
109
108
99
93
95
80
79
44
63
65
60
69
68
54
63
41
42
38
41
53
45
47
44
42
34
45
44
41
40
30
42
36
27
37
40
24
39
34
24
32
30
37
35
47
41
30
33
35
34
35
37
35
34
38
37
28
33
38
44
36
37
32
34
35
32
31
35
39
38
34
40
35
37
38
36
28
32
34
32
29
41
34
35
38
30
39
41
23
38
31
34
36
35
24
43
26
36
29
24
30
32
30
21
31
30
36
26
33
35
17
30
34
25
23
19
17
22
37
20
19
31
27
23
22
24
20
22
19
24
34
20
25
18
18
25
21
27
20
22
21
34
27
21
39
26
27
22
15
20
26
20
26
25
31
27
26
29
16
27
29
32
25
35
43
30
39
29
34
41
42
41
35
29
45
37
47
32
35
38
42
33
39
42
36
36
32
41
41
56
55
39
39
55
40
35
49
45
51
59
44
42
42
42
46
27
37
34
49
30
45
44
33
38
34
33
38
31
28
23
21
30
22
23
22
22
16
24
27
22
17
21
13
14
21
27
20
21
30
24
24
23
27
25
21
18
23
18
25
26
19
23
31
26
17
22
20
17
14
29
17
17
20
18
19
23
21
17
15
19
17
16
14
17
29
21
27
33
19
21
16
9
11
13
13
13
8
13
9
9
20
10
23
14
14
15
17
14
17
8
18
20
20
17
12
12
18
19
15
10
20
17
15
14
14
13
19
11
12
13
17
12
17
13
15
18
24
13
19
21
16
16
21
23
21
21
11
13
13
24
18
12
16
13
13
16
17
16
13
18
20
7
16
15
10
19
13
8
10
11
9
15
18
8
14
11
20
19
17
12
16
12
12
20
18
15
14
14
15
12
15
15
16
12
12
16
19
9
26
16
11
21
15
24
13
16
19
18
13
14
11
14
20
19
10
18
14
13
15
13
9
21
13
10
14
11
18
15
12
13
17
15
19
14
17
15
18
20
21
16
20
17
18
14
17
16
19
24
10
27
28
24
21
19
32
20
17
19
29
18
20
18
22
25
20
16
22
29
23
24
27
15
13
19
25
25
17
15
17
23
24
21
23
27
20
16
15
15
23
18
21
22
19
19
13
13
13
19
18
24
21
11
25
12
31
24
15
12
20
19
29
24
26
23
19
25
20
25
21
25
30
17
22
21
28
33
22
26
28
14
27
16
15
30
20
12
21
22
23
29
15
22
25
22
18
20
23
29
23
20
16
25
18
19
16
22
22
14
16
18
12
16
16
22
14
19
10
19
12
17
15
13
17
24
19
15
17
17
19
16
12
23
19
12
25
13
14
21
24
15
16
17
15
20
14
12
20
11
13
15
18
17
17
21
28
18
13
15
18
12
19
15
24
19
25
21
17
15
14
13
18
13
16
18
13
16
20
17
17
17
11
14
20
23
15
21
18
19
12
19
27
14
14
12
16
13
14
15
17
12
12
13
13
19
19
18
14
13
15
13
13
10
13
18
10
11
17
14
16
13
19
20
10
14
8
15
12
20
17
12
10
8
17
12
7
11
18
11
11
17
7
13
12
19
10
18
14
12
13
16
15
16
7
14
13
14
11
19
15
11
9
12
12
14
11
14
11
16
11
8
14
8
13
20
11
12
17
13
7
11
13
8
13
13
12
16
11
4
16
15
11
10
16
15
6
13
9
9
10
6
7
13
13
11
5
7
8
11
8
17
18
15
11
13
9
9
7
8
17
11
9
13
13
13
12
8
9
11
8
15
13
8
8
13
12
14
10
19
18
13
14
13
15
16
18
29
13
27
24
17
30
19
26
17
29
38
32
33
33
31
28
37
32
33
41
43
28
28
33
47
40
39
39
35
42
38
39
33
46
40
42
45
49
53
41
45
34
32
27
38
37
40
34
26
26
28
20
19
29
17
23
25
23
15
18
13
17
14
11
18
8
15
18
10
9
17
14
12
11
12
13
13
14
15
13
5
8
12
14
6
15
15
5
11
10
10
11
21
12
14
7
6
10
12
10
8
12
9
18
14
9
10
6
5
12
7
8
13
11
14
9
8
11
12
8
10
12
7
8
14
11
9
7
10
5
9
11
3
11
14
11
11
8
14
8
9
14
8
12
10
6
5
8
18
16
6
9
4
9
10
10
4
10
10
8
16
11
13
9
9
9
7
12
6
3
9
6
5
11
13
$ROI:
43
143 193
144 194
424 531
429 529
440 544
440 545
440 549
443 544
443 553
490 516
604 1134
679 1395
690 1434
772 934
800 953
827 855
828 856
840 1946
849 1974
857 2002
872 900
880 1058
887 915
914 1083
1010 1038
1208 1258
1345 1375
1418 1448
2436 2526
3229 3279
3607 3645
6449 6521
6459 6531
6463 6535
6464 6536
6467 6539
6471 6543
6482 6526
6489 6513
6497 6521
12997 13047
12999 13049
13000 13050
