$SPEC_ID:
GAMWIN
$SPEC_REM:


$DETDESC:

$DATE_MEA:
10/01/2025 16:01:04
$MEAS_TIM:
55193.25 55759.18
$MCA_CAL:
3
1.32118272781372E+001 1.29107522964478E+000 0.00000000000000E+000
$DATA:
0 2047
0
0
0
0
0
0
0
0
0
0
0
0
0
0
0
0
0
0
0
0
0
0
0
0
0
0
0
0
0
0
0
0
0
0
0
1151
1295
1310
1339
1353
1478
1546
1601
1717
1741
1716
1763
2007
2139
2262
2557
2564
2629
2519
2366
2268
2081
1886
1878
1961
1905
1858
1758
1658
1583
1485
1394
1281
1173
1140
1008
1038
1024
969
1042
1009
981
994
1003
952
929
936
931
904
927
1000
1006
954
992
972
1019
981
969
985
961
979
948
955
948
979
979
931
935
938
938
924
878
930
924
905
948
831
887
843
788
831
859
849
860
794
838
788
827
826
879
918
831
919
943
918
959
978
872
886
878
908
839
860
779
813
775
797
762
776
746
801
783
791
829
806
843
774
781
788
808
758
801
801
853
919
1006
1010
1166
1316
1355
1430
1513
1542
1613
1485
1555
1465
1404
1199
1119
1032
898
817
734
672
628
619
602
618
568
581
649
593
585
633
621
658
594
630
632
585
626
598
591
636
577
633
633
667
691
690
673
693
736
703
698
669
636
633
640
598
563
531
483
483
487
460
450
445
418
450
442
468
459
482
475
497
455
513
499
550
554
558
549
592
611
647
663
678
693
670
724
727
699
711
683
682
649
656
590
573
541
488
426
418
391
361
327
306
322
297
290
307
304
297
246
301
308
296
267
337
243
278
273
278
282
278
271
280
277
302
266
317
293
285
286
279
269
285
260
233
284
274
227
259
278
225
213
222
215
228
236
218
247
234
240
239
257
228
180
228
241
234
239
229
245
252
248
242
261
264
235
251
248
256
268
245
247
230
259
233
228
261
229
233
205
227
219
211
242
214
238
202
221
221
199
215
239
239
256
259
264
298
287
286
306
277
292
337
309
305
282
250
291
256
262
271
246
240
235
228
189
220
200
198
207
200
189
186
179
179
181
160
192
138
186
175
185
173
178
190
215
178
180
204
202
196
211
225
218
222
243
253
245
243
291
260
272
315
316
338
361
337
350
341
327
343
352
318
355
333
354
362
356
351
312
343
327
390
361
353
333
340
364
320
370
316
290
301
260
252
241
237
220
215
205
191
164
164
158
158
171
163
169
154
130
159
161
127
165
161
155
161
136
157
156
150
124
174
154
147
153
189
147
146
149
129
141
153
132
161
143
115
146
150
168
132
142
148
135
138
135
123
132
141
142
142
132
157
143
157
160
158
151
152
146
136
157
166
140
172
162
145
170
154
180
153
150
165
150
140
165
156
150
156
186
166
152
154
145
153
148
149
134
144
138
161
137
153
147
141
157
125
160
169
138
159
128
146
153
154
146
169
163
184
152
142
120
146
144
149
160
163
150
146
138
151
129
161
144
150
161
144
150
128
153
121
124
113
130
132
123
120
132
102
118
123
125
143
120
118
119
119
135
127
136
127
133
127
127
145
140
126
139
120
135
144
127
127
151
132
141
176
162
156
176
143
154
163
177
173
188
180
165
175
176
170
143
154
161
167
158
153
154
164
128
172
150
147
170
145
158
187
172
196
164
187
175
174
171
182
181
191
191
198
186
206
172
185
178
174
173
156
162
152
165
145
159
152
145
130
147
129
131
145
143
162
130
130
154
133
154
170
156
169
182
146
168
158
150
183
170
151
194
141
173
159
161
160
147
167
167
139
153
144
129
140
129
139
134
124
136
125
106
109
128
117
116
116
114
116
100
102
111
107
109
93
108
96
88
112
100
112
106
108
100
106
117
110
105
102
101
111
105
121
119
125
94
111
101
103
115
118
120
104
104
96
104
111
113
112
85
114
110
99
102
109
98
108
122
97
99
113
111
100
115
128
115
110
117
95
123
101
111
120
109
104
110
111
119
127
125
167
134
132
111
135
124
136
145
144
130
135
135
128
160
127
156
113
120
160
142
129
115
131
132
112
138
105
113
133
102
128
117
113
124
131
114
141
114
118
124
116
105
117
104
101
106
121
117
116
135
90
117
113
96
127
109
103
122
120
120
115
97
111
112
123
112
105
128
95
121
116
114
112
100
112
111
123
120
114
109
111
100
127
122
111
116
123
113
124
118
120
124
107
100
116
118
125
102
82
99
118
130
97
76
109
102
104
87
91
89
93
92
81
87
94
89
69
73
78
78
77
73
70
75
77
76
69
73
64
70
74
84
55
74
57
70
52
63
57
38
71
46
51
57
62
58
52
61
57
63
51
63
55
51
53
69
64
51
49
57
42
58
54
60
50
61
55
42
61
53
51
60
49
36
61
61
66
50
46
49
45
47
64
49
65
49
59
47
53
51
53
59
62
35
61
56
53
86
61
70
54
55
60
53
51
57
64
75
57
68
66
63
54
53
61
57
69
75
73
63
63
75
61
63
76
74
70
79
87
76
87
89
82
87
126
114
122
140
162
153
187
176
206
216
212
238
286
294
311
305
340
367
398
389
442
438
517
464
487
501
504
491
479
533
522
503
485
545
522
489
448
443
434
393
388
348
342
355
300
256
252
238
226
209
177
164
172
122
144
118
109
111
77
75
70
73
79
63
64
54
58
46
49
57
38
44
39
46
41
31
37
44
45
25
26
37
38
38
36
45
32
27
26
34
29
31
33
25
35
30
31
26
32
32
29
28
28
33
27
35
25
32
22
35
22
26
31
31
18
26
30
23
23
34
21
25
33
30
22
21
25
30
20
34
31
21
21
25
27
30
29
17
34
22
29
28
20
17
21
21
26
28
20
27
25
21
28
24
26
24
22
33
27
19
29
24
21
17
19
20
23
26
19
22
15
18
22
27
21
12
18
16
16
21
19
13
22
13
16
23
14
23
13
22
15
17
22
19
17
16
24
15
30
17
20
20
18
16
12
19
22
26
19
20
17
21
19
17
29
21
14
19
18
13
20
14
27
16
27
19
19
26
20
19
26
26
26
33
21
33
25
38
34
44
30
35
39
34
25
27
29
30
31
22
43
40
29
32
40
41
27
27
29
31
25
42
33
29
30
31
28
19
19
22
22
20
22
23
17
18
16
32
22
16
17
22
20
15
20
17
22
17
11
20
15
13
18
13
16
13
11
14
8
13
17
15
16
11
16
15
11
13
14
13
13
19
15
19
20
16
15
21
10
11
8
15
15
10
17
15
21
11
12
12
14
17
15
17
12
10
13
18
12
11
12
15
16
14
10
14
15
13
14
13
15
16
15
12
10
14
19
8
14
13
18
17
10
10
16
6
9
8
15
9
11
10
11
10
11
7
11
12
19
8
11
10
6
13
4
16
14
6
16
13
20
9
15
7
6
7
26
14
16
8
17
13
15
11
8
18
9
20
16
9
20
11
10
10
17
4
11
8
12
12
20
15
13
17
13
16
10
11
7
11
16
10
12
9
14
11
13
9
15
13
14
10
7
15
14
12
10
11
10
8
12
7
15
10
8
7
13
13
9
13
9
12
16
16
6
8
12
16
12
9
10
9
10
7
13
12
14
14
17
15
10
12
23
19
21
12
13
16
15
17
12
10
25
12
17
24
18
19
13
12
11
16
10
17
18
16
12
18
13
13
27
21
21
20
11
24
15
15
22
23
19
14
19
18
11
20
12
17
9
13
15
15
17
14
14
19
19
21
16
16
17
17
15
11
10
8
13
17
18
27
21
19
20
16
13
19
11
22
18
22
23
16
16
7
17
21
18
10
16
18
23
10
19
20
22
15
18
13
17
19
12
30
9
10
14
17
19
21
18
9
17
16
12
19
11
18
16
22
14
10
10
20
9
9
14
18
11
12
14
9
5
9
13
11
13
17
13
16
16
15
12
15
11
14
8
13
12
14
14
14
15
9
12
12
16
18
10
18
9
14
11
18
14
16
16
10
12
14
26
17
15
11
14
16
12
16
11
22
6
11
8
11
13
16
14
11
11
13
22
10
19
17
10
9
20
19
13
14
6
17
13
18
13
11
18
13
17
15
9
12
11
14
16
12
16
5
10
12
15
13
14
9
12
10
13
14
19
14
9
11
10
7
7
12
6
11
10
14
10
9
13
14
11
8
9
3
5
12
14
9
12
10
13
8
14
12
6
17
9
12
13
20
6
7
13
7
14
8
11
11
9
10
9
11
11
13
9
10
9
8
11
9
12
7
9
5
11
8
6
10
8
11
5
13
14
11
9
6
7
10
3
9
12
12
7
11
13
8
14
11
5
9
7
10
11
4
6
9
12
9
11
11
15
10
10
6
9
7
13
14
5
13
7
8
10
11
5
13
3
3
7
7
8
7
16
8
12
4
8
12
7
12
13
7
15
12
17
10
6
9
11
22
15
17
15
16
24
14
23
30
29
27
16
25
32
22
27
26
31
28
35
23
29
34
27
22
28
29
23
40
30
32
32
24
29
29
28
37
36
38
22
34
39
26
25
25
19
32
21
18
23
22
14
22
28
13
22
12
14
16
11
16
7
11
9
14
11
16
8
17
11
11
11
8
8
9
11
7
10
9
14
6
11
10
4
8
13
8
14
9
7
6
12
7
7
11
9
4
6
10
7
4
6
4
5
12
8
7
10
8
8
9
4
8
10
8
4
8
6
3
11
12
8
8
7
6
13
8
8
8
6
1
6
3
4
5
10
10
7
4
12
10
7
10
10
5
11
9
10
14
8
8
7
5
8
5
9
9
10
9
5
6
9
7
12
5
10
7
10
10
9
6
5
8
8
6
14
$ROI:
43
143 193
144 194
424 531
429 529
440 544
440 545
440 549
443 544
443 553
490 516
604 1134
679 1395
690 1434
772 934
800 953
827 855
828 856
840 1946
849 1974
857 2002
872 900
880 1058
887 915
914 1083
1010 1038
1208 1258
1345 1375
1418 1448
2436 2526
3229 3279
3607 3645
6449 6521
6459 6531
6463 6535
6464 6536
6467 6539
6471 6543
6482 6526
6489 6513
6497 6521
12997 13047
12999 13049
13000 13050
