$SPEC_ID:
GAMWIN
$SPEC_REM:


$DETDESC:

$DATE_MEA:
09/25/2025 15:42:06
$MEAS_TIM:
56348.54 57218.58
$MCA_CAL:
3
1.32118272781372E+001 1.29107522964478E+000 0.00000000000000E+000
$DATA:
0 2047
0
0
0
0
0
0
0
0
0
0
0
0
0
0
0
0
0
0
0
0
0
0
0
0
0
0
0
0
0
0
0
0
0
0
0
1981
1979
2174
2178
2320
2477
2643
2647
2912
2939
2914
3057
3297
3486
3937
4303
4457
4478
4277
4120
3779
3519
3248
3144
3153
3152
3038
3079
2815
2825
2516
2328
2145
2053
1920
1815
1748
1706
1768
1680
1720
1644
1631
1595
1684
1649
1625
1587
1676
1645
1578
1699
1655
1665
1703
1703
1680
1608
1613
1626
1600
1599
1626
1536
1556
1653
1620
1636
1666
1537
1572
1533
1561
1512
1507
1536
1467
1532
1443
1467
1447
1441
1399
1390
1377
1471
1388
1434
1416
1416
1500
1469
1577
1516
1585
1552
1605
1538
1534
1471
1450
1384
1424
1355
1320
1319
1303
1301
1276
1337
1261
1325
1250
1325
1344
1308
1313
1321
1208
1245
1293
1250
1350
1468
1426
1485
1683
1870
1940
2100
2282
2384
2338
2453
2479
2502
2360
2227
2033
1862
1676
1523
1395
1228
1095
1134
1005
996
1032
976
974
957
979
997
948
1003
1050
1059
1017
1017
1015
1002
969
1011
992
1000
1068
1133
1065
1078
1122
1183
1285
1288
1282
1321
1257
1148
1149
1135
1017
969
887
864
811
789
759
771
708
673
674
694
681
738
701
669
765
775
826
813
878
881
917
919
969
1029
1054
1112
1155
1201
1282
1320
1334
1353
1354
1364
1271
1316
1248
1134
1072
1019
892
795
702
681
624
601
567
495
512
472
489
491
440
415
475
451
434
443
433
408
460
483
456
440
452
439
443
435
423
404
453
440
419
405
424
420
439
440
399
375
409
400
362
397
349
391
355
366
364
370
387
383
378
391
368
393
324
345
341
348
387
348
342
374
378
358
401
381
386
367
363
382
358
376
405
389
365
361
366
359
379
356
347
370
327
339
308
318
346
343
337
345
319
351
325
315
336
356
339
358
396
392
420
395
406
435
448
434
417
434
415
442
419
432
406
387
332
356
337
321
313
298
314
287
326
291
271
289
296
283
278
282
261
286
270
259
292
321
283
298
286
296
306
302
284
304
313
341
320
357
336
388
406
446
438
429
465
465
502
524
526
549
553
553
588
561
553
563
567
508
582
576
599
636
594
613
636
597
670
661
675
656
687
631
629
640
639
534
465
487
445
401
368
346
322
294
288
301
253
226
236
237
234
211
243
246
206
236
209
220
277
238
248
217
226
220
238
244
226
220
235
236
245
234
231
245
232
229
226
242
235
192
256
212
227
234
204
213
228
257
210
223
208
231
214
217
213
214
246
215
203
231
189
224
214
213
228
218
227
256
260
259
241
279
263
239
267
265
216
249
252
236
281
218
229
221
225
233
227
227
215
235
241
230
242
253
203
218
242
233
247
231
245
223
264
233
218
250
243
233
252
225
236
224
225
259
249
232
226
244
240
231
231
239
227
233
226
234
250
221
235
199
219
205
206
209
201
215
192
202
216
207
184
231
220
208
222
202
204
198
207
183
183
197
198
193
203
209
203
193
214
191
199
212
215
210
190
204
220
239
225
264
214
216
217
247
226
247
232
234
238
237
255
225
240
244
253
239
250
246
249
245
236
205
237
253
234
223
247
242
260
259
253
281
255
277
276
269
297
299
292
319
318
308
296
307
344
304
257
315
267
263
254
252
235
237
230
256
215
234
243
220
247
241
226
213
222
259
238
230
219
259
222
253
252
241
280
250
243
273
271
250
265
281
223
239
249
255
291
234
288
262
222
219
203
206
202
218
184
198
182
216
190
169
163
185
171
185
175
173
191
169
151
174
161
173
163
175
158
171
180
173
163
175
140
168
175
160
171
164
156
180
188
168
181
157
184
149
174
167
155
186
167
176
183
176
162
156
182
176
192
192
192
183
176
171
159
151
176
208
180
173
172
166
168
194
162
195
184
197
159
185
188
186
174
190
181
191
212
206
204
198
174
216
225
175
212
244
264
233
240
227
255
252
229
228
241
236
249
233
217
216
231
217
198
240
226
214
226
205
173
219
221
182
196
204
183
182
210
187
209
196
208
202
191
164
183
171
198
180
168
167
185
196
183
182
168
170
206
196
183
175
185
158
190
198
156
180
196
202
181
176
194
187
199
180
188
191
184
188
223
217
195
202
190
189
186
189
186
226
166
217
189
191
170
188
172
187
205
191
187
206
192
172
152
162
170
155
180
169
160
174
148
184
155
136
161
129
153
124
130
138
128
133
120
115
123
108
112
90
93
102
113
108
122
95
96
92
95
104
104
108
102
92
92
97
77
79
78
96
83
90
77
75
70
86
71
85
76
83
83
74
86
81
83
75
79
83
75
86
75
73
68
93
68
82
75
75
79
85
69
98
66
73
83
80
78
87
71
94
70
76
74
81
91
88
78
83
69
93
91
97
79
97
90
86
84
81
94
78
96
90
99
77
83
107
84
88
95
112
105
101
87
121
92
105
128
110
120
122
118
126
127
168
161
173
161
192
185
209
256
245
262
275
310
317
419
384
431
456
491
501
583
588
620
702
697
778
756
824
832
828
822
880
939
876
933
950
922
916
868
875
866
769
758
680
689
687
650
610
534
530
454
457
375
358
327
318
262
268
235
221
177
202
152
140
125
110
104
112
96
78
89
85
71
61
76
62
55
66
47
59
46
48
44
41
43
54
41
51
54
38
46
49
41
44
37
38
42
40
27
34
36
35
34
29
26
23
37
34
25
40
35
57
40
37
37
41
49
33
46
42
42
35
29
34
41
44
40
41
31
43
44
24
38
45
39
44
37
38
30
45
29
36
36
28
44
48
32
39
46
31
40
36
37
35
50
35
45
48
32
41
38
23
32
26
28
25
27
24
29
26
24
27
26
31
29
33
27
17
31
20
25
23
20
35
30
24
26
23
18
26
21
33
29
27
24
25
26
29
28
19
34
25
18
19
15
19
35
21
23
21
28
28
27
25
21
34
32
28
26
29
31
35
24
31
34
35
41
43
38
40
41
33
45
37
37
53
41
45
48
39
52
49
52
48
56
60
55
42
50
55
55
45
60
63
45
46
51
58
54
54
58
55
58
56
48
49
61
36
43
30
44
32
49
41
43
36
36
32
34
44
31
24
29
32
20
22
32
21
36
22
23
22
26
24
16
27
25
21
18
18
18
24
22
21
22
18
18
26
21
22
27
16
14
27
17
20
23
20
21
22
21
32
22
17
24
24
24
24
23
28
24
27
21
19
25
19
15
8
21
24
19
16
23
23
23
13
22
11
17
21
22
10
23
19
17
16
21
21
16
11
15
15
8
22
15
17
14
18
10
21
16
20
13
17
20
15
12
12
17
12
12
19
26
11
13
14
13
12
15
19
15
19
15
17
19
15
14
22
18
17
15
22
14
20
10
12
16
20
12
14
15
17
20
14
16
24
17
13
13
23
12
15
13
13
11
20
17
10
9
12
16
11
21
10
13
14
12
15
16
13
9
13
10
29
15
19
17
10
12
11
17
19
15
18
20
13
13
21
8
16
19
20
14
13
13
20
17
16
15
10
15
12
13
10
17
13
13
16
12
21
19
20
18
18
21
22
9
14
12
19
25
9
23
15
13
21
13
15
16
14
20
17
25
23
25
25
31
30
18
25
22
33
34
17
16
27
22
20
23
25
19
28
24
22
24
18
25
15
23
22
13
20
20
22
13
26
18
14
11
22
26
11
17
15
22
20
26
12
10
12
21
25
31
30
22
16
18
27
23
23
13
25
24
24
19
22
24
18
27
19
29
20
16
15
25
17
18
35
21
21
27
30
20
24
32
30
29
24
30
26
22
30
31
14
26
34
18
19
12
26
24
16
19
27
20
12
15
25
16
16
23
19
24
18
15
21
13
22
16
16
22
22
15
17
8
11
13
25
18
15
21
21
23
18
14
21
22
17
18
18
19
18
15
16
15
16
19
12
8
15
19
10
15
19
17
17
14
13
18
19
21
18
12
16
15
18
15
16
18
14
16
18
29
22
18
12
17
16
21
20
17
20
13
23
13
17
17
13
16
14
25
10
16
14
13
24
23
7
27
22
13
18
13
13
17
16
15
15
12
16
20
20
11
16
10
13
17
11
11
11
7
7
11
14
19
21
10
11
12
21
11
8
14
18
6
10
11
8
19
13
21
14
18
19
13
11
18
11
10
10
16
17
12
13
13
10
17
13
15
8
12
11
14
16
13
8
8
19
10
22
16
11
14
8
6
7
18
13
12
7
14
16
12
12
8
11
12
10
9
8
13
11
12
17
11
13
10
7
10
7
15
7
8
8
9
8
10
13
11
13
10
10
13
10
15
5
5
14
14
9
10
18
11
12
5
16
16
4
15
13
13
12
16
6
12
24
12
12
19
20
16
9
14
17
22
16
11
15
24
23
26
24
19
23
20
38
22
25
24
28
29
43
30
32
32
37
29
40
39
41
34
49
36
42
44
36
46
36
53
46
48
43
34
48
45
33
42
39
40
41
36
45
37
31
32
35
32
32
23
22
22
31
20
21
17
19
23
18
18
13
14
19
11
17
14
14
6
12
17
8
7
5
6
13
9
19
10
16
11
15
14
6
8
7
9
9
11
14
10
8
11
9
12
9
9
9
14
4
14
8
10
7
9
4
4
9
7
8
7
7
11
4
7
6
6
6
8
8
6
12
4
14
7
12
11
13
10
10
9
9
6
6
11
5
12
14
8
7
8
3
10
12
7
9
7
12
10
9
9
8
9
9
9
6
19
9
5
12
7
8
8
8
8
8
10
5
6
9
6
$ROI:
43
143 193
144 194
424 531
429 529
440 544
440 545
440 549
443 544
443 553
490 516
604 1134
679 1395
690 1434
772 934
800 953
827 855
828 856
840 1946
849 1974
857 2002
872 900
880 1058
887 915
914 1083
1010 1038
1208 1258
1345 1375
1418 1448
2436 2526
3229 3279
3607 3645
6449 6521
6459 6531
6463 6535
6464 6536
6467 6539
6471 6543
6482 6526
6489 6513
6497 6521
12997 13047
12999 13049
13000 13050
