$SPEC_ID:
GAMWIN
$SPEC_REM:


$DETDESC:

$DATE_MEA:
09/26/2025 07:36:43
$MEAS_TIM:
236101.43 261141.92
$MCA_CAL:
3
1.32118272781372E+001 1.29107522964478E+000 0.00000000000000E+000
$DATA:
0 2047
0
0
0
0
0
0
0
0
0
0
0
0
0
0
0
0
0
0
0
0
0
0
0
0
0
0
0
0
0
0
0
0
0
0
0
68528
72196
76786
82202
87513
93683
99343
104857
109468
113042
118646
127612
140471
158370
176936
194384
205187
205673
196288
181249
165260
151743
141536
136722
134687
132457
129576
124951
118500
110193
101323
92989
85024
78228
73480
70414
67939
65948
64231
63197
62303
61964
60813
60113
59183
59167
59133
59015
59922
60275
61439
63057
63613
65351
65851
66131
66035
65493
64889
63653
63109
62051
61718
61584
61095
60840
60952
60375
60699
60299
59839
59283
58535
57713
57303
56171
55670
54774
54008
53009
52762
51748
51524
50703
50538
50517
50297
50815
51783
52180
53153
54176
55493
56215
56579
56952
56525
55587
54536
53070
52474
51171
50666
50467
50258
50481
50411
50537
51518
51781
52370
52777
52244
51270
51192
50279
49526
48940
48528
48478
49702
51091
54299
58415
63956
71991
80371
89656
101226
110885
120571
127455
131525
133536
131082
124923
117050
106822
95010
83262
72418
63221
54920
47932
43395
39760
36832
35452
34378
33720
33554
33838
33648
34426
34157
35136
35023
35239
35150
34761
33985
34363
34208
33666
34045
34507
35181
36136
37412
38722
40004
41274
41414
41765
42278
41527
40610
38881
37046
35251
32824
31021
28871
27315
26044
24639
24028
23209
23233
23434
23654
24416
24866
25662
27278
28320
29621
31456
33258
34567
36032
37909
39029
40431
42216
43484
44028
44826
46318
47136
47153
47132
47427
46971
45448
44005
42215
39689
37281
34626
31880
29186
26439
23776
22039
19910
18743
17491
16145
15552
14935
14809
13935
13831
13930
13588
13763
13557
13753
13437
13653
13465
13520
13495
13666
13708
13687
13669
13809
13863
13977
14125
14068
14077
14022
13995
13636
13636
13402
13256
12912
12594
12465
12152
11840
11737
11608
11301
11181
10958
10952
10725
10783
10764
10822
10645
10538
10338
10534
10603
10725
10890
11023
11237
11549
11882
11912
12170
12314
12635
12607
13005
13165
13229
13324
13172
13138
12898
12802
12590
12107
11997
11564
11120
11022
10673
10349
10238
10055
10059
10068
9930
9778
10037
10051
10308
10626
10686
11111
11396
12060
12201
12787
13212
13566
14040
14338
14555
14837
14929
14696
14460
14230
13770
13643
12867
12423
11849
11385
10814
10473
9972
9760
9479
9172
8846
8793
8616
8570
8369
8449
8508
8398
8466
8466
8643
8601
8831
9075
9019
9139
9537
9950
10165
10743
11327
11938
12396
13203
14217
15103
16088
17447
18688
20086
21376
22126
23458
24210
25306
26037
26286
26628
26457
26518
26088
25746
25403
24880
23959
23888
23783
23101
23156
22968
22850
22751
22565
22714
22614
22000
21953
21300
20685
20044
19198
18100
17233
16115
15115
13956
12988
12101
11074
10426
9588
8865
8411
7937
7521
7329
7032
6892
6760
6834
6600
6480
6459
6278
6552
6406
6491
6378
6500
6637
6473
6588
6444
6605
6455
6542
6432
6530
6496
6401
6371
6476
6376
6437
6341
6295
6243
6400
6139
6089
6271
6400
6131
6245
6298
6281
6263
6260
6261
6378
6401
6629
6464
6578
6598
6684
6840
7071
7270
7328
7361
7720
7610
7929
8133
8266
8406
8595
8644
8687
8708
8906
8691
8656
8543
8454
8336
8388
8101
8056
7435
7505
7250
7190
6904
6874
6815
6775
6718
6703
6828
6684
6822
7001
7153
7064
7229
7263
7127
7543
7450
7419
7592
7557
7480
7514
7355
7278
7428
7554
7404
7524
7446
7329
7205
7193
7277
7169
7107
7078
6863
6669
6777
6597
6470
6367
6325
5984
5811
5704
5601
5504
5321
5461
5296
5247
5070
5095
5135
5084
4983
5081
5125
5189
5213
5234
5298
5342
5459
5410
5448
5593
5549
5638
5668
5627
5815
5799
5710
5797
5856
5869
5818
5884
5908
6060
5850
5944
5937
5733
5934
6030
5849
5861
5812
5747
5593
5674
5522
5644
5566
5474
5603
5717
5809
5906
6209
6207
6629
6877
7287
7663
8083
8401
9165
9452
9864
10582
10880
11516
11904
12225
12570
12516
12696
12905
12940
12772
12724
12520
12149
11827
11318
11165
10401
10183
9695
9077
8482
8226
7683
7504
7369
7030
6802
6754
6714
6515
6515
6594
6806
6947
7176
7182
7546
7873
8049
8341
8747
8991
9257
9334
9715
9899
10001
9872
9933
10000
10023
10015
9758
9269
9350
9124
8782
8285
8047
7563
7173
6889
6402
6117
5804
5718
5121
4858
4733
4550
4314
4223
3996
3823
3871
3774
3613
3553
3576
3449
3457
3311
3421
3322
3331
3297
3307
3202
3308
3256
3157
3265
3150
3176
3213
3302
3074
3301
3219
3311
3195
3319
3248
3228
3249
3071
3319
3285
3251
3332
3337
3260
3372
3316
3418
3376
3403
3454
3342
3413
3376
3488
3520
3461
3452
3512
3447
3505
3459
3498
3805
3560
3753
3581
3744
3726
3857
3894
3821
3980
4044
3951
4128
4162
4334
4315
4542
4631
4473
4739
4844
4882
4941
5026
5071
5167
5280
5293
5351
5240
5267
5170
5189
5220
5291
5107
5028
4974
5030
4826
4637
4640
4583
4435
4294
4294
4166
4042
3981
3930
3889
3827
3771
3726
3677
3610
3606
3528
3625
3516
3520
3521
3423
3478
3473
3345
3367
3499
3394
3299
3409
3343
3412
3391
3368
3296
3276
3317
3216
3250
3170
3334
3249
3410
3241
3334
3314
3259
3182
3254
3384
3215
3303
3290
3354
3433
3378
3399
3443
3371
3420
3508
3542
3545
3600
3554
3649
3705
3675
3714
3737
3656
3653
3688
3660
3685
3660
3552
3530
3514
3550
3472
3471
3340
3315
3238
3149
3162
3065
2967
2940
2904
2824
2754
2599
2603
2595
2569
2500
2440
2464
2348
2330
2263
2263
2178
2201
2171
2200
2068
2062
2055
2092
2060
1993
2075
2010
1881
1957
1923
1885
1822
1859
1738
1804
1715
1781
1777
1703
1715
1631
1670
1633
1660
1655
1662
1548
1666
1648
1632
1568
1537
1556
1772
1565
1582
1609
1564
1570
1529
1633
1558
1551
1659
1595
1656
1677
1640
1638
1665
1652
1709
1762
1732
1766
1781
1839
1863
1920
1869
1892
1926
2008
1943
1984
2073
2065
2109
2037
2185
2146
2091
2155
2038
2198
2091
2183
2256
2114
2130
2247
2149
2224
2178
2214
2197
2299
2258
2222
2217
2274
2293
2292
2473
2514
2513
2689
2612
2809
2910
3092
3168
3458
3540
3773
4086
4431
4665
4896
5144
5625
6241
6611
7150
7247
7902
8747
8957
9664
9937
10315
11070
11349
11925
12268
12682
12822
12935
13078
13282
13216
13143
12964
12921
12543
12388
12009
11737
11044
10531
10202
9856
9101
8570
7900
7485
6946
6410
6084
5597
5118
4885
4533
4238
3726
3492
3172
3006
2842
2591
2551
2332
2160
2093
2033
1868
1816
1823
1678
1615
1547
1490
1516
1419
1418
1387
1372
1318
1308
1311
1143
1193
1174
1161
1195
1117
1204
1164
1125
1106
1152
1077
1062
1128
1054
1060
1099
1142
1143
1095
1125
1140
1163
1160
1259
1287
1258
1260
1320
1402
1366
1405
1528
1505
1542
1537
1562
1622
1728
1689
1714
1831
1714
1797
1793
1874
1918
1754
1777
1798
1792
1752
1837
1707
1711
1757
1771
1719
1723
1656
1671
1622
1520
1667
1604
1599
1537
1481
1542
1488
1468
1518
1425
1387
1398
1329
1213
1312
1372
1302
1265
1274
1243
1217
1272
1130
1079
1173
1110
1057
1062
1023
1007
1013
987
962
930
899
896
919
881
857
881
842
838
844
892
850
865
846
791
829
756
816
801
820
777
845
844
810
816
826
852
783
839
851
830
894
930
906
855
890
974
867
977
951
928
1003
996
964
1007
1108
1051
1127
1151
1206
1289
1243
1279
1274
1288
1329
1335
1355
1387
1469
1425
1563
1548
1578
1618
1589
1708
1757
1717
1767
1765
1814
1873
1806
1780
1904
1810
1865
1758
1757
1742
1766
1709
1663
1642
1652
1531
1595
1409
1430
1410
1338
1322
1250
1180
1097
1134
1057
1047
996
935
906
884
827
825
839
766
792
806
794
699
676
767
711
677
725
744
681
744
737
754
742
756
734
756
751
709
746
788
773
777
772
747
745
748
833
754
784
754
793
759
767
738
731
775
740
694
726
712
743
700
690
725
697
753
698
664
693
673
690
677
652
715
681
648
620
663
609
635
628
588
626
603
568
619
587
598
599
601
634
620
578
577
618
607
594
596
598
550
606
553
581
579
558
560
591
559
567
592
598
570
589
561
579
590
570
572
574
592
587
535
584
575
568
562
508
582
558
577
541
531
497
529
532
600
534
519
542
505
560
544
514
535
536
554
532
541
552
536
515
516
568
553
524
518
536
532
525
578
550
538
552
492
550
543
527
548
524
540
553
505
544
491
580
479
492
586
539
582
543
574
557
523
539
548
533
576
554
540
559
567
564
565
588
580
534
566
570
598
598
548
630
593
627
636
655
644
649
656
668
672
663
714
765
781
759
806
791
864
852
867
906
933
917
950
1020
1012
1013
1074
1102
1144
1105
1095
1105
1101
1139
1141
1150
1178
1240
1159
1163
1120
1155
1075
1152
1133
1066
1011
1048
1130
1060
1033
1028
969
921
907
892
900
877
860
829
799
768
784
753
751
758
746
703
717
776
719
709
700
741
749
733
701
710
775
759
748
730
788
757
737
763
777
801
769
849
814
867
810
811
905
837
914
910
896
880
906
897
891
912
937
904
887
909
888
890
937
912
877
807
880
863
885
864
871
782
826
872
765
842
828
742
776
781
739
743
742
741
714
702
706
745
712
695
726
664
679
684
653
658
704
755
670
634
660
646
683
636
691
691
715
700
670
688
673
702
729
715
711
650
680
667
628
661
717
733
718
717
735
713
717
712
742
740
691
656
636
631
727
675
692
681
677
659
696
696
708
694
679
654
693
730
620
663
652
640
673
648
672
672
708
664
678
654
699
642
683
631
648
620
625
666
631
676
608
610
600
622
629
589
585
645
581
589
621
571
622
539
595
531
589
531
530
524
517
539
531
529
464
488
439
469
443
467
465
448
457
426
458
449
440
387
424
413
436
392
397
465
424
413
434
401
405
413
425
352
393
406
405
432
388
379
428
387
335
387
386
381
395
371
352
370
333
339
335
302
298
331
334
313
281
287
286
305
316
269
281
299
276
288
243
270
269
259
239
226
228
233
216
254
246
254
230
232
229
222
215
207
248
216
198
204
214
230
232
225
229
230
233
218
224
217
257
232
240
210
259
255
255
277
264
264
291
259
296
310
304
331
316
319
337
411
384
423
407
437
408
491
479
515
581
613
633
661
767
759
874
878
991
978
1034
1097
1184
1235
1285
1350
1406
1482
1597
1628
1781
1843
1950
1992
2111
2097
2279
2304
2353
2385
2474
2481
2550
2654
2587
2579
2633
2619
2608
2601
2530
2496
2514
2447
2514
2412
2249
2295
2150
2062
2012
1923
1901
1766
1635
1552
1496
1374
1332
1301
1204
1116
1038
912
899
857
796
748
715
608
601
558
547
482
401
399
366
333
340
317
295
295
281
257
245
234
224
210
183
198
200
195
186
200
197
179
183
174
160
175
140
161
149
148
139
147
174
133
166
149
138
137
141
160
139
131
131
127
135
136
121
120
154
138
140
126
133
112
119
131
130
132
121
118
126
124
132
116
127
133
100
104
134
112
125
135
117
136
109
98
123
114
119
108
108
112
115
109
116
130
98
92
110
106
104
132
137
109
122
127
113
142
113
110
110
113
108
135
121
144
126
100
121
129
137
117
110
123
$ROI:
43
143 193
144 194
424 531
429 529
440 544
440 545
440 549
443 544
443 553
490 516
604 1134
679 1395
690 1434
772 934
800 953
827 855
828 856
840 1946
849 1974
857 2002
872 900
880 1058
887 915
914 1083
1010 1038
1208 1258
1345 1375
1418 1448
2436 2526
3229 3279
3607 3645
6449 6521
6459 6531
6463 6535
6464 6536
6467 6539
6471 6543
6482 6526
6489 6513
6497 6521
12997 13047
12999 13049
13000 13050
