$SPEC_ID:
GAMWIN
$SPEC_REM:


$DETDESC:

$DATE_MEA:
10/07/2025 07:08:57
$MEAS_TIM:
27244.31 28126.43
$MCA_CAL:
3
1.32118272781372E+001 1.29107522964478E+000 0.00000000000000E+000
$DATA:
0 2047
0
0
0
0
0
0
0
0
0
0
0
0
0
0
0
0
0
0
0
0
0
0
0
0
0
0
0
0
0
0
0
0
0
0
0
2824
2733
2950
3140
3341
3585
3758
4068
4049
4122
4238
4471
4817
5454
6005
6579
6919
6984
6662
6120
5511
5108
4640
4478
4433
4508
4362
4241
3978
3775
3395
2993
2798
2773
2512
2304
2274
2123
2148
2170
2107
2092
2036
2131
2015
2117
2083
2066
2009
2111
2161
2256
2160
2205
2233
2298
2315
2285
2203
2129
2102
2136
2085
2180
2052
2132
2108
1975
2105
2097
2062
1990
1970
2027
1942
2001
1913
1880
1828
1809
1776
1779
1774
1638
1781
1813
1690
1680
1828
1799
1887
1930
1874
1961
1966
1972
1955
1921
1958
1847
1787
1804
1725
1665
1626
1682
1663
1747
1727
1702
1721
1666
1639
1726
1723
1738
1611
1576
1699
1655
1678
1677
1829
1996
2062
2303
2525
2869
3241
3410
3789
3880
3966
4148
3915
3717
3427
3264
2774
2510
2131
1913
1729
1513
1375
1328
1249
1231
1145
1166
1179
1179
1271
1225
1205
1220
1211
1225
1229
1262
1201
1215
1267
1263
1235
1232
1250
1275
1321
1426
1535
1468
1587
1506
1512
1624
1499
1443
1430
1251
1122
1153
1065
967
879
886
807
802
814
805
831
856
880
818
936
968
1001
1020
1054
1153
1206
1198
1321
1372
1400
1484
1384
1632
1620
1679
1665
1669
1719
1703
1610
1675
1532
1466
1384
1312
1174
1108
1015
846
817
765
689
588
579
544
556
593
534
484
493
531
459
492
489
437
474
494
455
485
486
502
472
489
496
517
528
501
514
488
489
492
523
472
474
468
466
444
425
439
425
396
402
406
421
433
421
394
421
401
363
439
416
433
408
392
396
400
393
420
444
391
409
422
431
451
431
463
477
441
465
467
450
457
457
422
470
426
422
417
373
373
392
394
359
351
378
379
366
370
395
392
400
386
418
412
399
446
436
469
499
476
523
502
485
499
529
506
511
463
496
448
440
418
381
395
389
355
342
345
341
347
323
350
333
326
320
293
295
306
343
326
316
308
332
323
342
362
346
374
360
372
411
405
464
448
473
489
579
561
604
633
657
713
736
771
765
764
806
817
798
800
813
806
769
806
722
772
806
804
802
788
824
827
809
826
794
818
864
736
707
730
680
640
594
581
564
501
468
417
395
371
332
337
281
277
292
288
255
271
242
225
222
266
267
246
228
234
262
260
262
239
254
269
247
226
247
233
247
275
253
242
245
249
217
257
250
256
219
246
249
228
248
222
241
211
249
244
250
230
262
271
265
267
216
246
245
285
259
270
287
247
272
277
267
288
285
304
300
284
281
307
296
320
301
242
338
323
310
280
270
275
262
276
251
283
267
252
229
266
232
256
250
246
300
279
225
260
248
274
296
296
281
299
285
271
299
290
274
315
249
304
289
268
274
262
257
252
239
266
281
237
263
257
241
257
233
245
236
235
216
198
198
216
238
214
216
213
190
214
220
214
198
201
199
231
205
235
203
194
237
214
224
211
226
219
233
198
249
227
191
211
224
248
220
253
229
213
230
214
233
221
194
247
233
259
271
252
227
227
241
214
261
264
233
259
235
241
272
246
264
275
289
290
256
312
282
342
349
356
338
377
395
395
415
412
415
411
395
401
410
327
380
368
352
359
331
318
334
298
282
283
271
265
267
308
223
244
242
229
262
249
243
258
266
263
289
314
324
302
314
317
341
326
305
345
333
327
315
342
343
331
336
308
300
306
300
274
266
266
237
246
238
223
229
225
223
189
199
179
186
182
176
182
172
199
193
174
161
164
180
158
161
144
160
162
139
142
139
149
165
171
149
172
176
168
129
147
152
145
143
153
168
145
184
179
169
166
176
154
182
158
165
179
171
162
170
186
158
181
195
159
164
170
171
188
171
173
179
146
164
174
173
155
179
193
176
166
198
185
160
184
208
201
213
223
239
208
207
199
189
224
269
211
220
246
250
233
248
264
259
242
236
255
246
232
222
238
212
230
245
208
178
176
226
197
207
184
203
230
200
210
182
173
162
180
189
164
158
164
191
162
179
146
205
185
149
188
162
166
189
152
166
194
186
154
177
165
169
190
175
165
187
186
164
206
188
164
170
191
181
160
195
180
184
185
194
194
175
183
175
194
170
187
164
174
202
157
170
165
175
200
162
184
168
177
174
182
178
160
153
160
167
150
143
154
153
146
165
138
143
125
148
122
132
131
112
122
112
119
98
106
98
109
106
98
95
102
87
104
74
94
87
93
87
95
74
94
82
81
90
83
67
75
70
85
84
71
74
92
69
62
77
70
83
97
72
81
73
67
68
73
73
67
55
73
68
68
75
70
64
64
71
72
76
62
73
65
71
79
82
64
71
73
68
62
81
66
72
73
87
98
95
85
101
89
93
82
83
94
99
102
106
111
94
81
108
74
107
90
92
94
87
109
106
101
125
91
117
98
112
109
113
132
114
122
141
142
127
164
179
188
195
240
214
244
245
304
322
323
369
414
433
432
492
486
546
569
597
647
646
702
749
743
780
774
796
831
830
845
823
806
745
762
786
719
730
720
724
653
550
562
547
477
491
434
378
381
308
297
269
221
215
211
193
169
145
140
148
134
124
109
101
79
88
81
75
78
66
51
51
54
56
47
63
43
55
46
65
54
55
36
48
55
36
50
50
37
56
42
37
36
23
38
38
37
38
49
45
34
42
45
45
36
47
50
51
50
46
47
53
35
29
45
55
50
64
43
56
42
48
74
58
55
47
61
57
69
63
49
56
50
49
42
48
56
52
57
53
48
36
42
41
47
39
49
57
54
52
44
45
46
41
48
36
48
50
52
42
39
37
39
34
44
34
41
44
38
38
32
34
27
30
27
33
37
25
26
23
29
32
31
27
31
30
30
33
34
30
38
41
31
27
30
31
28
39
31
29
29
32
34
25
29
24
23
31
28
29
29
31
33
39
25
31
28
38
38
32
25
53
39
38
48
43
45
43
41
49
41
54
46
58
59
52
47
62
46
55
49
63
60
68
75
53
71
58
71
78
53
71
83
66
72
71
53
86
59
55
63
69
55
46
50
46
39
58
51
45
42
37
35
43
36
31
44
33
22
26
28
26
38
27
38
26
17
27
27
30
21
30
23
26
30
26
19
31
23
27
17
27
11
29
31
35
24
23
25
26
30
29
34
30
20
22
30
37
19
33
29
27
23
21
33
20
29
26
32
27
31
24
23
18
23
21
22
27
20
15
27
23
13
21
29
18
18
26
25
34
24
23
24
26
19
19
25
13
19
22
19
22
20
15
18
13
24
23
24
14
15
18
14
18
14
18
27
27
23
19
6
15
16
22
20
15
18
19
20
15
10
18
20
18
17
22
15
24
18
9
24
16
14
14
16
26
19
23
17
24
17
21
23
17
19
17
21
18
19
17
14
16
13
12
18
15
24
23
6
17
22
10
17
14
13
18
11
15
20
14
13
23
16
19
21
17
18
13
16
17
10
16
20
13
19
20
22
19
13
23
21
22
19
17
18
16
17
22
18
17
21
19
13
15
27
21
18
18
27
24
30
26
27
28
26
22
33
23
22
29
24
32
29
24
23
28
27
25
29
34
38
34
35
22
30
21
44
36
27
37
18
39
28
38
31
28
29
34
25
26
20
32
27
20
36
23
35
20
16
32
29
21
22
40
25
17
31
20
21
24
19
28
27
25
24
17
32
28
16
25
29
21
37
38
28
32
27
26
25
20
22
15
33
29
27
45
31
30
27
24
30
25
30
36
32
30
22
33
21
25
22
28
34
19
17
25
32
22
24
21
23
27
25
25
21
29
29
19
23
16
23
30
28
31
23
31
21
18
32
27
23
23
29
18
23
22
24
18
15
21
17
32
17
15
18
28
26
19
22
19
29
23
20
21
14
16
23
21
22
24
20
22
21
31
28
20
22
16
17
13
21
17
21
21
20
18
16
26
15
25
23
30
27
17
19
20
22
19
18
19
22
24
26
18
15
21
24
24
18
23
17
21
21
21
19
24
24
15
17
31
10
23
20
15
17
20
16
24
20
14
24
18
10
30
12
16
18
13
19
15
17
16
13
14
18
12
16
16
21
15
18
18
12
9
17
12
14
19
13
16
16
11
10
17
13
14
12
9
12
15
11
14
12
18
14
10
9
10
12
16
14
13
12
11
17
12
12
19
13
14
12
13
14
12
11
10
9
13
12
11
13
12
8
9
14
11
12
9
21
10
6
15
16
8
11
5
11
14
4
7
5
4
8
11
10
6
9
8
4
9
8
3
12
4
8
9
9
8
6
11
11
10
5
12
6
10
6
8
10
8
14
14
10
10
13
15
14
8
12
11
11
18
18
17
19
16
19
18
26
22
27
26
35
38
28
31
20
25
30
48
55
34
39
55
47
43
62
65
57
71
56
64
56
55
82
78
76
70
69
77
74
65
62
61
71
63
60
61
73
66
55
62
62
47
56
49
57
49
56
45
42
37
33
31
25
25
23
25
26
26
17
22
18
8
17
7
21
8
12
16
13
19
8
13
11
11
7
12
9
6
8
8
5
12
7
10
7
10
6
6
5
3
6
5
8
2
8
5
5
7
9
2
5
13
8
5
10
4
6
6
5
5
5
7
9
6
7
6
4
9
4
2
6
8
10
5
8
7
8
11
7
5
6
7
5
6
5
6
8
5
1
5
2
2
8
9
8
7
1
8
1
11
4
7
1
3
4
8
7
3
3
3
5
6
5
7
5
4
4
1
6
3
6
5
12
9
6
4
4
3
$ROI:
43
143 193
144 194
424 531
429 529
440 544
440 545
440 549
443 544
443 553
490 516
604 1134
679 1395
690 1434
772 934
800 953
827 855
828 856
840 1946
849 1974
857 2002
872 900
880 1058
887 915
914 1083
1010 1038
1208 1258
1345 1375
1418 1448
2436 2526
3229 3279
3607 3645
6449 6521
6459 6531
6463 6535
6464 6536
6467 6539
6471 6543
6482 6526
6489 6513
6497 6521
12997 13047
12999 13049
13000 13050
