$SPEC_ID:
GAMWIN
$SPEC_REM:


$DETDESC:

$DATE_MEA:
10/24/2025 15:15:11
$MEAS_TIM:
230766.85 232389.55
$MCA_CAL:
3
1.32118272781372E+001 1.29107522964478E+000 0.00000000000000E+000
$DATA:
0 2047
0
0
0
0
0
0
0
0
0
0
0
0
0
0
0
0
0
0
0
0
0
0
0
0
0
0
0
0
0
0
0
0
0
0
0
2387
2324
2267
2264
2478
2596
2569
2629
2663
2868
2791
2837
3046
3150
3296
3400
3750
3802
3863
3504
3572
3519
3323
3303
3306
3088
3044
3045
2932
2806
2698
2567
2418
2358
2260
2253
2129
2098
2118
2093
2091
2053
2120
2047
2068
2098
2027
2066
2002
2111
1986
2029
2030
1988
2068
1974
2008
1964
1930
1991
1985
2056
1977
2058
2026
2017
2039
2020
1990
1947
2038
1952
1991
1991
1958
1916
1858
1884
1789
1863
1850
1792
1769
1761
1794
1769
1789
1849
1838
1857
1826
1831
1965
1884
1922
1853
1912
1933
1867
1825
1821
1731
1733
1749
1797
1637
1678
1687
1688
1700
1707
1729
1711
1769
1711
1662
1773
1665
1614
1644
1748
1783
1726
1722
1776
1793
1787
1913
1919
1966
2006
2029
2065
2077
2033
2039
2016
1883
1909
1791
1674
1694
1604
1518
1549
1551
1427
1494
1417
1386
1458
1420
1393
1342
1428
1376
1408
1394
1408
1367
1423
1405
1325
1411
1333
1376
1404
1427
1465
1510
1494
1473
1518
1505
1616
1556
1485
1452
1438
1416
1363
1283
1238
1233
1234
1152
1143
1106
1068
1037
1035
1060
982
1000
1007
1063
1038
1016
1123
1034
1044
1074
1107
1132
1164
1204
1181
1299
1226
1324
1461
1409
1527
1443
1562
1467
1416
1499
1310
1358
1231
1178
1158
1048
976
902
851
866
844
851
804
803
783
825
773
799
757
748
776
736
768
716
727
760
729
734
726
718
709
695
653
693
731
708
695
682
634
704
679
642
673
610
668
600
652
670
589
657
649
622
569
597
606
595
622
598
643
633
597
597
618
568
586
639
646
610
623
589
622
581
620
574
593
573
607
608
598
601
595
560
557
567
571
603
589
573
572
579
589
578
585
569
563
624
588
619
605
613
585
628
652
645
677
698
762
697
756
824
786
763
819
696
745
753
763
716
682
664
657
600
604
566
583
550
483
544
539
461
478
510
435
480
473
475
422
457
456
471
449
474
443
452
464
458
453
470
457
479
495
472
482
488
435
456
459
459
493
481
457
497
493
509
558
495
540
545
530
555
594
614
630
596
665
671
695
716
690
700
772
725
689
700
749
744
724
749
723
692
684
616
612
561
516
505
469
474
448
428
447
429
408
432
412
395
382
408
348
395
383
422
409
393
421
409
411
424
392
422
342
394
378
377
365
381
377
395
342
388
384
382
363
364
387
382
353
361
393
365
354
360
359
358
360
368
389
381
380
358
350
387
383
341
384
404
348
364
389
379
425
391
359
325
356
349
390
367
391
385
390
352
364
365
346
360
353
332
395
352
338
339
385
367
385
340
394
354
333
387
365
359
358
355
379
358
386
372
377
381
421
361
381
389
365
380
348
378
388
393
376
332
386
398
376
372
359
378
370
343
344
339
380
367
316
358
368
324
346
321
352
315
349
356
358
357
325
358
409
349
323
365
398
351
383
372
342
338
368
369
357
381
345
359
364
390
381
384
384
410
382
425
397
398
442
472
423
461
479
471
504
510
514
521
518
493
526
516
510
507
527
479
438
427
431
426
431
408
411
376
378
382
370
444
357
394
349
339
375
371
404
368
347
360
389
342
345
342
371
387
387
361
333
375
382
381
363
382
357
358
378
382
294
367
359
357
357
334
371
360
356
320
358
380
332
329
337
372
353
347
341
329
365
384
341
326
371
361
361
315
336
349
354
345
308
337
353
355
330
325
322
328
299
293
334
298
278
315
326
285
276
320
276
339
283
317
301
316
249
309
293
286
312
301
297
297
242
300
277
284
314
294
298
310
282
299
285
280
291
279
283
312
302
325
322
281
313
301
267
277
270
302
277
307
302
301
285
264
306
302
298
298
297
293
282
317
276
319
300
320
300
326
312
311
316
316
316
318
312
290
325
322
306
318
318
337
310
323
347
329
334
349
366
320
368
297
341
337
341
369
367
319
325
336
361
380
346
373
365
353
354
296
319
334
340
340
331
337
349
328
325
332
288
310
318
306
307
327
330
310
327
364
307
319
305
345
299
324
324
335
318
320
319
328
273
319
338
343
307
290
352
282
312
308
310
303
284
323
289
294
316
341
315
308
329
303
271
317
299
298
302
330
289
301
308
290
301
293
323
312
320
324
351
291
308
285
287
302
255
278
290
285
251
284
267
237
263
247
218
251
211
238
206
216
220
203
233
225
215
217
236
204
214
196
199
182
181
189
173
185
185
198
207
179
189
193
159
164
173
172
169
182
180
203
175
159
161
195
177
163
154
166
162
164
178
149
154
172
168
162
153
161
155
148
170
162
170
151
158
181
158
166
149
178
162
170
179
149
161
162
158
157
159
149
165
148
141
165
162
160
152
161
181
179
167
153
176
152
157
174
170
166
171
200
190
166
169
179
186
170
199
156
195
195
192
215
213
236
234
210
207
248
219
244
248
274
277
324
346
333
346
390
394
401
426
442
529
590
588
631
671
709
817
824
852
912
982
1076
1100
1117
1165
1247
1228
1281
1340
1372
1384
1391
1379
1329
1371
1398
1362
1287
1278
1211
1158
1089
1067
994
943
905
852
791
725
703
655
550
522
479
445
386
379
340
327
323
272
254
245
205
209
212
176
168
164
148
137
175
134
137
123
119
90
98
113
95
110
123
100
113
110
92
98
83
91
85
115
97
106
94
96
110
102
84
92
60
76
76
86
67
70
70
65
78
66
60
82
68
73
77
53
69
71
74
56
62
67
66
75
61
67
59
56
72
65
62
60
56
50
53
76
73
71
55
51
49
58
58
60
54
59
60
57
55
63
55
67
57
52
52
36
56
55
56
47
57
70
48
42
62
54
47
52
60
60
59
53
51
59
62
36
75
41
52
52
36
62
53
40
50
57
52
57
39
55
50
46
65
44
60
56
44
57
63
52
61
85
51
52
50
54
59
50
53
47
59
53
47
51
53
68
74
64
45
58
48
59
58
52
49
80
62
64
72
69
61
67
69
88
62
61
71
76
73
82
65
71
76
67
80
83
66
75
81
78
86
79
82
69
87
73
70
88
85
83
69
67
89
79
64
88
75
70
79
74
60
66
59
43
71
60
63
54
50
45
49
44
63
58
48
53
49
47
37
44
45
43
53
45
39
63
51
33
34
36
56
34
39
41
49
54
36
30
45
42
47
42
48
35
45
46
45
50
41
37
36
43
40
48
49
38
35
28
47
33
37
43
32
33
34
37
30
41
38
33
28
38
34
35
32
31
31
31
38
40
36
22
42
38
39
31
26
23
39
45
30
44
24
31
37
30
35
29
33
25
34
32
44
40
36
37
34
39
31
32
28
27
31
37
28
39
41
35
37
32
19
39
33
33
25
31
33
39
32
30
34
27
27
31
34
40
40
38
29
47
32
31
39
27
31
30
45
36
35
27
32
40
37
38
29
34
31
30
31
33
32
30
25
31
33
35
24
37
33
45
32
36
35
37
30
35
34
30
33
27
33
31
41
44
34
37
26
28
27
37
26
34
42
34
39
31
37
33
22
26
29
32
30
38
27
36
34
38
35
26
26
35
29
31
28
26
24
34
21
40
26
27
33
25
24
29
34
33
26
32
23
34
30
27
33
33
28
34
33
35
24
42
34
39
47
32
40
38
41
42
30
42
18
42
30
40
41
50
42
33
41
50
37
41
39
40
39
36
49
27
48
56
40
33
30
40
45
42
46
47
45
50
45
37
30
43
38
39
47
57
34
46
34
48
45
45
43
46
50
48
41
44
33
54
44
44
53
37
48
48
33
46
40
42
44
31
53
36
49
40
40
47
42
45
37
40
55
31
36
49
43
43
42
37
42
38
39
42
41
38
40
39
34
39
43
36
25
39
39
40
29
32
36
45
30
35
46
31
32
28
39
40
38
47
35
36
38
29
38
39
33
33
40
34
35
33
39
41
44
38
40
34
32
31
33
33
32
45
36
30
37
34
40
31
30
35
27
35
40
33
25
42
29
31
30
44
33
34
27
29
30
36
33
34
29
32
39
41
23
34
28
30
29
30
37
36
39
34
30
31
38
17
31
23
39
43
33
28
30
47
45
30
34
28
20
40
30
34
41
32
38
30
31
30
34
34
26
32
41
29
29
36
30
39
38
27
34
41
37
40
39
35
32
30
36
36
38
33
45
39
36
32
26
43
30
46
41
30
32
26
39
36
31
36
40
31
22
48
35
39
36
39
34
28
38
47
37
37
33
39
31
35
38
29
35
33
34
25
33
40
37
30
42
29
41
35
39
38
32
26
25
34
35
41
33
29
25
38
32
24
26
28
32
32
39
36
27
29
40
35
28
32
31
28
29
31
38
36
45
23
31
43
29
32
31
45
33
49
38
33
29
37
30
35
35
40
38
35
38
49
37
35
50
32
43
50
36
37
53
57
44
50
48
46
38
56
53
61
32
45
45
65
40
62
45
45
43
41
40
42
44
58
51
45
51
62
56
42
42
41
42
51
40
42
39
46
39
35
46
44
31
36
33
37
33
48
25
38
32
34
21
39
47
34
34
39
36
34
34
26
24
31
33
36
32
37
34
31
29
29
29
29
31
30
23
34
25
32
42
27
33
33
25
31
29
24
36
24
32
41
34
28
25
37
21
30
33
30
33
31
40
39
30
27
37
32
27
29
29
32
30
23
28
30
40
36
27
30
35
29
28
28
30
32
28
29
37
36
24
28
29
26
33
32
32
40
45
37
45
37
30
37
38
32
22
34
25
42
28
35
28
41
41
33
40
28
29
30
43
27
$ROI:
43
143 193
144 194
424 531
429 529
440 544
440 545
440 549
443 544
443 553
490 516
604 1134
679 1395
690 1434
772 934
800 953
827 855
828 856
840 1946
849 1974
857 2002
872 900
880 1058
887 915
914 1083
1010 1038
1208 1258
1345 1375
1418 1448
2436 2526
3229 3279
3607 3645
6449 6521
6459 6531
6463 6535
6464 6536
6467 6539
6471 6543
6482 6526
6489 6513
6497 6521
12997 13047
12999 13049
13000 13050
