$SPEC_ID:
GAMWIN
$SPEC_REM:


$DETDESC:

$DATE_MEA:
10/13/2025 15:27:04
$MEAS_TIM:
57674.15 58865.40
$MCA_CAL:
3
1.32118272781372E+001 1.29107522964478E+000 0.00000000000000E+000
$DATA:
0 2047
0
0
0
0
0
0
0
0
0
0
0
0
0
0
0
0
0
0
0
0
0
0
0
0
0
0
0
0
0
0
0
0
0
0
0
3063
3133
3299
3223
3468
3690
3727
3981
4056
4205
4251
4432
4840
5155
5654
6046
6235
6290
6152
5629
5296
4912
4486
4456
4326
4218
4275
4077
3844
3685
3511
3190
2803
2880
2612
2538
2488
2419
2449
2280
2339
2292
2228
2386
2287
2200
2132
2260
2273
2308
2212
2291
2326
2343
2386
2338
2454
2261
2311
2350
2307
2377
2290
2272
2230
2149
2334
2241
2285
2145
2056
2215
2117
2119
2112
2057
2012
2060
2025
2000
1988
1943
1919
1914
1945
1924
1827
1865
1931
2061
2028
1987
2019
2038
2138
2073
2073
2043
1985
1985
1875
1779
1801
1796
1741
1739
1788
1865
1758
1726
1877
1871
1797
1855
1670
1808
1796
1783
1669
1706
1753
1769
1782
1873
1953
2174
2331
2537
2709
2967
3240
3320
3548
3559
3450
3311
3226
3054
2721
2441
2169
1923
1864
1674
1538
1460
1380
1301
1258
1306
1370
1355
1327
1378
1295
1298
1382
1331
1332
1385
1367
1353
1287
1308
1340
1333
1427
1424
1445
1480
1594
1662
1640
1633
1646
1690
1537
1584
1516
1425
1357
1250
1172
1100
1028
1059
946
953
939
948
924
923
973
929
1002
967
1041
1117
1124
1150
1096
1164
1247
1353
1345
1489
1431
1497
1573
1633
1702
1843
1794
1775
1699
1748
1709
1602
1523
1460
1333
1216
1162
1082
971
863
841
812
718
711
661
640
605
644
607
579
592
621
576
626
606
586
577
589
609
566
561
590
569
578
595
595
569
547
578
578
613
551
553
610
516
565
556
519
527
452
486
471
492
507
503
502
501
509
444
483
517
492
506
475
495
471
524
484
467
473
505
509
491
535
512
506
463
531
507
545
485
498
451
493
485
503
505
469
457
435
453
449
438
448
429
432
430
453
438
430
428
479
527
468
503
484
534
522
566
557
558
607
593
560
544
589
527
569
519
543
537
498
469
488
443
497
416
429
376
446
358
364
362
355
412
352
374
353
370
353
342
385
395
376
362
384
397
397
403
404
415
442
452
468
487
512
480
560
560
604
552
650
684
677
686
797
701
745
779
717
728
761
717
775
811
746
764
790
799
800
851
808
852
833
837
878
939
790
842
865
806
751
724
608
597
608
556
538
503
426
418
369
376
370
356
343
336
317
320
312
295
284
275
325
308
290
300
315
293
334
303
315
309
313
299
302
303
300
342
292
307
301
305
288
285
286
309
290
304
315
299
303
303
304
281
315
300
302
316
305
325
325
296
281
310
310
317
286
318
325
312
319
323
332
287
334
352
353
342
317
366
335
390
302
308
311
360
336
316
322
360
314
311
326
337
313
306
302
278
299
317
312
324
320
319
286
334
372
321
328
353
310
332
287
345
336
339
313
323
329
326
367
319
354
332
318
323
324
325
313
309
320
310
295
282
314
299
261
268
276
285
281
283
277
263
270
285
247
268
277
279
277
268
259
270
274
265
255
288
309
280
275
263
284
289
287
289
272
283
298
289
302
298
317
291
302
317
300
333
294
295
323
329
312
330
329
317
280
316
302
306
322
335
295
298
304
286
305
306
333
286
290
344
333
339
345
352
358
370
426
339
426
428
355
422
431
451
374
438
386
396
425
416
385
383
361
363
352
359
367
300
328
315
299
308
332
331
332
327
315
302
303
342
340
346
324
317
380
340
359
365
359
369
402
343
389
413
384
353
390
319
341
308
362
339
305
336
311
312
340
318
328
277
289
267
271
272
252
265
279
258
275
243
223
243
265
249
238
266
218
245
263
243
235
233
242
231
240
244
252
253
209
244
235
232
232
239
222
230
230
207
245
245
249
245
230
244
263
261
228
277
245
250
271
267
250
267
229
253
224
222
260
242
253
249
216
271
254
278
248
231
258
250
262
275
249
274
274
263
257
258
261
271
312
318
283
281
285
303
318
308
319
319
288
330
364
323
300
372
361
355
304
310
312
318
323
328
310
299
302
337
306
297
284
277
305
322
264
295
281
318
265
282
263
271
268
266
271
259
290
268
258
242
267
268
288
250
266
276
268
292
276
283
251
236
270
281
258
260
268
270
283
296
325
262
259
291
268
260
250
282
240
229
265
278
286
264
271
252
244
252
242
287
285
276
275
295
288
259
291
254
290
247
254
275
257
260
235
251
250
237
220
232
222
213
215
217
215
213
206
199
177
194
168
166
180
178
165
142
148
145
164
171
159
162
153
128
132
127
131
117
129
140
118
142
122
140
147
112
119
115
124
123
144
101
102
117
119
127
97
112
110
85
107
106
103
106
87
96
109
100
120
104
107
92
109
80
88
104
94
101
108
100
128
99
104
100
102
110
88
94
89
94
94
102
99
112
89
112
91
115
97
120
102
125
113
105
127
122
135
113
128
133
148
109
109
130
119
123
133
130
141
132
115
136
141
148
131
152
129
144
163
159
164
175
219
200
202
206
239
263
291
294
335
334
413
406
435
452
493
553
616
650
703
756
841
859
873
969
1038
1071
1149
1154
1265
1257
1289
1323
1324
1345
1380
1398
1317
1362
1302
1313
1315
1240
1164
1164
1125
962
1021
961
860
805
763
687
629
554
481
465
421
373
341
308
320
271
244
227
170
167
147
140
120
136
118
115
109
93
73
98
73
90
95
77
68
72
62
76
77
70
60
59
63
52
57
50
43
65
54
60
42
39
49
47
33
48
57
32
47
66
57
42
31
54
43
43
43
38
44
38
55
47
34
54
42
52
51
50
55
54
55
52
43
46
53
55
52
49
52
50
58
45
42
60
56
48
41
45
55
51
44
44
38
42
53
50
43
42
38
36
35
40
48
44
37
43
41
44
36
31
43
37
26
33
41
45
39
37
37
23
31
31
35
34
27
36
40
31
46
29
33
23
33
34
35
31
27
27
25
32
37
37
42
26
30
37
21
40
37
24
44
23
26
22
33
35
35
29
21
30
34
44
44
21
47
41
31
36
43
34
55
46
43
28
41
47
48
50
51
38
55
49
55
46
51
60
61
55
65
63
60
68
65
62
66
56
55
57
71
58
75
63
68
80
69
71
69
54
62
45
80
70
61
54
42
58
65
46
46
43
47
36
49
37
36
34
36
27
30
28
30
24
31
38
29
38
29
27
33
17
28
29
31
29
29
21
37
29
26
25
24
35
36
38
27
21
19
25
27
27
17
27
20
34
26
25
31
32
29
28
25
24
31
29
26
32
29
31
32
24
16
23
22
27
23
30
25
36
24
17
27
17
22
21
24
21
26
18
14
21
16
15
17
25
21
22
14
27
19
20
21
27
19
31
18
24
14
25
28
30
22
21
14
25
20
23
27
17
13
11
24
17
18
15
16
24
18
17
18
23
16
21
30
20
19
19
17
20
15
23
22
21
17
32
23
14
19
15
17
22
15
21
20
25
15
17
17
10
23
21
20
20
18
15
27
21
17
13
21
24
13
22
16
13
17
22
16
17
16
16
23
13
13
15
19
20
21
19
15
22
14
25
17
21
23
19
25
14
22
21
15
25
13
15
13
15
18
16
12
14
16
17
21
14
21
20
19
26
24
21
25
24
19
15
18
13
26
15
19
34
24
20
24
29
30
31
43
26
28
30
28
21
36
29
20
38
37
34
34
29
33
24
28
32
42
31
30
29
24
32
26
26
32
33
24
25
25
24
26
18
18
31
23
21
31
23
22
26
22
27
25
30
22
18
35
26
21
17
23
17
17
25
21
23
25
22
27
26
30
22
20
21
28
30
30
30
38
35
30
34
32
42
41
31
30
25
33
24
34
25
21
28
40
37
40
28
32
25
25
26
29
24
24
18
19
27
32
24
22
26
22
29
28
19
24
23
17
18
26
13
19
23
26
22
20
17
21
25
17
24
18
11
18
25
25
22
18
24
21
12
23
19
26
17
20
13
21
16
26
23
26
17
20
26
12
18
23
20
14
19
20
18
14
20
23
22
23
19
11
19
24
15
19
15
26
33
24
18
25
16
19
17
31
17
14
21
14
14
19
21
25
15
21
11
18
23
15
17
18
18
20
19
18
20
25
18
16
21
17
17
12
26
15
13
20
14
16
17
18
14
23
14
19
14
14
10
18
14
11
18
17
7
11
12
16
14
11
18
14
10
8
24
17
16
17
16
20
16
14
23
17
20
13
18
10
21
13
19
10
7
17
21
14
10
16
18
18
13
18
18
18
12
6
17
16
14
22
12
11
20
8
12
11
14
11
12
16
19
16
24
9
12
14
18
13
12
11
13
10
11
12
10
11
19
8
6
12
9
19
12
12
9
9
7
18
12
15
10
7
12
13
12
17
15
11
10
11
8
14
14
15
9
11
12
11
19
13
17
13
22
28
21
14
19
15
22
19
12
28
24
19
28
22
23
27
30
30
32
31
29
37
35
45
33
41
36
56
44
51
63
61
43
55
63
51
54
56
60
57
50
55
58
53
58
62
65
59
53
52
50
39
44
52
58
53
42
49
40
41
36
37
42
42
27
34
22
24
22
25
25
22
17
14
19
21
16
18
16
14
9
13
8
9
13
8
10
11
6
8
9
7
12
13
15
10
7
11
10
9
10
9
11
11
10
13
9
9
10
5
9
11
8
8
8
11
11
7
5
8
6
13
8
10
6
6
10
14
11
8
7
9
9
10
8
12
9
8
11
8
14
8
8
9
8
9
13
8
4
4
10
13
10
5
5
8
10
16
10
13
10
15
13
5
12
8
10
12
11
8
14
10
14
11
8
10
13
8
8
4
7
7
11
11
4
5
7
$ROI:
43
143 193
144 194
424 531
429 529
440 544
440 545
440 549
443 544
443 553
490 516
604 1134
679 1395
690 1434
772 934
800 953
827 855
828 856
840 1946
849 1974
857 2002
872 900
880 1058
887 915
914 1083
1010 1038
1208 1258
1345 1375
1418 1448
2436 2526
3229 3279
3607 3645
6449 6521
6459 6531
6463 6535
6464 6536
6467 6539
6471 6543
6482 6526
6489 6513
6497 6521
12997 13047
12999 13049
13000 13050
