$SPEC_ID:
GAMWIN
$SPEC_REM:


$DETDESC:

$DATE_MEA:
09/30/2025 15:35:02
$MEAS_TIM:
58335.57 59194.80
$MCA_CAL:
3
1.32118272781372E+001 1.29107522964478E+000 0.00000000000000E+000
$DATA:
0 2047
0
0
0
0
0
0
0
0
0
0
0
0
0
0
0
0
0
0
0
0
0
0
0
0
0
0
0
0
0
0
0
0
0
0
0
1963
2098
2121
2235
2352
2619
2616
2820
2903
3087
3230
3362
3605
4103
4511
4870
5287
5122
4958
4621
4207
3882
3647
3554
3390
3337
3374
3210
3169
2885
2763
2466
2263
2205
1963
1938
1910
1848
1905
1803
1766
1832
1824
1764
1774
1741
1721
1750
1749
1774
1867
1886
1947
1932
1951
1810
1899
1910
1860
1795
1830
1820
1771
1862
1804
1783
1723
1771
1819
1767
1776
1695
1653
1639
1612
1612
1585
1559
1577
1587
1510
1462
1526
1488
1467
1508
1470
1446
1501
1522
1545
1612
1648
1713
1608
1614
1662
1603
1666
1556
1562
1550
1561
1419
1474
1421
1457
1473
1433
1475
1549
1464
1569
1439
1494
1411
1399
1415
1488
1436
1460
1587
1607
1661
1772
1829
2157
2393
2592
2729
3059
3221
3284
3267
3231
3122
2950
2712
2508
2140
1829
1646
1487
1316
1200
1197
1008
1085
1032
1007
1055
1031
1036
1051
1061
1069
1090
1094
1055
1145
1064
1065
1016
1024
1018
1036
1017
1092
1133
1177
1136
1212
1216
1216
1246
1161
1177
1145
1140
1093
962
972
902
841
830
794
795
740
671
757
753
766
744
815
807
823
897
913
914
991
1016
1056
1091
1106
1167
1183
1206
1260
1252
1282
1305
1369
1360
1274
1336
1206
1200
1162
1081
1035
927
924
809
720
750
620
636
559
541
527
508
479
478
483
475
470
474
467
435
498
504
425
450
461
457
455
483
481
452
472
491
461
478
445
429
460
441
474
470
465
438
415
469
409
401
392
395
438
360
397
382
374
376
405
383
394
363
395
386
370
394
405
384
421
399
396
400
380
447
395
407
398
460
498
399
445
458
449
412
422
435
412
391
386
362
374
345
407
344
375
366
370
344
367
380
369
359
365
356
403
449
436
467
438
441
452
513
512
488
506
542
482
519
460
451
419
471
410
360
396
360
361
355
349
325
321
302
325
321
309
290
353
290
278
288
300
316
282
290
320
305
316
326
306
309
374
354
402
385
385
412
458
469
501
558
558
595
573
643
624
656
668
678
739
696
705
707
695
633
647
674
677
655
642
614
602
587
610
608
666
612
647
615
620
583
547
553
520
493
497
486
432
378
349
313
297
294
274
287
273
275
261
265
210
227
253
250
253
243
227
210
240
232
256
219
234
225
263
271
260
267
224
248
240
238
261
213
242
232
235
245
241
246
213
235
219
223
245
221
244
238
246
196
221
230
252
227
221
245
272
242
237
233
211
247
278
258
271
246
233
292
281
296
286
302
272
289
302
241
302
280
267
285
286
271
263
257
238
263
242
241
242
229
222
253
239
266
248
254
243
234
251
268
240
268
267
275
250
263
284
274
259
266
263
259
258
244
267
258
256
251
242
245
220
233
233
249
254
232
246
242
241
219
222
219
218
245
191
210
207
198
226
202
197
200
186
189
180
213
189
221
202
225
225
199
245
214
200
220
244
237
209
204
227
213
226
259
242
233
263
254
249
229
222
256
274
274
248
233
253
254
261
253
267
228
263
259
266
256
219
239
263
253
246
247
244
237
254
269
305
261
324
310
379
347
342
337
383
383
360
340
387
392
381
359
363
344
325
315
358
318
309
322
287
261
302
267
243
254
266
236
226
207
212
263
224
233
235
245
241
274
257
279
255
300
295
287
280
289
325
304
325
339
283
331
312
292
313
282
290
278
275
264
253
224
228
241
225
210
216
229
184
187
177
196
194
177
164
158
162
169
178
180
185
162
153
205
171
154
149
157
167
172
174
143
137
161
165
178
153
169
136
166
132
154
182
154
148
193
158
183
177
147
182
142
156
178
171
172
172
143
165
165
151
159
157
184
152
158
145
186
156
148
158
183
175
173
169
171
207
165
167
145
160
229
198
173
197
190
180
196
193
202
190
174
197
199
196
209
226
210
211
243
223
247
223
219
216
195
230
210
171
211
206
201
207
205
186
201
202
186
185
161
186
176
178
176
173
178
162
181
191
163
161
166
193
165
189
168
176
146
164
185
184
170
177
182
164
171
186
177
190
155
169
167
169
198
139
184
169
169
147
160
172
174
174
183
150
186
189
200
159
176
180
187
177
184
174
170
192
185
187
189
195
178
175
193
189
156
160
160
163
163
171
181
145
168
162
150
145
111
154
132
133
134
132
120
123
104
113
121
115
109
107
100
126
109
99
110
117
91
101
118
93
98
88
92
81
108
103
86
78
95
105
99
106
87
83
79
95
80
85
84
86
83
80
84
76
73
75
82
77
76
76
65
82
77
68
67
69
73
70
55
93
88
65
77
82
70
66
79
75
72
66
66
98
60
72
83
77
78
78
78
78
88
89
81
78
95
68
111
85
106
85
82
101
85
86
80
92
89
96
77
83
63
101
88
102
116
99
109
84
109
99
117
114
136
137
124
108
126
143
154
173
164
179
183
193
192
234
241
242
275
307
344
349
379
394
393
459
534
457
557
583
601
630
667
715
700
744
763
691
808
831
763
782
781
796
777
786
744
758
710
632
685
585
619
514
479
495
424
381
342
349
299
251
286
246
223
190
162
164
151
132
138
111
117
113
81
87
81
87
76
66
57
57
70
69
53
57
43
49
55
57
52
37
44
40
44
49
52
50
52
33
39
37
40
36
53
41
35
35
38
53
39
40
38
37
53
43
32
47
38
44
31
42
48
41
36
49
50
58
47
56
44
50
44
40
42
40
59
51
65
49
46
53
59
45
44
43
41
47
45
50
47
46
48
43
63
30
31
33
38
44
50
43
57
49
40
47
43
47
44
40
32
33
40
43
33
46
38
27
40
40
34
37
25
20
23
34
38
27
34
25
29
30
19
39
29
29
19
22
23
25
19
24
35
28
28
42
27
36
28
27
33
20
30
24
31
25
24
28
41
33
42
32
38
36
28
32
34
24
30
36
38
42
46
40
33
23
45
45
39
37
38
45
31
40
50
55
37
51
51
44
50
50
53
54
55
48
61
45
44
48
44
52
57
63
63
56
45
51
57
40
42
56
60
40
41
32
40
40
46
40
44
38
40
32
34
31
31
33
36
27
29
29
28
26
30
26
36
32
27
31
29
34
20
20
17
32
18
20
21
32
26
21
21
24
19
19
19
18
26
35
24
29
25
21
15
22
30
22
34
24
24
26
25
28
22
20
26
20
16
37
27
35
31
29
29
26
17
19
21
18
18
24
18
25
18
20
20
28
9
19
22
19
15
20
20
24
25
24
18
12
25
25
16
24
19
19
19
19
15
20
19
9
22
24
15
20
23
17
21
17
23
17
20
29
27
20
25
19
22
21
18
17
24
20
22
17
21
19
19
11
14
15
20
19
15
25
24
15
14
18
20
15
15
22
27
20
15
22
19
23
15
17
23
25
20
12
26
24
24
19
20
17
22
14
19
23
18
15
18
14
10
22
23
16
19
13
12
19
23
21
20
14
16
14
25
20
21
19
23
15
18
20
17
21
22
22
10
13
18
22
15
21
22
20
26
25
19
26
17
22
20
19
28
32
22
29
23
23
25
24
21
22
30
28
32
35
33
22
31
29
25
30
36
37
34
34
26
42
24
27
36
35
29
27
35
30
28
33
32
33
24
35
19
34
26
24
29
22
26
29
34
22
18
33
23
28
23
22
24
30
19
22
18
31
17
25
18
23
24
22
31
21
28
23
23
30
32
20
21
26
23
29
30
34
30
28
29
32
29
36
26
21
33
28
36
23
27
28
31
29
29
29
28
26
33
24
29
20
21
30
25
18
18
25
30
21
27
19
22
27
24
23
26
25
29
29
29
25
15
18
22
23
20
22
29
31
17
19
29
21
24
22
22
23
25
31
26
23
13
21
14
27
20
24
19
23
25
21
26
22
25
28
11
30
24
19
24
27
22
21
16
20
23
21
12
25
28
14
26
22
24
32
23
23
19
18
22
17
25
20
21
21
19
20
27
21
17
21
18
27
15
16
13
22
27
22
20
13
24
8
21
15
12
28
17
16
22
15
11
15
13
22
17
21
18
26
13
20
13
18
24
22
14
19
21
11
15
23
17
13
8
15
16
20
17
18
17
15
15
20
16
14
22
17
20
14
16
20
14
19
10
9
14
17
19
18
10
13
12
10
18
22
20
10
19
13
17
13
12
7
12
9
14
26
14
15
10
16
17
14
13
13
11
18
14
14
11
15
15
13
11
13
10
12
18
13
10
24
17
20
15
15
4
13
14
15
13
14
12
17
14
14
9
13
16
15
13
18
10
8
12
11
15
13
18
11
27
11
10
16
18
11
10
17
15
13
14
18
8
16
12
18
17
18
9
22
11
29
24
22
35
32
14
23
28
24
20
40
34
44
46
44
42
49
37
47
52
44
56
47
51
74
67
61
62
49
62
54
57
70
61
76
70
53
54
42
70
88
61
57
49
50
63
54
39
46
47
41
41
48
40
42
34
34
35
28
35
25
35
21
22
21
24
26
17
16
21
20
20
16
14
11
20
13
12
17
14
14
6
12
11
11
21
9
12
8
10
8
11
10
10
7
10
10
9
12
5
12
10
12
13
7
15
5
6
9
8
5
13
9
12
14
8
10
11
15
6
13
11
10
12
13
3
5
11
14
5
12
9
8
12
9
11
13
11
12
9
6
5
8
9
10
14
11
11
5
11
10
10
14
11
8
7
12
8
7
12
9
5
7
13
8
4
8
10
6
11
9
16
12
11
8
12
13
10
10
16
16
6
$ROI:
43
143 193
144 194
424 531
429 529
440 544
440 545
440 549
443 544
443 553
490 516
604 1134
679 1395
690 1434
772 934
800 953
827 855
828 856
840 1946
849 1974
857 2002
872 900
880 1058
887 915
914 1083
1010 1038
1208 1258
1345 1375
1418 1448
2436 2526
3229 3279
3607 3645
6449 6521
6459 6531
6463 6535
6464 6536
6467 6539
6471 6543
6482 6526
6489 6513
6497 6521
12997 13047
12999 13049
13000 13050
