$SPEC_ID:
GAMWIN
$SPEC_REM:


$DETDESC:

$DATE_MEA:
09/02/2025 07:14:14
$MEAS_TIM:
27261.01 27738.30
$MCA_CAL:
3
1.32118272781372E+001 1.29107522964478E+000 0.00000000000000E+000
$DATA:
0 2047
0
0
0
0
0
0
0
0
0
0
0
0
0
0
0
0
0
0
0
0
0
0
0
0
0
0
0
0
0
0
0
0
0
0
0
1376
1464
1552
1683
1856
1962
2136
2177
2347
2435
2615
2782
2972
3539
4196
4536
5036
5090
5020
4675
4065
3709
3375
3143
3137
3099
2892
2905
2804
2551
2278
2082
1788
1633
1519
1367
1260
1254
1230
1277
1193
1243
1198
1242
1114
1163
1138
1114
1148
1124
1197
1205
1177
1209
1350
1335
1306
1350
1348
1254
1315
1219
1259
1255
1239
1274
1199
1260
1226
1279
1211
1203
1258
1199
1246
1170
1123
1141
1129
1087
1076
1099
1080
1081
1021
1102
1054
1075
1097
1095
1173
1202
1262
1274
1334
1310
1288
1306
1311
1187
1149
1187
1114
1122
1082
1037
1072
1088
1026
1080
1099
1108
1086
1169
1049
1074
1110
1128
1052
1033
1057
1082
1052
1111
1239
1401
1559
1750
1974
2249
2552
2800
2878
3157
3118
3088
2944
2841
2604
2390
1997
1738
1557
1278
1079
1014
900
815
798
761
706
749
720
770
816
749
775
763
843
850
801
856
830
806
778
835
828
859
883
939
1000
1080
1140
1114
1183
1203
1167
1201
1157
1112
962
975
870
737
737
637
595
591
605
503
519
520
546
591
576
603
634
706
702
753
797
825
843
870
902
971
1054
1122
1164
1239
1323
1323
1345
1384
1494
1414
1382
1340
1284
1213
1144
1070
969
908
762
726
621
567
515
418
412
382
385
377
350
356
316
352
333
310
379
294
329
318
353
330
369
326
349
347
352
311
326
344
342
335
325
346
341
301
330
315
304
314
303
314
297
250
267
258
234
224
252
261
263
260
250
275
215
280
245
254
261
258
254
277
265
286
237
259
277
307
341
335
313
283
331
338
269
311
317
322
309
281
264
256
304
284
260
241
239
251
245
237
275
253
251
238
258
243
242
262
274
312
313
327
324
323
350
327
376
336
358
350
378
371
345
346
320
319
296
267
279
272
283
220
228
231
188
217
197
183
212
214
222
187
233
203
194
208
206
223
193
242
221
226
225
258
288
273
285
282
288
364
342
412
404
452
458
495
554
628
601
587
639
578
617
657
605
593
606
570
650
584
623
625
622
646
659
654
708
660
682
741
712
689
671
611
629
590
561
544
503
434
386
406
333
344
273
271
235
248
183
190
164
176
172
167
179
140
155
167
153
158
167
154
149
157
148
162
156
130
165
172
157
164
158
153
167
144
157
149
156
163
160
175
166
144
148
157
149
155
156
162
163
148
157
140
170
162
165
169
173
164
147
150
174
167
189
194
178
184
186
188
175
193
182
185
209
203
182
213
202
184
211
207
191
176
195
178
156
186
181
179
142
156
173
163
165
164
173
186
165
192
159
171
183
171
181
205
162
188
219
179
191
210
172
172
173
190
210
172
184
182
189
165
150
175
196
162
174
173
163
162
139
172
140
135
141
149
128
121
143
119
136
142
148
125
104
135
130
124
115
124
136
117
126
115
122
124
136
135
140
148
128
132
119
122
162
144
132
137
164
138
174
149
154
155
151
148
161
164
154
155
165
168
149
134
168
158
143
140
149
130
140
136
171
144
149
183
168
161
192
186
214
192
234
227
252
246
283
286
273
280
275
295
290
284
268
311
259
277
262
276
241
256
227
224
171
201
173
187
163
166
161
150
135
169
138
150
172
166
146
158
165
164
197
163
184
189
219
219
195
196
216
225
225
222
210
221
223
208
207
216
192
177
173
177
168
174
166
171
139
140
146
118
134
107
100
95
91
102
85
87
88
86
78
89
85
73
73
80
76
75
90
73
79
65
77
71
84
64
55
74
44
59
78
73
73
66
64
75
73
67
66
58
62
90
70
85
64
55
67
75
70
85
65
64
72
79
70
74
79
85
69
70
79
63
84
80
76
63
75
84
71
74
87
90
88
83
91
85
86
96
116
105
99
121
119
114
131
124
128
115
139
130
142
149
132
130
132
131
146
133
146
122
120
122
137
118
127
124
111
92
97
90
94
97
89
85
91
77
72
73
80
78
89
92
84
70
60
85
82
63
76
90
62
74
69
54
65
52
62
56
42
74
64
52
71
64
56
73
64
73
76
59
64
81
54
68
63
65
63
62
84
59
82
50
64
67
83
68
73
73
72
93
89
79
89
97
78
82
81
82
82
86
100
69
91
85
109
89
93
94
69
61
68
86
77
78
62
67
74
90
62
62
70
58
63
62
56
48
68
56
64
57
66
49
62
51
68
40
59
76
63
54
50
60
38
46
57
55
53
48
54
40
42
59
40
49
56
63
46
49
66
58
46
43
51
39
46
42
53
49
45
42
52
42
59
47
53
50
52
50
52
45
42
54
50
43
60
49
54
47
40
50
53
46
40
43
71
64
71
56
69
65
69
51
76
62
67
62
53
81
67
65
65
74
65
62
59
61
74
69
85
72
72
61
62
62
55
57
57
71
54
67
56
61
57
67
73
56
71
74
84
65
61
66
86
58
70
70
92
79
96
92
103
112
100
116
114
115
133
131
144
130
129
147
144
151
172
144
167
182
121
150
150
126
118
135
160
142
132
137
131
128
106
103
99
100
92
88
95
76
70
68
73
73
64
58
64
63
49
51
64
50
50
54
46
50
53
43
50
45
53
36
48
53
42
35
47
40
42
29
42
40
37
30
48
35
39
30
53
42
33
33
37
27
40
37
41
39
40
30
39
40
32
39
37
30
29
41
39
35
46
46
36
40
41
36
40
35
38
43
49
50
49
48
41
48
52
45
45
41
43
41
52
38
53
44
52
44
46
41
38
37
56
49
33
40
39
37
37
27
36
29
42
42
35
42
35
36
35
22
47
37
32
40
35
32
27
26
26
19
22
25
26
35
19
28
25
24
23
36
21
24
19
32
25
30
30
26
33
26
21
25
25
23
22
26
26
26
18
27
21
22
24
20
36
25
32
19
23
29
20
22
32
40
25
36
26
31
22
30
28
23
37
37
41
30
39
34
43
41
52
54
42
53
41
43
50
57
41
69
63
51
55
78
51
70
72
50
73
63
58
62
63
64
81
56
54
64
48
46
50
51
61
58
47
34
39
59
57
32
53
36
42
36
27
37
18
23
30
35
25
38
27
26
26
28
23
24
25
20
13
18
22
17
20
19
19
25
27
23
20
34
33
17
28
28
25
15
21
32
20
26
22
21
21
24
29
25
21
19
27
28
23
21
20
17
20
18
25
13
12
23
22
24
25
13
26
18
21
18
21
14
11
14
24
24
21
15
16
15
20
23
25
24
11
19
17
22
18
14
13
9
21
18
17
22
20
12
14
21
21
11
8
24
18
20
13
15
21
10
12
16
14
10
15
13
11
15
15
11
9
18
20
21
19
19
23
16
17
19
13
13
13
15
20
16
20
14
11
18
20
13
18
15
15
14
13
16
19
18
15
12
23
15
15
14
13
12
17
11
12
23
19
11
19
13
18
20
12
20
20
17
18
18
16
17
17
12
23
12
16
12
18
16
19
16
15
15
13
7
12
16
10
18
16
14
14
13
15
13
22
17
15
11
13
14
15
11
21
19
20
19
21
20
20
21
19
33
28
21
23
23
34
30
22
28
21
28
22
21
24
25
30
27
19
28
33
33
38
30
37
23
31
30
33
27
25
28
24
32
31
21
21
17
28
30
26
29
24
18
25
19
31
15
27
22
19
29
18
24
27
25
21
19
18
21
20
16
25
22
32
20
12
21
26
25
26
20
20
19
29
28
16
25
22
31
13
20
29
25
32
34
30
30
36
33
17
26
25
36
24
26
26
24
43
30
34
35
31
18
17
20
33
19
17
17
15
20
27
15
18
20
15
21
20
21
20
17
11
28
17
21
23
17
19
17
19
19
19
14
18
11
19
13
8
20
20
15
16
15
20
16
15
27
29
28
25
15
22
24
16
26
15
13
16
25
15
17
18
22
26
12
19
20
17
20
19
16
13
24
19
26
15
16
16
16
14
20
17
15
19
15
20
19
19
17
15
18
16
14
21
18
19
19
18
21
19
19
16
20
14
9
13
10
15
25
24
16
13
15
18
15
13
18
12
10
13
13
11
15
16
13
11
16
14
8
10
9
18
11
12
18
15
13
13
9
8
7
17
8
12
15
17
12
16
11
15
10
16
14
12
20
23
14
8
11
14
7
12
14
10
17
12
12
12
12
10
10
13
8
13
6
14
10
12
13
16
9
12
11
14
4
8
6
19
14
11
6
9
8
12
11
12
9
9
12
10
10
11
7
6
7
5
11
11
8
10
6
7
10
6
4
6
8
10
12
9
5
5
10
9
9
8
9
7
5
2
10
6
5
7
8
10
11
12
12
7
7
7
4
10
10
15
11
10
14
16
15
16
15
13
16
27
19
14
15
25
26
23
26
25
29
24
32
39
42
43
33
36
34
36
41
50
61
50
64
54
54
46
61
71
55
55
55
64
66
48
53
63
66
68
60
56
44
53
51
54
49
43
47
38
37
37
42
41
40
38
31
30
29
33
24
19
25
24
18
21
23
17
20
18
23
16
14
8
12
10
17
7
13
12
7
10
8
4
7
8
5
6
11
6
6
9
9
6
4
5
9
9
10
7
4
5
8
7
10
8
5
6
8
3
5
5
6
5
6
3
5
6
5
2
1
1
8
5
8
4
4
5
7
10
7
5
2
5
3
3
5
4
4
2
3
3
7
6
4
7
6
9
1
7
12
3
7
3
3
0
5
5
9
5
8
6
6
6
4
8
8
8
$ROI:
43
143 193
144 194
424 531
429 529
440 544
440 545
440 549
443 544
443 553
490 516
604 1134
679 1395
690 1434
772 934
800 953
827 855
828 856
840 1946
849 1974
857 2002
872 900
880 1058
887 915
914 1083
1010 1038
1208 1258
1345 1375
1418 1448
2436 2526
3229 3279
3607 3645
6449 6521
6459 6531
6463 6535
6464 6536
6467 6539
6471 6543
6482 6526
6489 6513
6497 6521
12997 13047
12999 13049
13000 13050
