$SPEC_ID:
GAMWIN
$SPEC_REM:


$DETDESC:

$DATE_MEA:
08/27/2025 07:09:39
$MEAS_TIM:
28684.78 29176.75
$MCA_CAL:
3
1.32118272781372E+001 1.29107522964478E+000 0.00000000000000E+000
$DATA:
0 2047
0
0
0
0
0
0
0
0
0
0
0
0
0
0
0
0
0
0
0
0
0
0
0
0
0
0
0
0
0
0
0
0
0
0
0
1755
1793
1908
1938
2122
2278
2461
2613
2833
2881
3002
3180
3532
3992
4707
5349
5957
6066
5762
5436
4804
4256
3749
3650
3440
3473
3481
3325
3192
3019
2649
2336
2043
1786
1687
1467
1434
1400
1338
1328
1243
1299
1304
1187
1250
1204
1282
1231
1273
1241
1343
1315
1331
1458
1392
1478
1421
1404
1402
1455
1399
1402
1317
1314
1357
1314
1373
1370
1335
1357
1368
1385
1351
1312
1367
1295
1259
1264
1240
1184
1217
1168
1218
1157
1178
1187
1177
1164
1194
1261
1338
1333
1362
1386
1361
1439
1456
1527
1441
1363
1351
1304
1239
1202
1200
1162
1154
1222
1259
1298
1294
1318
1248
1305
1222
1308
1240
1164
1165
1157
1175
1147
1135
1274
1399
1569
1725
1987
2301
2482
2782
3111
3287
3456
3486
3531
3265
3191
2926
2633
2219
1980
1567
1447
1216
1076
914
904
872
865
836
797
839
829
903
887
838
877
936
887
948
877
921
883
864
947
951
996
990
1078
1131
1196
1229
1335
1373
1331
1366
1305
1251
1168
1123
1014
921
881
771
716
647
621
685
613
593
558
601
615
643
683
723
723
789
832
938
903
984
1037
1149
1170
1212
1275
1387
1415
1432
1545
1537
1555
1616
1592
1631
1569
1536
1404
1245
1158
1069
954
874
740
695
535
541
503
443
364
397
347
405
365
404
350
386
356
371
351
364
371
358
330
352
367
350
394
383
370
389
386
392
390
383
369
365
375
370
347
356
342
323
310
324
308
284
284
312
307
284
305
288
280
276
270
303
302
280
313
301
305
285
289
299
281
300
317
312
294
376
353
354
365
333
358
330
346
380
364
355
329
321
307
309
292
299
260
291
278
259
231
291
269
318
260
270
284
260
307
307
323
341
387
340
373
379
442
376
437
389
400
403
421
375
377
374
322
315
285
282
310
256
241
249
230
260
212
215
236
240
226
207
220
222
216
230
214
239
251
235
256
248
265
271
287
319
333
286
345
367
372
405
419
496
524
590
565
559
628
703
686
679
727
706
682
721
715
761
685
714
730
696
698
765
686
771
733
794
818
779
842
827
744
775
722
699
687
630
601
537
486
448
393
346
331
305
283
236
229
224
238
196
193
169
202
194
158
178
195
180
183
198
177
188
164
169
171
177
165
172
172
167
188
194
161
175
167
190
173
166
178
186
164
164
165
168
156
177
164
154
166
173
135
193
197
175
153
164
177
178
201
172
157
166
198
185
193
178
201
235
210
233
233
216
225
226
233
243
240
248
227
191
204
215
212
192
195
216
173
209
179
184
190
178
198
173
184
191
193
209
200
231
221
202
203
233
242
203
216
209
224
205
211
216
214
212
217
219
187
190
227
210
219
209
192
226
162
186
175
162
157
202
181
153
140
159
161
152
169
146
148
111
154
133
152
141
131
137
159
138
132
137
139
136
158
165
154
134
154
138
124
190
155
143
144
160
172
150
161
165
167
163
176
134
170
184
177
160
168
168
177
196
166
140
142
155
142
153
159
139
145
156
154
156
174
177
198
199
200
201
207
226
232
254
273
269
285
274
287
303
323
329
341
315
325
332
301
314
313
309
297
294
248
270
239
232
208
203
194
204
189
190
199
166
186
175
166
170
177
184
208
195
168
176
200
225
205
225
253
248
256
247
273
260
241
245
250
218
256
219
240
225
232
204
185
215
166
180
142
161
120
133
149
120
107
115
88
96
112
106
99
92
85
98
104
83
90
92
83
82
80
81
89
65
74
65
65
95
84
75
88
84
89
75
73
87
89
57
87
67
94
75
68
75
86
78
86
80
84
72
100
104
83
97
93
79
75
67
84
112
90
70
92
92
91
74
111
99
83
75
88
93
85
95
86
98
95
95
115
95
136
97
136
96
151
109
132
149
136
140
146
158
141
168
140
174
186
160
147
154
166
154
143
142
149
166
141
138
123
118
140
126
116
105
112
116
92
117
96
86
80
87
90
96
75
91
83
84
78
79
72
90
67
86
78
85
78
60
69
70
64
84
82
84
72
68
66
71
59
74
70
77
71
86
80
74
71
66
78
85
80
76
61
71
68
71
70
76
86
76
81
81
98
81
92
92
84
99
87
81
106
88
108
93
100
80
101
94
79
106
105
94
92
95
95
88
84
74
66
80
72
79
70
81
57
59
64
78
61
70
76
65
57
60
58
59
68
63
81
65
52
68
64
57
63
49
55
68
71
67
61
59
48
52
50
51
50
53
51
48
52
47
59
60
64
49
42
52
50
48
51
59
45
54
42
44
40
54
51
42
67
58
54
55
58
60
64
61
68
64
61
74
65
75
56
72
58
67
69
73
63
89
74
64
67
68
83
73
66
60
85
64
72
60
72
71
87
70
69
85
73
87
71
82
78
71
70
72
68
77
70
74
54
64
76
68
90
73
84
69
69
91
78
84
76
72
97
93
92
98
99
124
116
130
137
132
142
134
136
138
148
163
167
172
158
189
149
162
192
174
185
166
141
173
149
172
150
145
163
147
139
138
137
115
113
117
114
112
105
106
70
81
69
53
83
75
62
72
70
66
60
52
59
58
69
58
61
59
49
45
40
48
39
51
53
50
55
47
41
37
47
36
40
40
56
45
36
46
48
44
37
36
33
38
37
34
33
36
37
39
44
45
51
40
40
43
54
36
42
44
40
48
46
40
49
34
53
50
44
38
61
59
51
68
66
51
49
55
63
37
47
48
49
56
51
53
49
48
63
52
48
55
53
50
51
49
50
56
54
52
42
46
30
40
44
39
32
40
50
42
35
41
35
33
32
34
43
27
23
37
30
35
30
29
35
31
30
28
27
27
31
30
30
30
25
20
23
24
33
34
23
34
37
34
18
35
31
16
35
23
38
17
29
29
30
31
29
40
27
28
34
27
28
28
30
31
44
34
24
29
35
40
41
42
40
34
41
43
33
34
58
51
59
37
57
58
64
55
51
47
58
71
61
67
60
60
65
84
53
74
61
58
73
58
71
45
85
80
69
63
65
71
62
58
58
56
51
59
59
60
47
42
42
41
43
41
41
39
38
27
30
21
26
32
27
19
27
35
21
18
18
24
19
21
20
27
23
32
32
20
34
19
23
24
24
23
20
21
25
21
30
24
29
22
38
26
31
34
29
18
30
31
35
32
18
20
31
23
34
27
24
19
22
18
32
23
21
23
20
15
22
25
29
19
20
22
27
17
20
16
19
18
19
21
20
15
19
19
19
21
24
17
23
20
13
16
20
15
12
13
23
16
13
17
16
5
17
24
15
20
23
22
13
16
18
14
10
14
21
18
22
23
20
21
8
23
21
17
20
14
4
17
17
18
18
18
17
22
21
24
16
11
18
16
19
20
12
13
19
16
23
14
10
15
26
19
18
11
13
16
13
10
24
14
20
16
18
6
18
19
20
14
18
18
16
11
18
13
21
18
20
15
20
21
16
18
13
21
17
15
14
19
16
16
16
24
16
10
20
27
13
20
12
15
14
23
20
14
21
25
21
14
16
23
21
28
29
25
23
21
34
28
24
23
36
42
29
28
19
26
30
33
34
31
36
35
41
36
39
40
26
31
35
37
36
31
34
34
27
28
39
21
33
44
25
28
25
23
24
21
28
31
19
24
26
37
27
17
19
28
29
21
22
23
17
24
30
30
20
23
22
32
20
26
23
25
20
22
20
27
25
20
42
27
25
30
23
25
22
28
22
33
31
31
32
25
26
31
28
29
34
31
27
34
34
33
30
43
21
27
19
28
41
25
23
25
25
15
24
17
20
25
21
25
32
17
18
29
18
20
21
33
17
24
21
15
17
18
24
23
27
22
11
23
13
20
16
12
16
14
24
23
13
14
20
20
24
18
21
20
24
19
13
25
24
14
29
30
27
11
22
20
29
18
24
17
22
16
18
21
19
20
17
20
19
19
27
26
20
19
18
25
17
21
21
18
14
14
31
14
19
24
18
19
23
29
18
23
17
18
18
15
12
17
13
24
11
16
15
16
18
19
15
16
19
22
21
23
20
19
13
23
15
19
17
16
19
15
10
14
17
18
14
15
13
12
17
23
6
16
13
13
9
26
23
18
14
16
12
13
15
17
16
12
19
15
10
16
9
12
22
12
6
7
13
11
14
10
16
16
12
13
13
15
13
11
9
19
11
9
12
8
9
9
6
7
13
13
5
8
13
15
8
8
6
11
14
7
11
8
5
11
9
9
6
6
12
9
10
8
8
8
5
6
14
10
7
7
9
11
8
2
7
10
16
7
12
8
7
12
15
6
7
7
12
11
14
9
6
21
11
5
15
14
15
12
21
17
20
17
19
21
27
19
24
25
25
24
27
28
32
32
29
43
33
49
48
53
43
49
53
51
52
61
44
68
66
65
51
48
68
68
63
63
80
82
51
61
71
57
50
75
87
69
47
68
40
47
53
41
50
42
38
38
38
38
28
33
34
34
28
26
20
21
21
28
14
29
20
15
18
19
16
19
16
12
7
10
8
12
9
8
12
11
3
8
6
13
7
10
5
9
6
5
8
3
6
10
8
11
4
14
4
8
4
9
12
9
6
4
1
8
11
7
6
8
6
3
4
18
4
5
4
10
4
2
6
4
8
6
7
6
5
7
4
15
4
5
15
6
5
4
3
5
8
7
7
7
5
5
6
4
7
15
2
9
9
4
5
5
11
9
3
7
4
2
5
9
4
6
$ROI:
43
143 193
144 194
424 531
429 529
440 544
440 545
440 549
443 544
443 553
490 516
604 1134
679 1395
690 1434
772 934
800 953
827 855
828 856
840 1946
849 1974
857 2002
872 900
880 1058
887 915
914 1083
1010 1038
1208 1258
1345 1375
1418 1448
2436 2526
3229 3279
3607 3645
6449 6521
6459 6531
6463 6535
6464 6536
6467 6539
6471 6543
6482 6526
6489 6513
6497 6521
12997 13047
12999 13049
13000 13050
