$SPEC_ID:
GAMWIN
$SPEC_REM:


$DETDESC:

$DATE_MEA:
08/26/2025 06:20:30
$MEAS_TIM:
29388.73 29816.60
$MCA_CAL:
3
1.32118272781372E+001 1.29107522964478E+000 0.00000000000000E+000
$DATA:
0 2047
0
0
0
0
0
0
0
0
0
0
0
0
0
0
0
0
0
0
0
0
0
0
0
0
0
0
0
0
0
0
0
0
0
0
0
1376
1393
1499
1640
1732
1848
2001
2112
2239
2340
2393
2569
2826
3213
3846
4537
4795
4957
4738
4330
3908
3434
3165
2904
2900
2751
2839
2651
2554
2460
2112
1899
1731
1515
1379
1285
1185
1197
1137
1074
1052
1062
1058
1032
1011
1032
1056
996
966
1044
1072
1089
1101
1129
1086
1141
1150
1158
1156
1185
1134
1172
1056
1149
1066
1045
1106
1043
1061
1137
1137
1018
1065
1066
1090
1115
973
1063
1003
951
1001
956
923
973
937
976
934
995
973
1052
1058
1056
1151
1154
1202
1214
1159
1198
1236
1131
1115
1024
1016
979
979
969
1006
993
964
1047
1009
996
1002
996
1003
1021
974
993
865
919
960
935
963
1045
1138
1336
1403
1636
1879
2065
2242
2456
2730
2765
2888
2913
2675
2541
2353
2068
1748
1459
1334
1105
964
859
767
758
714
700
666
661
691
679
712
744
749
771
750
721
776
790
752
714
741
809
815
816
899
951
931
1018
1090
1128
1110
1125
1113
1108
1107
981
868
834
731
732
618
576
576
526
502
504
472
462
519
532
530
604
622
609
697
638
687
729
809
857
845
935
982
1115
1143
1161
1271
1258
1337
1308
1353
1419
1357
1308
1243
1256
1046
994
882
824
772
646
604
534
462
394
373
364
327
347
325
306
315
296
323
300
300
308
309
298
306
287
324
309
269
324
309
296
315
328
327
292
314
306
299
282
318
312
303
277
289
295
263
289
277
288
248
246
250
236
263
194
242
205
253
228
220
229
262
242
236
256
263
258
285
255
259
282
318
286
297
258
275
291
314
291
266
312
241
245
248
268
240
238
251
231
242
233
225
207
213
229
242
232
246
247
252
256
255
258
294
278
313
310
291
324
346
312
352
342
311
342
316
320
297
276
260
275
237
242
229
209
219
201
176
216
196
204
201
184
203
173
191
179
194
184
208
191
229
191
186
181
223
227
243
246
242
285
318
284
317
394
413
401
473
463
497
567
542
534
604
573
574
576
591
533
599
601
570
546
569
616
649
629
673
668
645
656
671
632
636
672
622
654
595
545
560
495
460
416
358
369
326
258
277
262
233
209
224
178
157
173
163
153
159
155
150
142
137
123
127
154
158
161
130
136
160
139
164
154
162
165
140
154
154
146
147
144
148
165
137
142
160
125
146
146
120
121
157
147
135
133
136
135
166
161
141
156
135
138
144
154
138
159
155
158
154
172
135
190
183
175
189
175
181
207
204
176
183
174
183
168
167
207
195
158
149
175
157
174
148
155
141
164
157
157
153
147
150
180
156
166
174
169
203
163
195
177
184
176
185
172
176
167
204
183
183
193
174
142
183
155
156
179
155
176
190
169
138
149
130
148
128
153
135
131
140
114
138
124
123
115
116
129
128
111
115
119
125
109
114
113
129
128
120
134
113
130
139
132
130
132
144
131
141
142
125
145
137
152
142
158
125
145
154
158
155
144
138
176
152
152
140
155
121
156
139
132
131
141
132
120
131
131
156
168
164
133
171
176
176
188
239
214
225
222
205
268
272
231
241
302
258
242
258
254
258
254
212
199
236
237
233
214
171
172
176
165
153
172
125
161
141
145
127
127
134
158
142
143
132
155
174
153
171
207
177
201
183
207
192
226
192
200
197
210
205
194
187
183
191
176
153
164
158
149
122
117
129
130
99
110
102
83
98
98
101
78
79
91
94
93
81
96
78
50
82
80
73
59
79
68
65
77
70
53
64
56
70
52
68
79
73
70
70
100
70
77
77
82
60
62
79
67
76
58
86
81
72
74
80
75
69
60
66
55
75
66
89
69
73
80
83
84
76
76
92
97
91
69
91
81
90
76
88
91
101
99
94
107
111
103
108
119
109
117
106
118
123
128
143
131
158
122
142
136
134
136
129
128
132
138
120
113
144
112
120
128
117
112
91
98
93
98
98
81
87
93
83
66
60
81
81
79
69
81
74
66
67
76
69
70
50
70
91
77
62
72
66
66
67
57
66
67
72
79
54
41
69
65
59
58
72
54
71
68
66
59
70
57
78
80
84
63
74
67
59
67
68
63
80
68
82
66
68
67
68
85
82
88
85
71
98
76
80
66
73
90
83
68
75
76
88
71
63
76
65
52
65
65
60
62
66
81
58
65
60
68
61
56
53
65
61
54
53
37
51
69
51
61
49
62
52
56
58
47
54
57
55
53
51
63
55
35
43
43
48
38
49
55
48
49
38
56
33
39
38
51
57
35
49
51
37
46
49
46
70
41
54
62
32
44
56
51
53
54
42
58
42
44
51
48
62
57
49
42
51
48
58
57
56
61
66
48
69
66
60
87
62
75
69
69
83
49
67
58
75
71
61
54
72
51
61
65
67
73
54
57
65
48
72
65
51
75
58
73
61
63
60
67
67
75
71
72
79
78
85
80
102
94
102
95
111
120
108
105
123
126
145
157
154
155
141
161
146
151
165
150
165
154
133
148
141
140
146
176
131
153
148
128
107
107
115
101
109
102
117
83
81
100
70
80
59
87
62
52
56
47
47
73
66
51
53
45
53
38
50
45
35
46
36
43
44
52
41
49
41
43
50
35
28
31
38
44
32
34
45
26
29
33
29
33
26
28
44
27
28
30
28
39
37
37
39
47
42
29
34
31
36
52
40
46
43
44
34
47
46
35
49
44
56
39
48
46
30
46
40
48
43
43
39
39
36
41
46
32
55
39
35
36
45
58
51
29
37
39
38
39
37
46
29
39
29
34
34
36
52
35
28
34
34
31
38
36
32
32
23
24
31
29
27
31
31
30
27
24
16
16
24
20
29
28
28
31
24
23
23
29
25
33
20
31
21
32
32
32
21
17
22
24
21
27
23
20
21
28
17
32
18
34
30
23
25
24
25
36
30
26
42
39
29
39
38
37
27
43
27
35
41
42
47
39
53
33
51
57
47
52
42
61
49
59
59
50
64
70
59
66
62
63
64
47
68
64
44
60
53
49
55
52
50
59
48
54
50
45
45
34
38
43
34
40
36
22
31
25
28
20
26
20
29
26
18
20
28
27
22
20
17
25
29
19
23
27
16
22
17
29
30
27
17
28
26
27
26
15
30
34
22
18
17
18
17
25
20
13
24
32
20
21
38
25
29
19
28
14
16
20
23
25
21
19
20
14
22
23
17
20
23
25
19
11
19
16
18
17
19
16
19
17
19
15
13
12
20
14
15
15
13
17
9
18
13
22
17
17
13
7
16
21
19
20
12
8
14
11
11
14
19
17
14
16
13
14
14
17
16
12
15
25
21
17
12
9
12
16
23
20
15
15
13
23
10
23
16
12
18
22
13
14
16
12
21
12
17
21
16
14
15
16
10
13
8
18
15
12
12
18
8
14
13
13
12
9
15
19
12
18
14
18
23
16
24
18
16
14
12
13
19
9
11
19
14
16
11
21
15
16
12
20
17
19
10
20
17
12
15
8
15
23
16
24
13
7
20
14
12
21
13
16
20
20
13
16
15
16
30
19
29
20
25
33
26
25
23
26
36
29
17
24
29
34
22
27
27
27
29
29
30
32
23
23
25
25
25
22
28
22
22
31
18
22
18
21
25
30
24
21
17
16
27
21
22
12
16
24
20
15
16
24
13
19
26
23
18
20
19
15
24
15
16
24
20
29
22
21
21
18
21
22
34
25
22
23
28
25
28
25
18
26
23
18
23
31
23
32
28
29
21
32
26
25
25
16
24
27
18
20
23
18
27
18
18
33
15
21
21
13
18
18
21
13
11
14
18
24
19
23
21
19
22
15
20
16
12
24
17
16
15
15
16
19
15
17
15
21
18
20
19
13
19
14
15
14
13
11
12
21
17
18
19
10
14
20
17
22
15
15
14
17
19
16
17
18
22
13
17
7
20
25
16
15
9
31
15
18
19
16
24
16
10
15
13
24
20
18
12
13
14
10
19
22
16
17
12
14
15
18
21
20
22
16
16
15
19
10
17
15
18
13
13
9
16
10
16
17
13
12
14
23
17
11
12
12
13
14
11
14
11
15
14
8
12
17
15
18
13
6
12
11
12
13
13
14
10
10
11
8
11
12
15
8
10
6
7
9
12
9
7
12
10
9
11
14
14
16
17
16
7
17
8
13
9
9
8
9
5
12
10
6
11
13
14
9
15
9
8
7
5
12
8
10
5
10
8
10
3
8
8
8
9
12
11
5
8
7
10
3
12
13
7
11
7
9
9
4
13
6
9
10
8
5
10
12
4
8
11
4
9
8
7
4
14
6
9
9
10
11
18
10
9
12
11
10
14
24
10
9
11
12
28
10
14
17
21
21
22
23
22
26
22
28
26
28
41
40
27
36
42
39
32
38
47
55
48
26
38
61
56
56
65
54
47
49
61
56
44
55
54
54
72
54
46
45
54
42
46
39
30
39
43
28
28
25
30
28
32
28
27
27
22
31
22
29
21
22
15
13
15
16
8
16
19
10
12
11
9
5
7
11
8
5
9
9
5
5
11
4
9
7
7
8
9
4
5
13
6
6
5
6
7
7
6
3
8
3
9
12
4
8
5
6
9
2
3
2
6
4
4
6
7
10
6
7
6
6
5
1
7
6
4
4
4
6
5
3
4
10
9
6
7
5
5
8
6
5
4
6
6
6
8
2
4
5
10
4
3
9
6
5
4
8
7
4
6
4
6
9
3
$ROI:
43
143 193
144 194
424 531
429 529
440 544
440 545
440 549
443 544
443 553
490 516
604 1134
679 1395
690 1434
772 934
800 953
827 855
828 856
840 1946
849 1974
857 2002
872 900
880 1058
887 915
914 1083
1010 1038
1208 1258
1345 1375
1418 1448
2436 2526
3229 3279
3607 3645
6449 6521
6459 6531
6463 6535
6464 6536
6467 6539
6471 6543
6482 6526
6489 6513
6497 6521
12997 13047
12999 13049
13000 13050
