$SPEC_ID:
GAMWIN
$SPEC_REM:


$DETDESC:

$DATE_MEA:
10/17/2025 15:33:31
$MEAS_TIM:
229046.55 230173.69
$MCA_CAL:
3
1.32118272781372E+001 1.29107522964478E+000 0.00000000000000E+000
$DATA:
0 2047
0
0
0
0
0
0
0
0
0
0
0
0
0
0
0
0
0
0
0
0
0
0
0
0
0
0
0
0
0
0
0
0
0
0
0
1696
1585
1591
1584
1704
1748
1934
1915
1958
2103
2174
2090
2253
2467
2671
2920
3024
3201
3229
2974
2927
2699
2617
2647
2505
2504
2403
2376
2234
2141
2037
1875
1668
1622
1475
1403
1322
1338
1320
1338
1304
1337
1317
1354
1306
1275
1311
1325
1346
1297
1321
1344
1281
1265
1350
1326
1270
1399
1311
1271
1338
1315
1297
1344
1296
1390
1325
1373
1360
1354
1296
1330
1333
1309
1306
1305
1310
1338
1326
1289
1290
1297
1313
1215
1223
1266
1246
1258
1355
1354
1280
1372
1459
1421
1535
1573
1397
1452
1419
1464
1320
1342
1283
1268
1222
1307
1212
1209
1180
1265
1258
1299
1239
1224
1292
1231
1240
1251
1240
1299
1222
1192
1210
1229
1265
1315
1361
1373
1480
1514
1669
1715
1709
1676
1748
1664
1662
1602
1521
1435
1401
1337
1232
1177
1070
1093
1051
1032
1071
1052
1030
1070
1002
986
1054
1079
1006
997
1068
1055
1071
1033
1010
1130
1080
1058
1084
1068
1133
1132
1156
1305
1288
1250
1225
1330
1239
1194
1180
1092
1070
1030
1033
925
865
844
852
816
767
808
784
773
787
823
760
773
795
849
774
808
863
891
901
945
942
957
1012
1086
1103
1104
1185
1283
1250
1324
1327
1360
1307
1268
1280
1117
1120
1024
898
883
894
767
803
730
683
645
616
597
589
590
584
559
586
588
543
556
573
589
575
573
501
551
547
547
553
531
555
511
505
568
536
530
512
517
492
506
483
467
507
495
499
462
429
525
489
466
430
462
517
447
511
447
472
450
461
458
434
432
447
456
442
437
426
462
397
463
485
419
459
484
461
462
461
471
455
427
428
475
425
440
460
454
442
432
448
465
404
430
462
486
478
483
447
488
494
494
491
540
563
601
591
639
654
613
681
672
667
684
630
614
642
602
587
528
534
483
489
444
407
407
417
410
401
355
378
357
365
362
333
356
392
332
323
359
316
324
320
302
343
367
356
355
365
326
346
387
395
369
376
368
364
394
354
420
408
429
403
459
435
421
464
434
460
514
460
481
492
513
521
556
565
575
625
608
625
683
640
655
630
654
614
641
622
618
541
534
507
460
450
448
414
390
398
393
348
330
300
308
331
297
327
316
279
319
345
340
327
340
322
339
360
357
322
356
343
384
387
359
384
370
351
334
323
348
315
312
320
303
325
297
288
307
276
275
258
298
268
277
239
292
264
249
278
262
258
246
248
267
239
252
282
268
271
297
279
273
278
298
250
255
283
285
281
275
258
334
256
258
292
283
273
257
255
227
241
263
264
251
227
291
281
244
259
283
242
291
264
275
277
296
269
287
272
294
302
333
285
287
268
279
274
285
294
262
257
273
243
293
264
268
270
284
283
242
232
226
262
234
266
294
248
246
296
238
226
230
225
243
245
276
224
249
250
234
238
259
275
256
252
257
277
256
256
226
291
242
259
273
269
259
315
283
272
281
327
285
330
297
327
361
328
358
370
374
374
396
410
389
435
424
428
429
409
394
385
361
383
369
335
331
345
312
310
300
277
268
268
264
258
283
247
247
254
296
259
261
306
262
256
246
284
263
273
266
261
256
267
267
239
247
253
247
242
236
238
262
213
256
234
237
252
249
231
204
216
243
229
227
218
250
260
248
230
229
215
241
227
226
243
220
209
234
250
225
215
221
209
217
210
211
217
216
223
177
198
214
219
193
201
203
192
192
190
205
162
178
179
181
182
203
174
197
158
201
157
176
156
188
176
166
161
178
138
155
197
172
176
183
148
169
156
177
161
163
203
156
187
161
165
165
194
181
172
154
168
153
152
183
167
190
162
189
141
169
144
163
156
162
169
187
165
163
196
156
178
181
151
191
181
204
183
158
188
173
203
202
179
184
200
206
178
191
201
191
224
204
223
256
221
207
238
205
223
242
256
228
249
211
197
203
207
211
213
211
191
194
197
176
169
187
173
203
189
167
192
191
182
189
205
175
189
162
168
143
189
160
167
158
162
164
159
151
183
165
164
169
165
156
146
173
158
134
166
173
190
148
179
158
163
172
153
166
154
157
166
180
150
148
158
178
152
156
165
158
170
174
167
152
135
156
168
175
177
153
182
161
159
147
175
152
159
162
155
161
165
159
160
160
163
151
164
152
152
133
163
149
137
144
134
137
155
139
144
145
127
129
122
139
109
138
132
136
139
121
107
129
127
122
134
113
132
127
118
120
120
105
140
121
120
140
143
126
132
118
127
116
131
112
119
123
119
144
120
130
112
127
132
120
111
129
134
118
108
125
135
118
119
109
135
129
117
119
142
128
129
128
132
129
116
125
123
134
157
126
130
108
126
140
149
137
130
143
135
138
145
134
152
141
116
141
146
169
147
152
145
158
152
137
136
158
144
167
161
136
157
138
158
169
162
155
145
152
178
140
157
191
178
241
205
197
207
199
234
271
235
254
270
308
296
331
326
341
359
352
386
414
425
369
404
419
391
449
414
475
408
421
411
394
444
383
397
363
366
342
358
300
290
317
319
256
238
241
236
187
190
202
189
173
184
164
163
171
126
168
136
122
147
126
121
105
113
130
108
140
124
101
112
105
108
123
115
82
80
82
88
84
94
91
77
101
123
76
93
88
85
69
82
81
80
68
83
98
83
78
65
80
65
71
73
67
73
75
67
68
67
69
48
54
62
53
65
59
79
72
67
62
69
71
50
53
55
46
59
67
59
56
57
52
60
64
57
53
56
54
52
53
55
54
57
51
58
47
54
56
56
62
70
55
54
60
58
58
57
54
64
48
58
53
39
51
59
53
60
43
55
54
44
43
52
69
54
54
54
58
49
53
51
60
40
70
60
48
42
50
60
53
61
56
44
51
45
53
44
46
57
54
58
45
57
52
43
59
54
54
57
46
67
68
54
61
53
57
70
63
57
57
65
67
63
53
61
78
68
62
74
64
73
71
65
65
78
67
85
65
77
70
86
75
63
84
80
77
81
80
89
69
82
75
88
65
74
72
80
69
78
71
68
74
50
82
55
62
79
55
69
45
55
65
56
44
60
43
56
52
48
39
38
46
37
52
34
52
53
42
45
46
51
50
44
37
49
60
49
47
43
42
41
49
38
37
35
44
43
47
40
45
41
37
35
37
48
40
32
41
32
51
45
29
40
36
37
45
32
39
42
33
39
40
29
43
30
29
36
40
23
39
36
34
33
38
28
34
31
46
25
41
34
27
29
29
31
30
33
42
27
44
37
29
25
31
38
29
37
33
36
46
32
27
38
31
46
30
44
32
29
44
26
32
37
30
32
30
36
43
42
33
20
41
28
30
28
37
29
26
40
22
36
30
35
30
35
26
34
20
31
33
29
37
45
37
26
33
37
31
36
26
34
39
31
32
35
37
39
46
34
31
36
47
31
31
36
45
42
44
34
34
26
33
25
24
27
34
34
36
39
36
34
24
39
29
17
30
33
27
27
38
26
24
28
25
22
29
27
30
31
27
23
28
43
33
26
31
38
35
26
30
31
26
30
26
28
22
22
21
27
33
29
31
26
39
38
32
34
36
31
30
38
35
36
32
34
33
45
37
46
40
33
44
35
33
39
46
39
43
41
47
40
42
42
43
42
48
39
40
34
41
43
45
45
38
37
42
51
60
35
37
31
43
47
35
41
33
40
45
41
46
36
39
36
41
54
44
45
41
48
43
46
49
36
39
39
38
48
42
42
46
50
48
39
37
37
41
51
45
41
45
42
44
39
33
52
42
36
30
54
43
28
37
35
41
36
40
50
36
41
43
45
53
34
36
23
43
34
36
29
43
30
36
26
36
34
36
30
46
37
34
38
35
37
41
28
36
37
24
31
30
35
26
37
44
36
28
41
31
31
30
43
33
30
37
34
44
35
30
37
25
37
43
29
33
32
34
28
33
31
28
36
30
42
42
43
37
31
30
27
41
30
27
35
31
33
26
30
27
32
21
38
25
29
37
41
37
38
34
28
33
32
31
39
30
33
32
38
34
18
37
33
27
27
30
35
28
29
29
36
38
24
37
26
32
35
38
37
31
34
31
41
23
28
41
30
30
42
24
30
28
38
28
33
41
31
31
27
25
39
39
43
26
29
29
41
21
41
37
38
28
34
43
36
34
33
28
33
37
31
30
33
27
44
33
38
30
33
35
40
34
41
33
30
42
42
32
37
28
36
40
45
47
36
33
33
28
34
31
40
28
28
23
35
31
27
36
36
19
28
30
31
34
39
28
48
38
27
36
42
34
25
27
28
29
37
36
27
39
29
29
26
35
38
32
32
34
41
23
39
43
34
37
32
33
42
38
32
34
41
44
37
37
38
38
34
34
33
34
43
35
50
38
37
42
51
41
47
43
53
48
64
41
48
34
45
54
45
51
51
43
52
54
52
58
52
45
44
52
48
43
37
65
45
42
57
40
40
48
42
40
46
41
45
51
40
43
44
32
34
37
33
39
38
28
38
45
27
28
28
43
43
30
35
34
30
30
29
27
33
40
33
27
33
31
28
24
24
32
29
34
37
30
34
37
34
30
27
36
31
23
35
34
32
22
35
33
29
36
23
29
28
30
28
35
33
30
30
31
36
30
32
29
37
35
25
22
32
39
24
24
37
31
38
35
41
27
39
27
25
34
27
33
25
26
41
29
29
20
47
29
30
37
27
36
27
22
34
19
34
33
34
34
32
25
35
39
24
32
25
23
38
30
39
$ROI:
43
143 193
144 194
424 531
429 529
440 544
440 545
440 549
443 544
443 553
490 516
604 1134
679 1395
690 1434
772 934
800 953
827 855
828 856
840 1946
849 1974
857 2002
872 900
880 1058
887 915
914 1083
1010 1038
1208 1258
1345 1375
1418 1448
2436 2526
3229 3279
3607 3645
6449 6521
6459 6531
6463 6535
6464 6536
6467 6539
6471 6543
6482 6526
6489 6513
6497 6521
12997 13047
12999 13049
13000 13050
