$SPEC_ID:
GAMWIN
$SPEC_REM:


$DETDESC:

$DATE_MEA:
10/08/2025 15:20:16
$MEAS_TIM:
55854.69 56751.95
$MCA_CAL:
3
1.32118272781372E+001 1.29107522964478E+000 0.00000000000000E+000
$DATA:
0 2047
0
0
0
0
0
0
0
0
0
0
0
0
0
0
0
0
0
0
0
0
0
0
0
0
0
0
0
0
0
0
0
0
0
0
0
2191
2256
2300
2419
2453
2697
2851
2986
3094
3002
3058
3349
3517
3835
4170
4708
4897
4903
4731
4393
4028
3838
3575
3366
3250
3371
3213
3240
3089
2775
2626
2511
2294
2107
2009
1893
1817
1727
1798
1702
1752
1655
1703
1723
1597
1716
1648
1674
1636
1600
1643
1732
1722
1722
1743
1726
1697
1744
1702
1671
1704
1601
1635
1678
1674
1569
1664
1652
1618
1658
1686
1589
1549
1578
1581
1556
1534
1500
1462
1463
1507
1478
1430
1480
1363
1434
1412
1421
1494
1506
1493
1633
1704
1604
1642
1722
1652
1639
1631
1521
1530
1466
1404
1343
1325
1319
1331
1327
1367
1373
1364
1269
1389
1349
1301
1320
1316
1330
1346
1347
1339
1341
1423
1436
1541
1576
1792
1863
2100
2294
2399
2460
2684
2616
2660
2571
2414
2342
2060
1830
1692
1484
1348
1271
1202
1121
1046
1040
1049
1012
957
1039
975
975
1046
1054
1041
1060
975
1023
996
1067
1026
997
1048
1071
1114
1102
1104
1156
1226
1255
1316
1378
1280
1304
1325
1206
1159
1120
1054
947
892
911
823
773
761
767
729
739
665
702
679
744
721
793
783
753
847
833
950
930
1004
957
998
1054
1177
1268
1275
1357
1395
1437
1445
1383
1437
1381
1378
1311
1267
1194
1067
1013
908
851
737
709
661
582
520
547
522
485
519
489
460
452
492
470
497
450
435
464
439
442
487
452
426
454
421
452
423
466
462
452
464
478
436
400
412
432
432
425
439
417
432
409
418
401
375
395
379
369
330
420
380
404
380
369
379
389
365
422
417
360
354
377
345
358
418
395
415
407
368
380
396
414
372
407
384
367
379
339
389
379
349
377
353
351
358
349
329
341
309
329
330
313
350
394
364
360
384
392
415
466
430
437
437
472
465
453
468
428
448
454
404
448
396
379
375
400
350
348
356
291
314
285
307
322
288
295
285
279
321
277
298
264
289
283
294
298
268
296
296
303
297
309
324
310
371
340
332
390
425
417
395
464
468
467
504
542
558
543
562
591
553
584
564
564
636
583
585
595
562
632
664
643
694
685
721
681
729
802
718
702
678
666
589
593
562
548
556
449
438
372
357
357
343
281
317
255
266
251
244
260
240
252
232
248
240
239
217
214
251
251
203
247
242
235
249
224
264
252
235
215
236
232
251
243
250
215
235
248
236
249
254
239
247
227
230
199
232
208
234
230
221
216
241
217
222
216
245
217
257
235
208
251
234
246
236
222
254
244
272
245
257
264
266
234
287
253
271
243
270
273
263
229
279
221
248
249
251
232
256
228
231
219
246
251
255
273
241
226
247
241
242
285
247
249
266
266
256
239
256
267
273
277
246
263
261
251
274
265
264
216
233
230
211
235
246
213
222
216
215
225
203
202
241
212
225
211
233
224
183
216
205
211
202
223
207
221
231
195
205
213
219
209
225
202
230
200
218
211
183
242
231
214
235
239
231
247
238
243
244
254
230
248
242
235
250
234
255
274
271
226
250
234
234
248
253
228
213
248
242
202
239
253
250
226
241
268
263
263
268
292
280
289
307
299
299
323
285
309
313
307
302
317
311
307
308
289
280
292
283
260
251
269
279
236
250
276
244
247
244
230
239
222
238
230
240
261
261
269
247
239
260
272
263
252
253
238
288
256
262
280
292
270
302
237
242
264
236
247
237
228
246
221
234
225
205
191
188
205
190
202
183
196
177
195
166
174
182
192
190
174
173
168
181
169
204
154
184
208
171
147
179
189
178
164
164
187
174
160
186
177
171
163
175
198
177
166
174
178
168
197
153
171
188
174
184
180
176
177
227
163
197
208
196
192
200
196
211
170
185
182
186
184
203
181
188
191
194
177
182
189
175
221
173
175
210
212
207
205
215
219
224
237
247
224
239
225
228
225
251
236
239
243
264
227
249
260
259
262
237
238
240
251
219
208
191
259
227
222
206
214
213
197
195
217
183
208
186
216
191
214
186
203
194
201
209
163
199
211
195
183
171
196
187
182
181
191
171
194
162
198
195
200
178
201
159
160
200
183
208
192
184
202
217
197
195
199
170
201
211
199
208
176
201
212
188
191
202
208
184
196
193
172
198
208
200
175
179
177
198
180
187
182
178
169
174
156
180
153
160
136
158
166
150
151
149
131
133
122
151
123
110
125
137
126
110
137
112
99
109
85
104
104
84
95
120
113
104
95
109
91
95
89
98
84
80
78
78
96
74
87
94
82
78
86
84
87
102
85
96
76
81
79
74
69
88
78
80
64
72
61
90
93
70
75
92
90
88
65
60
79
72
83
71
75
75
99
78
68
83
90
85
93
84
83
98
86
77
105
77
93
89
82
99
73
109
93
111
117
117
106
86
105
110
109
119
113
137
99
109
114
137
107
128
119
105
130
124
137
133
148
163
186
179
189
214
231
229
267
277
311
288
334
357
412
451
458
536
550
577
620
660
765
747
724
793
849
835
907
880
859
938
961
920
904
874
921
937
856
868
835
800
739
704
658
619
593
555
500
442
435
393
374
346
309
317
241
251
193
184
175
161
128
111
145
102
107
100
88
89
76
82
57
79
65
66
62
54
73
50
51
43
48
48
50
39
70
36
56
42
59
46
37
44
56
45
38
41
37
41
42
45
38
27
39
43
29
39
53
41
42
30
37
45
38
57
36
43
36
40
31
46
38
55
47
40
48
46
51
41
45
46
40
51
46
44
43
43
49
40
38
28
42
45
29
40
41
33
30
34
38
45
32
34
30
43
42
33
44
26
23
26
38
23
31
38
36
36
26
33
31
28
28
27
28
20
26
25
19
25
23
32
25
31
12
37
23
30
33
25
27
25
37
20
31
26
36
21
22
18
36
18
31
33
24
22
33
31
25
31
27
27
39
31
28
22
34
31
30
27
34
37
24
33
35
42
44
29
43
39
43
36
37
57
44
42
49
50
43
55
52
48
45
53
41
57
56
62
49
66
63
69
61
56
53
65
55
68
59
77
56
46
53
63
52
46
56
44
52
45
44
41
45
32
46
37
40
27
32
31
38
33
29
26
28
28
26
27
29
33
29
24
28
24
22
17
24
25
26
31
17
15
29
19
17
30
22
30
9
25
23
30
22
17
23
19
34
21
15
28
18
28
17
20
22
19
21
38
22
19
21
14
25
25
17
24
22
18
18
27
21
23
19
16
17
16
21
22
19
21
11
16
27
19
18
21
14
18
18
27
13
17
17
18
16
21
17
15
14
18
14
13
15
18
21
16
17
14
9
16
11
12
14
17
14
13
17
20
19
16
13
25
21
17
21
21
15
21
11
16
17
13
26
17
10
15
15
15
13
12
14
22
13
19
19
17
15
15
16
11
8
13
16
24
13
13
12
8
11
16
12
18
17
17
12
14
10
5
15
12
8
18
15
16
10
20
15
17
17
15
20
14
16
7
21
16
18
20
17
16
15
20
15
23
14
14
8
18
20
12
11
11
19
13
9
17
12
19
15
25
16
21
24
6
23
14
17
11
12
19
20
21
21
19
32
17
30
21
23
28
28
20
19
37
16
26
22
28
25
28
25
28
27
36
24
20
28
31
27
28
28
26
23
27
23
17
22
22
29
18
27
21
17
23
28
20
14
22
13
20
10
13
20
21
23
19
19
19
25
22
23
17
19
28
34
17
18
27
32
21
21
23
30
17
22
20
24
21
21
17
41
36
28
17
20
26
27
34
20
27
25
26
27
27
34
29
24
27
25
31
27
29
23
28
18
32
17
21
19
17
14
16
22
25
23
26
20
19
14
20
17
15
18
23
28
15
20
10
18
18
23
17
20
19
18
23
25
18
16
28
23
22
27
19
19
14
19
17
12
17
22
25
19
10
18
10
15
20
17
16
14
26
8
19
15
19
16
12
19
13
17
16
21
21
18
19
30
21
13
20
12
14
23
20
14
19
16
24
18
17
16
12
27
15
17
20
12
19
16
15
13
22
15
16
16
24
17
23
16
20
12
24
18
10
11
14
13
18
19
18
13
8
16
13
17
10
11
16
17
5
9
22
19
13
18
19
16
11
12
11
12
17
11
15
11
10
10
5
14
16
13
13
16
17
16
14
14
10
17
9
18
8
13
18
15
17
12
19
15
17
17
14
12
16
15
10
16
5
11
13
14
10
12
9
10
8
15
10
5
10
8
10
8
14
7
14
13
15
8
15
9
14
15
7
10
9
9
8
10
15
10
17
10
7
11
9
10
15
8
10
14
10
10
11
15
15
20
12
18
7
12
11
17
17
12
8
11
10
20
10
15
16
21
14
17
17
16
8
16
16
12
18
19
20
18
19
21
17
19
27
33
29
20
28
30
35
34
25
27
38
33
40
25
39
40
55
41
41
41
57
52
44
56
53
63
56
40
39
47
45
45
46
42
48
45
43
35
42
33
36
25
32
39
42
27
28
18
26
25
22
26
22
24
20
16
20
19
11
9
18
15
13
9
18
24
15
6
15
12
14
6
11
10
10
8
14
15
16
11
8
13
5
10
4
5
8
11
6
5
11
11
8
9
11
5
10
12
7
13
10
12
15
5
6
5
8
8
7
6
13
10
7
10
13
3
7
17
11
11
8
8
11
11
6
6
11
8
11
10
9
11
12
5
11
7
5
8
8
7
7
3
8
13
10
7
7
6
7
13
12
8
6
12
5
8
5
7
7
10
15
10
9
6
15
12
6
5
6
9
11
$ROI:
43
143 193
144 194
424 531
429 529
440 544
440 545
440 549
443 544
443 553
490 516
604 1134
679 1395
690 1434
772 934
800 953
827 855
828 856
840 1946
849 1974
857 2002
872 900
880 1058
887 915
914 1083
1010 1038
1208 1258
1345 1375
1418 1448
2436 2526
3229 3279
3607 3645
6449 6521
6459 6531
6463 6535
6464 6536
6467 6539
6471 6543
6482 6526
6489 6513
6497 6521
12997 13047
12999 13049
13000 13050
