$SPEC_ID:
GAMWIN
$SPEC_REM:


$DETDESC:

$DATE_MEA:
09/17/2025 14:23:02
$MEAS_TIM:
417902.80 427754.04
$MCA_CAL:
3
1.32118272781372E+001 1.29107522964478E+000 0.00000000000000E+000
$DATA:
0 2047
0
0
0
0
0
0
0
0
0
0
0
0
0
0
0
0
0
0
0
0
0
0
0
0
0
0
0
0
0
0
0
0
0
0
0
26359
27227
28179
29815
31736
33112
35354
37113
38749
40055
41621
43551
46674
51431
58011
63442
68491
69596
67506
63173
57746
52389
48251
45669
45109
44065
44040
42621
40867
38403
35544
32756
30077
27936
25830
24378
23660
22760
22714
22090
22251
21497
21546
21560
21053
21139
21294
21081
20927
21258
21463
21791
22094
22369
22709
22830
22770
22705
22457
22124
22002
21883
21668
21610
21389
21591
21454
21452
21107
21248
21235
21106
20948
20552
20346
20054
19926
19636
19405
19082
18962
18629
18391
18459
18323
18209
17920
17841
18585
18790
19057
19294
19897
20372
20560
20511
20642
20437
20012
19902
19007
18823
18288
17856
17660
17519
17547
17672
17712
17874
18081
18137
18171
18187
18297
17938
17468
17401
17249
16956
16966
17374
17905
18623
19537
21210
23203
25695
28785
31085
34493
37789
39801
41370
41903
41729
40223
37992
34539
31105
28068
24448
21753
18859
16865
15176
14124
13143
13050
12635
12634
12423
12518
12439
12682
12653
12888
13033
12923
12896
12909
12908
12868
12716
12624
12910
13045
13315
13687
14151
14758
15268
15548
16087
16236
16533
16237
15691
15452
14484
14092
12938
12279
11495
10696
9996
9676
9106
8979
8882
8672
8679
8968
8927
9183
9578
9862
10311
10732
11197
11684
12111
12623
13199
13619
14149
14682
15111
15608
16275
16859
17304
17572
17845
18239
17988
17726
17231
16523
15660
14907
13892
12499
11364
10258
9539
8602
7870
7385
6679
6403
6115
5990
5785
5587
5512
5481
5496
5420
5455
5473
5393
5378
5468
5329
5361
5439
5418
5322
5414
5381
5393
5559
5481
5452
5465
5426
5424
5314
5329
5160
5008
5041
4894
4867
4777
4923
4774
4758
4562
4581
4392
4434
4354
4355
4257
4396
4313
4383
4357
4300
4355
4426
4313
4330
4565
4491
4510
4714
4681
4696
4818
4841
4991
4895
4994
5080
5036
4928
5042
4921
4886
4700
4578
4460
4472
4273
4267
4155
4200
4074
4087
3952
3953
3960
3979
3982
4132
4106
4286
4384
4393
4573
4754
4953
4961
5222
5269
5338
5549
5696
5672
5716
5632
5490
5529
5423
5055
5144
4728
4596
4439
4198
4065
3994
3824
3740
3698
3524
3507
3400
3386
3453
3344
3436
3503
3391
3440
3422
3474
3455
3496
3556
3591
3489
3677
3845
3892
4161
4360
4413
4531
4943
5045
5384
5705
6009
6471
6841
7071
7424
7831
7952
8164
8347
8575
8694
8505
8622
8411
8506
8325
8232
8197
8234
8218
8308
8380
8379
8660
8450
8708
8799
8693
8805
8570
8494
8066
7988
7500
7173
6699
6212
5915
5546
5200
4563
4338
4144
3794
3603
3345
3379
3003
3028
2977
2874
2804
2810
2770
2793
2769
2777
2690
2746
2706
2712
2805
2799
2676
2776
2806
2616
2711
2745
2787
2729
2651
2714
2725
2623
2738
2692
2687
2717
2720
2679
2581
2546
2770
2690
2599
2685
2645
2617
2514
2653
2631
2571
2664
2713
2567
2566
2757
2762
2982
2828
2865
2927
2995
3042
2991
3079
3067
3104
3190
3290
3255
3268
3378
3326
3263
3403
3319
3178
3199
3160
3051
3115
2966
2891
2894
2821
2885
2840
2677
2765
2752
2866
2738
2762
2787
2964
2911
2971
2959
2968
3008
3100
3042
3062
3054
3131
3075
3180
3025
3061
3046
2976
2969
3068
2996
2968
2933
2971
2917
3021
2845
2864
2867
2762
2735
2741
2721
2720
2629
2650
2487
2524
2566
2424
2412
2375
2365
2411
2332
2351
2222
2298
2243
2246
2276
2337
2317
2326
2317
2320
2357
2428
2461
2356
2466
2423
2526
2440
2467
2529
2507
2518
2580
2569
2622
2600
2675
2684
2663
2685
2730
2825
2812
2750
2767
2749
2809
2682
2690
2670
2644
2603
2552
2569
2537
2479
2482
2545
2583
2643
2750
2730
2759
2927
2825
3056
3126
3249
3440
3598
3571
3829
4019
3998
4224
4186
4331
4434
4457
4289
4446
4398
4386
4199
4168
4046
4062
3896
3719
3546
3403
3339
3193
3111
2994
2985
2928
2792
2729
2787
2752
2828
2698
2890
2795
2884
2881
2892
3076
3105
3139
3091
3335
3437
3516
3502
3567
3590
3698
3616
3721
3604
3690
3647
3568
3451
3395
3357
3279
3157
3022
2917
2843
2788
2588
2513
2378
2453
2215
2235
2216
2098
2082
1958
1962
1957
1951
1924
1943
1932
1894
1853
1816
1786
1811
1785
1823
1786
1806
1815
1775
1686
1701
1792
1777
1742
1669
1744
1790
1805
1733
1738
1773
1782
1714
1763
1790
1807
1759
1760
1848
1915
1833
1748
1774
1803
1838
1821
1845
1802
1840
1891
1846
1903
1878
1849
1793
1942
1928
1914
1853
1902
1838
1934
1992
1958
1910
2044
1966
2064
2045
1944
2097
2116
2082
2123
2174
2118
2216
2367
2271
2373
2373
2443
2546
2540
2528
2488
2506
2560
2636
2654
2734
2698
2740
2517
2589
2659
2471
2617
2527
2487
2543
2358
2372
2352
2291
2278
2237
2219
2206
2127
2108
2077
2115
2047
2118
2090
2003
2032
2023
2076
1984
2072
1898
1952
1967
1928
2002
1911
1838
1933
1961
1988
1890
1881
1844
1955
1845
1933
1922
1927
1927
1936
1856
1922
1865
1957
1916
1913
1864
1970
1959
1878
1947
1926
1976
1957
1968
1945
1990
1939
1913
1911
1900
2035
2062
2047
2005
1980
1925
1919
2041
2019
2056
1992
2019
2048
2040
1955
1937
1843
1886
1857
1847
1849
1786
1851
1683
1708
1586
1526
1573
1561
1586
1510
1418
1319
1364
1398
1329
1264
1308
1231
1174
1250
1225
1196
1159
1166
1173
1134
1095
1115
1009
1124
1006
1055
988
994
1011
986
1032
904
1020
962
969
904
932
959
967
853
861
860
895
886
822
833
868
866
882
830
811
839
805
799
825
829
808
778
828
822
826
836
788
829
796
842
747
751
772
780
867
848
789
862
821
876
837
810
878
840
834
895
856
869
921
941
977
915
992
980
980
989
1062
1018
1046
1031
1002
1088
1041
1013
1060
1051
1072
1084
1056
1107
1078
1060
1078
1112
1116
1165
1125
1160
1191
1283
1348
1369
1406
1456
1573
1597
1679
1808
1906
2051
2199
2329
2511
2622
2975
3169
3400
3798
3922
4355
4556
4956
5270
5638
6032
6406
6679
6972
7380
7626
7907
8346
8189
8664
8780
8763
8847
9101
8766
8662
8717
8719
8354
8001
7879
7503
7201
6915
6450
6071
5666
5324
4942
4584
4383
3898
3613
3257
3081
2754
2442
2312
2013
1896
1775
1600
1450
1336
1247
1149
1065
1033
916
856
868
802
788
729
726
767
679
720
612
612
599
532
588
555
545
543
556
536
511
499
458
519
512
469
447
489
462
454
434
464
410
472
418
444
433
433
477
409
514
469
474
490
484
502
480
498
564
505
563
543
550
547
557
574
556
593
634
556
611
564
591
596
600
611
613
556
549
558
589
560
570
578
558
568
545
556
554
536
502
525
532
544
495
495
533
494
534
432
474
483
486
439
452
452
438
428
423
444
414
396
397
391
409
379
369
367
365
333
332
335
368
346
357
330
320
335
332
363
295
303
347
342
342
312
346
300
311
330
309
290
328
329
321
314
324
309
333
342
362
303
309
318
343
351
333
347
391
353
384
354
359
411
406
420
417
389
451
443
470
442
459
470
465
471
508
519
524
568
533
605
571
629
622
595
590
631
653
679
708
688
739
751
666
746
701
757
710
771
700
710
740
696
722
686
668
717
570
630
646
610
578
541
526
526
502
506
429
463
414
387
365
395
363
339
340
339
289
318
307
323
312
281
292
285
273
280
272
284
261
296
286
230
276
256
278
294
297
293
295
258
291
282
284
305
310
292
290
303
300
296
293
276
306
277
285
289
297
275
274
301
296
267
283
242
294
266
279
243
256
218
278
244
266
242
206
235
238
265
261
246
208
230
222
235
219
214
242
207
225
223
213
260
220
237
218
219
205
218
235
231
220
205
215
225
227
208
214
221
202
189
201
214
207
198
209
200
240
207
214
209
207
196
218
227
179
221
210
221
220
219
223
202
224
222
197
203
194
174
187
201
191
212
182
173
185
205
184
205
198
184
176
203
216
188
200
205
203
214
206
184
192
186
187
203
207
194
224
210
188
208
201
199
205
200
210
203
186
180
227
206
230
211
186
171
189
208
179
221
191
224
210
233
214
197
202
179
196
212
186
189
197
215
216
205
196
225
181
221
202
216
223
235
230
250
234
237
231
247
263
226
267
262
255
271
309
303
287
307
313
306
304
299
347
355
350
350
343
351
354
360
400
370
377
377
350
394
421
373
374
370
377
399
342
353
383
352
339
318
344
312
313
322
315
294
315
279
289
299
287
291
271
281
242
270
264
243
248
275
265
268
259
275
249
263
251
259
287
264
259
254
340
297
254
300
280
302
303
307
339
316
319
328
338
324
319
364
330
344
366
339
307
341
340
327
314
347
335
343
340
302
316
330
334
293
320
306
289
288
292
297
270
274
300
257
278
257
259
285
243
259
284
233
245
258
254
265
266
240
236
240
257
247
266
250
244
239
240
253
214
241
224
264
243
248
225
257
238
240
260
229
229
271
254
223
259
252
225
241
233
259
289
239
226
262
230
246
262
261
243
247
241
213
226
210
245
240
268
251
213
214
241
222
243
253
239
230
243
216
223
222
229
242
239
229
242
247
233
273
224
238
218
246
236
199
227
224
221
219
229
204
223
183
209
214
213
186
216
219
222
213
203
206
206
185
192
182
188
203
171
180
193
176
197
186
176
204
173
156
183
149
174
179
156
167
173
155
156
182
176
170
153
169
181
163
170
187
136
176
173
164
170
176
163
160
177
167
178
150
163
136
139
149
167
161
161
143
139
173
160
150
161
142
132
148
162
137
129
125
127
111
142
155
136
141
141
121
113
127
119
124
142
114
119
113
135
105
119
105
108
117
118
99
118
118
123
124
106
113
118
107
97
109
121
131
126
105
106
122
104
100
105
114
118
143
134
130
124
130
130
122
135
140
144
133
145
165
161
159
180
189
183
183
180
211
237
250
231
224
247
260
291
301
321
323
326
411
402
427
437
485
473
500
504
543
575
602
649
638
663
700
634
702
701
694
763
733
737
721
733
765
765
752
731
735
705
745
730
713
716
658
662
666
605
571
546
527
494
502
464
467
433
410
403
379
324
321
289
283
247
247
233
216
210
210
186
203
158
159
158
166
115
161
129
142
133
126
116
114
102
113
104
113
116
96
105
91
113
99
102
97
92
93
96
90
92
84
124
96
82
74
98
88
101
80
90
112
88
84
94
71
89
81
79
83
88
76
82
72
78
83
76
77
79
83
68
94
95
77
88
85
70
78
91
80
91
80
77
77
83
70
71
88
84
61
67
62
79
78
90
82
74
73
77
84
89
90
79
88
82
91
83
100
74
86
$ROI:
43
143 193
144 194
424 531
429 529
440 544
440 545
440 549
443 544
443 553
490 516
604 1134
679 1395
690 1434
772 934
800 953
827 855
828 856
840 1946
849 1974
857 2002
872 900
880 1058
887 915
914 1083
1010 1038
1208 1258
1345 1375
1418 1448
2436 2526
3229 3279
3607 3645
6449 6521
6459 6531
6463 6535
6464 6536
6467 6539
6471 6543
6482 6526
6489 6513
6497 6521
12997 13047
12999 13049
13000 13050
