$SPEC_ID:
GAMWIN
$SPEC_REM:


$DETDESC:

$DATE_MEA:
09/23/2025 15:26:05
$MEAS_TIM:
78297.27 79687.37
$MCA_CAL:
3
1.32118272781372E+001 1.29107522964478E+000 0.00000000000000E+000
$DATA:
0 2047
0
0
0
0
0
0
0
0
0
0
0
0
0
0
0
0
0
0
0
0
0
0
0
0
0
0
0
0
0
0
0
0
0
0
0
3924
4060
4341
4717
5068
5650
5812
6365
6686
6995
7328
7881
8815
10128
11642
13260
14317
14805
14289
13305
11913
10650
9698
9159
8882
8776
8822
8535
8069
7430
6766
6097
5393
4821
4441
4041
3912
3832
3688
3632
3641
3539
3610
3531
3372
3370
3353
3395
3356
3450
3496
3520
3641
3678
3814
3899
3814
3749
3752
3701
3707
3643
3721
3713
3624
3617
3729
3628
3738
3633
3639
3586
3509
3395
3517
3411
3442
3338
3299
3369
3237
3231
3085
3090
3228
3172
3091
3162
3237
3214
3409
3493
3525
3878
3929
3980
3730
3925
3835
3664
3471
3369
3364
3207
3218
3283
3187
3263
3145
3308
3262
3317
3345
3309
3310
3281
3230
3119
3119
3101
2995
3091
3376
3436
3802
4132
4599
5318
5993
6854
7672
8354
8962
9388
9505
9639
9070
8453
7799
6878
5800
5163
4499
3726
3268
2876
2489
2326
2262
2301
2213
2237
2105
2250
2299
2283
2336
2370
2380
2351
2414
2462
2410
2346
2302
2332
2483
2529
2592
2729
2804
2940
3102
3287
3267
3429
3218
3196
3099
2892
2825
2490
2366
2167
2049
1858
1711
1689
1628
1523
1593
1568
1558
1473
1682
1769
1870
1871
2093
2074
2235
2374
2566
2654
2767
2943
3039
3185
3308
3408
3495
3713
3725
3857
3924
3874
3720
3669
3361
3272
3156
2857
2595
2298
2084
1879
1669
1406
1314
1200
1138
1083
1054
1000
971
945
1009
987
900
959
931
893
924
991
922
930
946
907
946
1005
973
1012
928
938
985
1005
951
984
946
933
982
936
852
948
878
835
803
868
805
791
764
786
778
705
793
701
734
731
758
734
736
754
754
704
740
777
739
780
821
851
811
809
842
924
912
934
867
928
921
951
878
934
829
891
834
783
773
716
772
752
722
685
709
657
683
706
716
703
710
726
772
788
829
808
882
913
921
1045
1024
1067
1045
1052
1021
1135
1098
1048
976
968
899
850
807
790
769
753
668
616
691
661
577
611
634
596
562
608
625
583
586
577
569
605
647
622
617
665
682
667
724
742
748
764
854
850
929
1059
1074
1194
1288
1387
1411
1559
1538
1644
1742
1824
1875
1878
1863
1962
1844
1855
1861
1851
1840
1755
1750
1744
1801
1848
1792
1817
1881
1941
1877
1843
1926
1906
1795
1689
1675
1568
1447
1324
1378
1202
1152
1021
917
864
739
667
655
578
558
550
515
492
483
466
466
477
445
431
447
455
454
461
449
456
445
454
461
481
456
467
469
472
471
476
436
465
437
474
417
467
426
428
423
421
453
414
427
437
393
422
434
443
409
449
438
440
433
405
448
437
449
469
502
519
522
491
550
578
562
584
600
626
601
558
639
602
674
593
608
596
612
594
624
552
499
563
534
496
475
555
468
474
474
516
515
464
497
489
507
500
491
524
492
507
539
525
537
542
535
520
550
568
542
545
512
519
516
535
498
492
509
514
556
501
509
478
491
467
449
456
420
433
441
414
436
434
403
359
364
384
336
358
366
365
345
322
370
340
361
397
336
367
379
384
358
385
366
414
373
360
384
388
376
375
411
436
398
451
449
456
436
450
434
487
463
459
457
478
454
438
454
421
436
421
422
427
422
440
421
432
416
440
381
441
455
469
456
532
570
560
565
573
635
657
697
747
788
784
781
854
797
838
807
801
874
790
796
719
761
738
707
722
602
603
561
530
541
515
478
440
460
471
435
403
406
415
470
399
439
497
459
488
526
530
517
548
590
610
598
554
613
650
676
643
672
648
683
626
655
599
625
561
551
511
462
429
418
411
406
395
345
332
337
316
296
285
302
256
269
238
218
245
220
260
229
225
200
243
230
206
228
205
217
231
197
207
206
188
193
215
223
186
208
206
220
216
215
207
209
215
212
241
184
213
206
211
199
219
216
206
209
196
230
201
214
204
218
213
243
217
244
230
214
194
202
232
226
242
224
247
253
214
247
242
253
224
257
257
260
306
261
307
278
304
294
335
327
321
353
376
349
363
376
373
362
358
358
331
387
409
400
351
372
380
327
305
346
325
288
270
301
307
273
273
278
258
246
255
219
235
244
212
216
200
216
235
196
187
224
194
195
173
204
191
194
178
227
143
209
227
183
194
170
178
182
196
197
177
186
167
177
201
198
222
169
206
187
191
176
196
183
180
214
179
174
216
215
213
215
254
238
228
211
218
237
235
226
223
245
258
235
249
231
253
272
205
251
237
222
205
239
244
239
215
226
219
197
200
218
202
191
174
174
189
185
164
168
176
164
164
169
139
155
148
159
157
168
155
161
135
140
150
133
147
142
123
140
154
129
138
140
145
145
142
139
157
127
127
122
128
123
118
135
130
124
144
120
122
124
135
126
127
127
136
141
123
137
129
116
123
139
123
139
115
145
120
140
146
121
146
149
121
155
158
160
159
163
166
160
137
159
180
163
183
177
188
201
184
182
194
185
179
183
173
194
167
198
180
165
186
213
167
181
183
182
208
177
184
146
181
165
188
183
200
173
165
181
203
159
216
216
206
185
212
220
228
265
224
241
275
254
284
272
323
320
354
370
369
415
368
446
436
405
469
448
474
437
495
461
440
514
460
439
449
439
406
423
388
384
427
371
300
314
311
279
249
247
250
261
237
225
195
223
187
202
199
180
161
179
166
161
155
159
125
154
140
140
125
144
131
152
127
154
126
139
105
146
119
100
112
121
108
90
106
99
105
96
117
90
94
89
94
121
102
99
99
103
100
107
91
98
90
98
102
103
91
100
110
119
126
114
110
116
124
146
114
98
120
133
123
136
129
136
132
139
126
134
138
143
144
135
115
134
139
142
132
138
141
122
105
126
124
118
120
125
98
129
120
121
116
122
120
114
95
117
116
88
95
100
94
111
92
96
96
92
84
79
79
102
70
81
83
74
103
70
68
87
78
77
76
76
60
64
81
64
73
82
74
64
86
72
77
91
70
76
81
75
86
68
88
78
75
69
68
96
79
86
76
72
83
82
73
85
81
81
83
92
92
94
93
91
98
101
106
97
139
119
132
123
107
123
122
120
138
130
118
125
123
138
145
141
148
159
171
133
158
175
149
191
141
168
137
177
139
186
169
160
173
151
161
142
147
138
135
140
118
112
120
118
104
121
91
109
94
93
97
88
85
81
84
79
83
64
76
85
62
64
69
57
61
67
69
61
63
69
60
66
54
61
60
57
62
74
60
62
71
74
61
83
64
71
81
63
67
54
86
69
70
72
63
61
60
53
82
63
42
64
59
69
66
56
71
48
53
45
55
52
48
58
57
48
52
58
63
59
50
51
58
53
49
48
49
64
46
57
47
54
51
55
46
41
38
42
50
50
60
52
49
45
54
59
47
46
47
40
42
37
57
48
64
55
52
58
45
38
49
47
54
46
46
39
38
39
42
41
55
39
52
58
45
42
57
45
30
44
45
49
41
43
53
50
39
52
50
41
58
44
45
29
46
52
38
42
48
56
49
43
48
47
51
52
50
54
37
47
53
49
44
39
41
35
54
53
56
44
51
36
51
43
37
49
38
40
63
50
48
43
60
44
40
50
46
54
48
50
53
44
50
59
39
43
52
46
50
54
45
53
56
60
57
51
49
63
57
50
59
56
59
73
67
66
80
58
70
94
76
70
72
72
102
79
90
78
96
99
85
98
93
99
100
74
83
104
91
95
86
82
82
84
76
85
70
73
80
64
72
79
67
54
67
56
59
73
72
62
61
53
58
59
57
73
86
65
66
56
65
52
62
58
65
64
59
68
68
53
68
69
71
66
63
53
62
76
58
62
78
69
60
85
78
72
89
80
93
69
62
68
81
78
99
75
64
58
86
83
66
86
79
86
91
62
71
66
60
72
84
63
69
66
63
74
49
62
62
56
69
54
59
55
52
58
49
64
58
58
60
44
62
64
47
67
61
50
66
57
73
57
49
67
68
54
46
37
53
53
63
55
57
50
54
56
45
56
55
55
61
52
55
64
57
65
59
61
58
54
78
42
55
57
50
62
67
57
54
54
62
55
55
53
50
44
54
61
69
52
39
79
40
43
55
46
57
60
47
55
46
48
51
65
54
63
49
44
49
50
43
53
54
48
47
44
47
45
46
37
38
44
42
53
41
50
51
46
55
42
34
39
40
44
57
47
51
32
32
47
40
38
33
34
40
35
42
38
35
36
33
25
34
42
30
39
41
35
40
47
36
37
38
18
38
37
36
38
40
36
37
31
42
28
35
27
40
25
34
44
37
27
23
25
27
49
27
24
31
26
40
22
31
28
30
31
28
19
16
23
25
19
13
28
17
31
22
16
29
20
26
26
17
26
21
22
20
26
25
17
21
36
31
24
40
19
32
21
25
23
34
26
23
22
40
32
28
19
24
33
24
32
26
30
32
40
42
43
36
32
38
46
36
45
49
51
60
61
64
56
62
82
71
95
75
97
98
76
105
120
112
114
131
139
133
148
135
164
158
165
149
153
158
162
173
177
165
171
184
178
199
191
199
175
162
213
179
167
169
149
179
160
145
136
124
126
124
145
121
127
103
107
98
115
82
59
103
88
63
57
62
56
50
46
46
45
41
34
37
29
32
26
24
26
24
26
22
23
21
17
17
27
25
16
29
26
26
35
28
20
16
18
20
23
14
27
15
25
15
19
20
15
18
19
19
14
11
18
14
24
16
7
16
15
14
10
8
23
23
13
19
17
12
20
16
20
16
24
15
22
12
11
19
11
15
16
14
16
15
18
17
18
22
14
14
17
20
18
15
21
13
22
14
13
23
19
15
16
15
21
17
14
18
8
$ROI:
43
143 193
144 194
424 531
429 529
440 544
440 545
440 549
443 544
443 553
490 516
604 1134
679 1395
690 1434
772 934
800 953
827 855
828 856
840 1946
849 1974
857 2002
872 900
880 1058
887 915
914 1083
1010 1038
1208 1258
1345 1375
1418 1448
2436 2526
3229 3279
3607 3645
6449 6521
6459 6531
6463 6535
6464 6536
6467 6539
6471 6543
6482 6526
6489 6513
6497 6521
12997 13047
12999 13049
13000 13050
