$SPEC_ID:
GAMWIN
$SPEC_REM:


$DETDESC:

$DATE_MEA:
09/22/2025 13:13:28
$MEAS_TIM:
62364.74 63764.40
$MCA_CAL:
3
1.32118272781372E+001 1.29107522964478E+000 0.00000000000000E+000
$DATA:
0 2047
0
0
0
0
0
0
0
0
0
0
0
0
0
0
0
0
0
0
0
0
0
0
0
0
0
0
0
0
0
0
0
0
0
0
0
4353
4635
4935
5324
5653
6158
6765
7129
7342
7654
8053
8598
9355
10866
12614
13951
15344
15823
15338
14309
12619
11344
10287
9738
9360
9181
9077
8982
8323
7723
7020
6273
5642
4944
4469
4166
3962
3742
3758
3606
3532
3600
3453
3512
3301
3406
3433
3513
3325
3432
3547
3668
3721
3790
3817
3876
3898
3804
3943
3748
3635
3708
3739
3760
3635
3687
3740
3636
3589
3597
3649
3549
3533
3564
3463
3494
3397
3392
3334
3319
3194
3197
3211
3136
3005
3073
3101
3147
3178
3465
3423
3523
3708
3737
3950
3914
3892
4044
3802
3680
3572
3466
3365
3191
3220
3232
3164
3228
3169
3158
3284
3301
3308
3299
3307
3264
3157
3098
3049
2970
2907
3080
3113
3447
3715
4196
4662
5286
6048
6714
7531
8271
8860
9177
9337
9382
9038
8380
7544
6782
5965
5007
4337
3740
3249
2901
2581
2344
2295
2181
2204
2187
2112
2184
2177
2284
2402
2375
2357
2403
2395
2395
2309
2416
2416
2467
2544
2573
2793
2857
3017
3111
3316
3445
3485
3524
3396
3347
3208
2927
2886
2721
2449
2207
2033
1835
1674
1610
1581
1629
1522
1549
1584
1618
1712
1739
1847
1983
2039
2195
2193
2495
2550
2677
2919
3031
3139
3297
3520
3621
3836
3938
4159
4163
4178
4149
4133
4021
3779
3502
3314
2995
2706
2413
2167
1934
1771
1485
1298
1294
1168
1088
1011
1020
959
947
994
971
918
912
915
930
940
896
966
1014
946
968
1009
968
990
990
967
970
967
957
1008
932
973
963
924
906
869
913
850
820
834
863
775
748
744
774
734
737
723
724
690
690
782
709
689
735
770
777
761
806
780
778
819
814
861
823
829
825
892
933
899
880
887
858
894
854
832
842
785
791
773
684
831
707
703
676
660
717
629
679
659
683
742
712
809
778
727
863
858
953
927
986
979
1033
1027
1070
1090
1061
1027
982
937
922
849
843
792
812
758
725
706
645
666
616
643
552
563
576
567
576
627
589
569
542
600
597
612
645
644
586
610
654
694
703
755
810
836
916
1060
1013
1086
1213
1238
1383
1434
1536
1582
1673
1811
1836
1787
1862
1890
1902
1919
1776
1835
1866
1914
1885
2007
1953
1893
1922
1951
2000
1933
1995
2098
2063
2051
2019
1948
1874
1776
1784
1615
1553
1333
1231
1143
1071
1001
913
776
765
698
558
538
507
492
460
452
478
419
476
453
438
456
418
437
432
446
424
444
460
460
472
439
461
483
467
461
438
453
478
473
421
437
419
465
428
412
456
404
447
416
419
390
444
410
425
436
441
440
429
431
455
437
450
417
502
503
507
464
562
550
560
542
558
583
603
585
614
624
579
595
579
641
571
613
543
547
543
505
529
488
488
494
492
447
536
481
473
507
496
470
529
518
519
508
527
500
566
593
567
573
534
557
560
530
558
546
590
560
535
544
555
516
580
536
472
548
502
475
508
501
482
458
421
456
429
391
385
407
373
442
353
379
372
338
342
355
356
338
374
331
386
348
394
390
378
383
397
380
390
396
377
375
396
385
395
422
413
420
435
430
422
416
443
417
423
400
413
459
419
441
371
450
443
406
432
389
419
413
461
403
384
436
431
390
423
433
400
430
500
496
501
548
585
608
613
656
698
711
774
794
820
814
854
849
855
813
808
826
782
806
760
759
762
668
659
633
586
578
556
517
534
512
501
460
485
426
435
413
433
425
473
461
437
508
475
546
563
574
567
543
561
635
638
616
613
648
697
654
628
625
590
557
593
567
550
537
522
439
465
382
378
400
339
355
313
293
282
302
273
246
264
248
268
231
235
219
259
199
215
217
233
235
215
229
195
198
204
184
207
201
218
218
218
208
227
197
199
202
205
204
192
205
236
207
227
192
203
206
191
202
207
194
205
218
223
238
213
206
219
225
235
245
214
203
219
235
213
218
207
218
237
242
251
258
233
232
265
239
269
269
281
269
311
289
321
329
337
347
327
390
390
401
368
391
375
419
421
394
401
423
401
394
401
398
401
362
395
317
334
327
323
328
269
288
291
296
261
280
268
245
242
266
257
255
224
196
224
227
214
248
184
227
209
218
182
224
186
184
207
222
177
197
198
175
209
158
215
200
200
218
205
169
195
178
175
180
172
214
199
169
205
221
195
209
182
198
203
227
209
218
198
210
220
214
218
222
217
246
234
249
277
252
232
274
243
236
232
255
270
223
244
226
242
249
240
226
213
213
194
204
222
187
197
176
194
193
183
175
160
178
177
161
179
172
161
179
180
161
173
166
153
159
153
151
156
172
139
140
137
144
151
136
143
135
124
134
129
130
114
136
155
123
108
147
143
123
143
130
129
143
136
132
116
123
139
134
118
140
138
99
106
137
118
142
153
122
124
144
137
151
120
144
139
149
166
174
138
161
161
156
196
175
208
188
184
168
178
152
190
171
207
170
199
190
215
183
202
174
171
177
187
193
189
201
182
167
197
175
188
183
210
182
173
185
181
181
189
181
185
188
207
218
215
222
204
223
217
219
233
276
244
297
292
303
288
355
353
352
369
362
453
440
435
454
471
495
468
470
539
477
457
466
498
499
463
471
493
463
452
431
418
398
376
329
321
339
326
306
319
264
254
263
219
211
216
205
186
184
186
159
164
159
155
155
130
136
155
142
124
120
126
129
129
122
124
146
115
129
106
109
108
96
123
119
84
113
97
102
107
102
67
103
90
97
106
93
105
93
91
97
100
92
98
96
92
116
119
96
94
122
107
116
116
111
136
129
112
110
118
137
128
138
126
136
133
121
145
134
130
146
130
144
134
116
130
140
130
137
126
135
140
135
128
140
118
122
105
117
102
99
108
99
104
123
94
94
101
98
117
111
82
100
110
106
107
107
96
98
88
98
99
83
81
72
92
71
75
84
86
89
69
69
68
81
72
78
86
54
65
72
81
86
68
67
66
85
81
67
80
79
78
64
68
68
79
69
68
55
84
68
85
90
81
79
84
79
88
86
93
96
97
98
116
106
105
97
118
110
104
106
110
134
120
127
141
131
131
167
130
120
161
158
143
160
163
170
181
158
195
187
165
166
156
180
186
183
205
179
173
170
142
186
153
176
142
144
148
151
142
113
125
134
113
127
94
106
87
85
88
97
80
80
80
69
75
82
76
68
61
73
61
59
51
67
63
61
68
85
46
83
68
56
67
63
74
77
52
71
74
60
71
74
67
74
65
63
80
72
62
65
81
54
62
76
52
74
62
60
62
78
56
50
61
58
53
76
53
58
41
53
47
61
62
49
63
68
48
46
61
51
47
53
38
59
60
49
32
48
47
59
43
41
49
47
26
42
62
43
46
37
54
29
49
52
52
43
59
35
44
46
45
41
48
45
53
43
38
49
41
44
45
45
40
40
50
42
33
42
50
49
52
42
46
34
47
38
46
54
42
52
40
40
34
47
42
47
48
36
34
44
33
36
61
42
44
45
45
48
49
41
50
55
40
43
58
33
41
48
60
47
33
48
42
49
42
61
35
45
54
38
55
42
38
40
46
47
38
45
40
43
47
37
52
50
36
57
38
42
43
54
38
63
52
46
45
44
42
53
59
53
46
49
55
49
69
63
56
64
57
73
73
74
86
59
64
77
80
66
88
71
83
81
87
89
78
85
84
76
76
67
86
83
82
76
95
90
94
82
81
98
75
90
66
81
74
72
78
79
64
57
79
78
71
59
54
47
57
58
60
56
63
53
63
52
67
40
70
72
57
52
59
61
62
59
60
56
65
50
51
68
59
50
85
70
65
64
79
66
68
82
76
65
72
78
74
70
72
56
63
79
73
79
74
76
79
58
64
65
72
66
77
79
67
77
69
66
52
72
59
61
55
53
56
60
50
60
44
64
55
50
47
52
39
53
59
52
54
55
58
51
71
53
46
50
45
43
48
56
52
45
51
64
43
46
41
52
53
58
40
41
53
57
51
55
54
63
53
53
50
46
48
58
45
53
68
54
56
44
53
54
39
44
49
53
56
41
61
68
42
46
63
52
44
51
56
52
40
42
52
61
51
63
51
49
46
46
45
48
41
48
43
41
53
50
45
50
41
43
43
45
46
45
48
50
41
44
41
42
44
41
44
35
33
42
46
35
36
35
44
36
36
34
32
49
36
41
49
35
30
44
33
40
31
35
34
30
32
30
34
33
31
39
39
41
43
34
37
32
35
23
30
28
38
34
38
26
31
40
30
32
37
40
28
26
41
36
17
36
27
34
21
31
37
23
29
19
20
31
25
21
22
21
25
15
27
29
19
17
33
24
21
16
15
20
23
23
22
25
25
27
20
16
24
25
12
25
20
21
23
19
21
27
15
30
24
27
22
21
21
25
22
24
34
33
19
19
24
19
28
28
39
26
25
42
35
27
47
38
43
39
40
44
61
66
46
50
70
79
85
57
85
70
80
75
85
98
115
100
132
111
119
128
144
157
152
152
148
164
187
159
183
190
190
169
164
179
184
197
174
184
187
179
192
173
176
164
134
168
124
137
117
123
121
106
110
94
97
90
72
99
80
71
59
59
51
59
50
51
63
49
40
47
35
31
28
21
37
43
29
26
30
33
26
26
21
24
23
14
10
14
24
18
23
20
22
20
11
16
14
20
20
19
10
15
16
13
12
20
18
16
15
8
18
20
18
12
11
21
14
16
17
18
16
9
9
17
19
17
15
17
19
8
10
10
12
18
17
13
10
15
14
11
8
17
18
17
12
11
9
15
10
12
9
9
12
9
12
12
20
7
11
11
15
16
15
15
12
11
8
12
21
9
$ROI:
43
143 193
144 194
424 531
429 529
440 544
440 545
440 549
443 544
443 553
490 516
604 1134
679 1395
690 1434
772 934
800 953
827 855
828 856
840 1946
849 1974
857 2002
872 900
880 1058
887 915
914 1083
1010 1038
1208 1258
1345 1375
1418 1448
2436 2526
3229 3279
3607 3645
6449 6521
6459 6531
6463 6535
6464 6536
6467 6539
6471 6543
6482 6526
6489 6513
6497 6521
12997 13047
12999 13049
13000 13050
