$SPEC_ID:
GAMWIN
$SPEC_REM:


$DETDESC:

$DATE_MEA:
09/23/2025 06:57:36
$MEAS_TIM:
29937.38 30438.82
$MCA_CAL:
3
1.32118272781372E+001 1.29107522964478E+000 0.00000000000000E+000
$DATA:
0 2047
0
0
0
0
0
0
0
0
0
0
0
0
0
0
0
0
0
0
0
0
0
0
0
0
0
0
0
0
0
0
0
0
0
0
0
1551
1648
1743
1800
1931
2099
2235
2413
2597
2620
2791
2896
3281
3717
4289
4750
5238
5302
5215
4789
4300
3759
3432
3279
3140
3154
3126
2969
2928
2732
2457
2235
1933
1747
1636
1439
1358
1360
1261
1261
1262
1301
1238
1269
1199
1202
1159
1188
1288
1277
1207
1245
1294
1299
1363
1385
1391
1382
1388
1334
1299
1386
1280
1331
1347
1295
1281
1343
1319
1233
1309
1252
1303
1284
1279
1215
1274
1142
1151
1177
1123
1104
1128
1165
1107
1111
1137
1141
1126
1173
1245
1231
1286
1341
1336
1431
1350
1371
1333
1353
1308
1224
1221
1126
1171
1143
1196
1151
1216
1182
1152
1143
1179
1187
1149
1072
1107
1069
1127
1066
1073
1103
1078
1106
1298
1407
1580
1803
2033
2305
2542
2713
2983
3116
3129
3150
3098
2875
2505
2356
2126
1791
1566
1327
1102
992
924
878
807
752
719
771
775
835
765
832
855
908
824
848
836
867
875
818
884
884
878
901
987
958
1064
1095
1181
1121
1177
1279
1169
1202
1187
1073
1051
959
866
786
746
667
626
606
573
575
560
561
555
591
585
667
635
625
752
767
822
862
879
896
958
1008
1023
1130
1212
1260
1359
1399
1370
1445
1486
1504
1413
1371
1381
1234
1211
1123
946
891
774
713
625
592
501
477
393
418
329
423
371
329
328
314
335
329
351
272
348
337
325
327
333
378
352
357
335
325
339
355
318
358
347
351
334
333
332
324
290
334
312
286
284
288
301
267
268
252
269
269
275
277
255
265
269
283
243
272
247
247
271
266
261
302
277
281
321
289
304
328
308
326
331
332
301
375
297
335
359
357
325
307
333
270
305
280
283
262
278
307
264
258
252
274
283
246
265
257
276
311
301
322
307
367
365
385
387
337
399
376
405
356
368
327
316
310
270
263
274
271
245
264
220
216
221
186
192
225
212
208
226
204
178
213
201
224
191
219
227
213
239
247
257
230
272
299
285
288
315
355
354
387
395
417
472
473
520
604
598
647
607
658
653
672
682
607
637
576
644
651
626
614
630
656
607
656
719
691
766
728
694
708
661
712
633
584
551
547
486
485
421
391
363
307
265
262
240
239
231
182
178
193
158
166
164
173
174
148
173
146
158
154
161
145
180
166
165
179
171
160
154
149
149
146
165
183
195
156
159
117
155
160
144
160
159
173
155
156
156
153
155
159
135
160
130
150
156
151
162
160
180
165
181
161
149
159
193
184
189
172
186
181
230
202
201
188
206
216
198
211
186
182
210
203
186
186
169
193
177
165
167
167
140
185
178
154
168
151
191
203
151
188
178
182
191
198
189
178
172
203
212
200
201
190
190
162
199
206
149
183
186
189
184
186
164
217
163
167
183
169
170
177
148
165
159
150
121
143
138
151
146
140
118
132
134
113
137
110
115
133
147
114
133
131
131
119
122
162
121
154
127
151
149
124
149
153
139
158
143
157
154
181
170
164
163
158
169
168
150
153
165
162
158
152
146
153
159
155
162
152
138
149
136
149
165
163
179
177
192
198
208
212
218
224
224
240
267
263
274
276
315
280
336
298
291
289
315
322
275
264
267
263
235
237
220
193
210
178
160
179
165
176
147
149
176
168
158
137
150
159
149
175
176
183
193
184
195
206
192
210
229
194
207
232
212
213
249
228
217
217
180
197
197
194
187
173
145
166
156
149
118
147
106
117
97
103
106
95
96
104
84
84
80
103
95
73
80
63
76
95
82
69
92
76
69
74
62
57
66
70
60
76
85
64
70
59
84
77
59
81
83
78
79
72
89
57
57
84
75
102
71
69
65
70
75
81
71
74
81
96
93
76
101
91
83
64
83
93
89
102
81
83
90
88
101
84
95
86
106
100
103
86
115
109
105
105
118
134
116
135
119
124
132
149
126
149
124
151
145
133
160
143
134
134
102
146
117
133
107
115
117
94
97
95
100
100
98
82
91
91
73
93
91
93
82
90
78
85
76
69
73
80
62
86
83
74
61
65
80
78
45
57
82
67
75
63
72
76
62
62
60
74
63
68
71
77
71
75
64
62
73
72
73
72
78
70
61
80
77
87
81
73
79
64
84
72
80
110
88
91
97
97
101
115
90
75
97
79
81
88
75
76
81
81
85
73
71
68
91
65
78
59
79
58
64
57
60
79
65
68
70
66
82
58
68
56
48
68
64
60
49
57
65
57
50
47
56
65
61
53
42
50
64
41
45
53
43
43
59
38
50
45
56
46
49
58
54
50
47
36
56
48
54
55
58
36
48
48
42
33
48
47
52
40
51
43
50
39
54
47
60
56
57
51
64
56
49
57
69
55
61
66
66
74
67
70
79
78
59
77
72
68
66
74
74
74
69
86
57
80
66
56
73
71
73
61
65
73
55
67
50
69
62
63
76
53
60
64
69
70
65
73
87
71
71
84
77
76
101
95
98
95
91
107
109
122
108
125
142
151
151
158
145
156
156
166
154
167
168
175
166
156
187
156
185
171
167
142
151
146
136
137
128
106
106
104
104
106
103
70
62
74
71
70
77
74
67
79
71
77
65
51
60
49
50
52
46
56
56
54
56
43
38
52
52
49
44
50
39
54
34
31
33
39
41
45
36
47
60
36
44
34
37
36
42
35
33
27
35
39
45
34
44
31
35
54
42
41
46
33
46
44
31
36
32
45
39
37
42
38
47
36
56
48
50
47
55
45
41
53
47
36
42
39
46
42
54
48
44
44
49
44
37
44
38
44
37
38
34
39
39
41
44
48
41
43
31
52
34
37
31
28
27
29
38
36
38
32
36
35
28
35
21
22
21
30
37
26
43
41
28
26
26
19
24
21
35
29
24
18
21
19
31
29
23
18
16
28
25
29
23
36
20
20
25
36
18
22
16
29
31
28
32
26
27
31
36
31
38
34
23
40
37
46
39
41
31
51
37
28
39
40
49
42
61
61
33
55
58
50
59
55
49
57
59
59
59
70
68
58
74
61
67
61
69
61
73
61
64
66
55
54
58
50
53
52
51
50
58
44
45
40
42
48
38
26
30
39
30
32
22
31
29
27
24
15
19
17
21
25
19
28
17
20
28
18
21
23
14
19
19
17
26
22
26
19
20
26
23
25
23
17
13
25
23
29
25
28
32
19
22
19
18
31
26
20
23
25
17
26
19
26
22
25
26
20
29
19
19
24
25
23
21
15
18
17
15
15
23
21
16
17
11
23
11
11
15
13
21
14
24
26
19
20
16
17
10
16
20
13
25
21
12
24
20
14
10
16
22
21
10
14
11
15
14
18
18
16
18
24
14
14
18
11
12
13
22
13
14
19
24
18
10
13
13
17
17
15
17
12
17
24
16
18
12
19
11
15
11
18
14
14
21
13
11
14
13
15
25
17
24
21
20
13
19
19
23
7
13
15
13
11
17
19
19
16
16
13
14
16
17
14
12
16
17
19
26
9
18
22
26
11
17
21
20
26
15
12
18
19
17
15
17
12
20
14
17
16
16
19
19
18
18
25
20
20
29
24
20
21
17
24
27
19
19
25
31
26
31
26
37
25
31
24
33
26
35
26
42
26
35
34
32
35
31
18
31
32
32
26
24
27
31
30
33
28
17
19
27
30
27
28
19
19
17
32
24
20
17
23
22
25
16
14
18
20
23
10
18
16
29
20
24
17
22
25
19
22
25
25
17
33
24
28
27
16
22
30
25
31
33
23
23
33
32
31
17
23
26
21
24
21
36
20
27
25
19
19
33
25
31
27
32
21
18
19
28
29
13
16
24
20
24
17
28
13
15
12
18
14
10
15
19
18
21
19
20
18
18
15
26
18
18
17
18
23
23
19
22
14
18
21
17
16
17
15
13
20
19
13
17
15
14
26
23
21
25
22
26
22
11
18
27
28
14
20
14
18
15
21
24
19
15
19
16
25
14
24
13
10
13
14
16
26
24
29
13
21
22
25
24
16
18
13
22
22
20
11
20
11
21
14
8
15
15
17
23
18
16
18
14
21
12
23
22
10
19
16
15
15
11
22
8
16
16
8
15
10
16
20
13
7
9
16
20
11
9
16
14
16
11
12
11
13
18
13
7
21
20
11
14
13
11
11
12
14
8
17
12
9
8
8
19
14
16
10
13
15
11
9
8
12
14
10
8
13
9
5
6
6
10
6
14
6
13
12
12
12
5
9
8
6
10
12
9
10
9
8
6
9
12
12
7
6
5
6
10
9
9
6
8
10
10
3
7
9
6
6
11
11
4
7
6
7
7
11
7
12
10
15
6
5
6
10
11
7
6
14
14
13
14
14
9
12
12
13
12
12
15
13
17
17
19
30
18
21
14
22
22
33
24
28
25
39
44
41
40
33
52
40
45
41
41
55
50
43
64
55
54
50
48
61
45
63
61
64
75
48
50
56
57
51
46
64
52
54
55
53
49
53
36
57
47
41
43
43
44
32
37
42
35
35
23
32
25
21
21
17
20
21
22
20
9
15
12
11
12
12
9
11
11
10
6
11
9
10
9
12
7
7
11
13
8
6
4
11
12
4
9
4
5
9
5
6
5
9
3
6
7
5
5
6
12
5
3
3
3
4
7
10
12
6
6
8
3
7
6
10
4
10
5
7
6
5
5
5
7
6
7
7
7
2
7
6
4
6
7
7
9
5
2
9
5
4
6
7
8
7
6
8
7
1
7
12
5
10
8
9
7
$ROI:
43
143 193
144 194
424 531
429 529
440 544
440 545
440 549
443 544
443 553
490 516
604 1134
679 1395
690 1434
772 934
800 953
827 855
828 856
840 1946
849 1974
857 2002
872 900
880 1058
887 915
914 1083
1010 1038
1208 1258
1345 1375
1418 1448
2436 2526
3229 3279
3607 3645
6449 6521
6459 6531
6463 6535
6464 6536
6467 6539
6471 6543
6482 6526
6489 6513
6497 6521
12997 13047
12999 13049
13000 13050
