$SPEC_ID:
GAMWIN
$SPEC_REM:


$DETDESC:

$DATE_MEA:
09/24/2025 13:35:39
$MEAS_TIM:
65379.55 65903.28
$MCA_CAL:
3
1.32118272781372E+001 1.29107522964478E+000 0.00000000000000E+000
$DATA:
0 2047
0
0
0
0
0
0
0
0
0
0
0
0
0
0
0
0
0
0
0
0
0
0
0
0
0
0
0
0
0
0
0
0
0
0
0
3228
3439
3620
4009
4688
5606
6290
7016
6884
6834
6312
5628
5493
5199
5498
5917
6191
6290
6447
6413
6691
6737
6980
7446
7782
8636
9493
10288
10999
10635
9971
9078
7541
6197
5106
4536
3919
3729
3556
3608
3518
3700
3650
3597
3404
3310
3322
3011
2959
3016
2754
2890
2737
2752
2744
2683
2627
2778
2660
2786
2852
3056
3130
3235
3478
3424
3256
3382
3242
3079
2889
2767
2629
2415
2436
2501
2558
2503
2578
2599
2612
2574
2556
2529
2611
2667
2775
3081
3436
3886
4737
5297
5961
6692
7090
7441
7546
7079
6804
6116
5290
4547
3847
3238
2813
2440
2305
2060
2076
1966
1925
1940
1834
1826
1676
1706
1521
1451
1324
1340
1269
1264
1275
1417
1376
1437
1577
1763
1881
2042
2135
2357
2502
2498
2550
2506
2460
2260
2160
1961
1747
1611
1435
1234
1199
1105
1041
974
970
954
904
986
981
942
998
945
997
988
947
957
988
931
941
992
914
956
908
952
984
1018
1047
1061
1078
1069
1089
1070
1031
1033
968
946
908
856
817
746
762
700
737
661
664
680
634
660
655
687
705
686
772
733
783
744
840
833
895
935
955
952
1032
1038
1027
1130
1126
1129
1133
1154
1208
1190
1219
1217
1211
1280
1290
1266
1270
1206
1250
1145
1047
1066
998
935
902
807
740
656
624
565
492
500
503
489
411
443
441
390
422
375
360
386
433
406
409
413
447
378
409
332
385
405
404
381
397
379
385
353
343
358
374
349
347
329
341
323
352
324
344
329
322
343
293
345
313
341
329
351
391
332
343
380
353
391
405
417
441
479
481
520
538
545
611
672
701
729
773
864
890
865
897
919
966
934
874
853
829
799
771
731
603
569
490
476
444
459
400
437
420
407
427
393
416
454
434
430
382
423
428
394
370
392
378
319
340
301
284
297
303
293
286
254
290
276
248
225
259
246
238
236
254
271
258
231
219
246
261
265
242
264
247
261
278
297
303
290
330
325
356
363
392
374
384
448
491
458
478
495
500
500
492
507
496
512
450
479
473
498
491
464
473
450
468
466
469
455
482
481
501
494
457
444
385
432
425
358
354
328
311
309
306
280
246
263
232
239
240
273
250
258
232
234
265
250
285
244
263
269
307
282
288
307
314
317
319
341
330
320
349
323
358
304
286
290
257
231
269
241
215
209
208
211
195
214
209
187
184
194
160
183
177
165
162
187
180
179
175
189
187
167
192
183
176
193
213
204
226
201
205
199
213
206
241
228
225
216
206
218
233
245
216
214
199
238
227
180
242
203
198
192
217
197
216
233
209
220
244
222
262
213
234
217
224
229
260
268
233
244
258
249
241
231
230
227
230
216
195
211
202
195
187
202
192
197
191
190
174
168
175
178
170
133
174
168
137
170
153
150
148
156
141
147
150
127
146
144
141
127
143
144
150
127
158
132
122
137
157
141
159
143
174
165
152
150
135
161
163
170
175
170
186
175
196
173
174
164
206
201
198
210
199
182
190
172
172
184
177
176
173
171
180
157
154
161
177
191
177
177
204
194
209
205
215
243
246
230
245
295
268
289
302
235
262
241
254
242
248
211
198
220
196
182
210
205
187
181
165
189
139
163
152
163
134
155
151
181
163
168
174
161
176
172
179
191
201
200
174
183
200
197
195
189
227
218
219
195
204
208
208
166
216
237
224
214
186
196
205
200
178
197
194
184
188
206
201
199
154
178
204
151
150
162
173
162
171
150
157
142
141
132
108
128
120
126
92
95
106
107
103
94
93
84
91
81
83
74
63
70
88
86
72
83
81
83
96
99
84
91
68
85
85
83
79
86
99
98
94
91
71
84
101
84
84
91
97
78
82
82
95
86
88
98
94
83
72
97
83
117
82
97
92
95
80
90
97
110
95
111
118
123
115
133
123
108
96
111
97
101
94
114
124
114
109
105
114
86
87
91
94
92
84
95
87
72
86
80
73
82
80
68
81
69
85
65
72
71
74
70
72
81
65
90
73
88
77
65
64
70
86
70
73
67
66
82
73
79
64
74
65
75
71
72
76
61
86
85
67
78
64
83
71
74
59
88
72
84
64
63
86
78
97
79
75
65
79
80
92
70
92
64
74
80
83
94
71
71
89
72
76
67
72
92
72
73
80
71
71
64
61
76
64
58
62
66
51
57
67
63
65
62
47
62
70
60
47
57
64
58
57
54
62
58
67
46
64
58
61
55
37
64
71
78
64
66
46
60
49
58
47
57
53
56
56
45
58
60
69
41
44
53
52
58
48
57
69
65
56
52
34
53
57
57
54
45
57
62
54
52
50
57
52
57
50
50
67
59
52
64
63
54
52
58
58
71
71
63
66
69
65
53
55
65
47
56
54
75
62
67
60
85
71
65
64
65
80
80
66
75
64
62
67
57
63
65
74
66
88
76
67
77
75
75
89
100
94
89
109
119
104
107
123
119
137
145
148
145
128
159
183
148
187
169
190
169
188
169
162
176
179
177
166
166
202
158
142
151
137
150
127
114
115
114
107
114
97
102
115
76
86
81
63
77
84
66
67
57
50
49
52
54
55
62
64
53
51
45
55
58
38
48
56
49
50
47
44
46
45
46
46
47
39
42
39
46
39
57
36
39
39
30
35
38
41
33
31
37
37
35
36
29
37
29
39
28
44
27
44
37
47
44
45
48
37
42
32
32
48
55
35
38
48
40
38
40
62
46
44
39
37
38
46
43
50
47
42
38
35
40
42
48
40
31
37
40
34
36
34
32
32
29
38
45
33
40
28
23
26
21
35
23
30
26
28
26
18
32
35
34
31
31
30
23
34
36
29
32
30
33
27
23
30
19
21
24
21
34
23
23
23
32
23
26
16
31
24
23
28
38
20
26
19
19
24
35
21
25
22
25
28
20
24
24
20
27
24
31
31
26
28
28
28
24
27
29
35
28
41
30
26
27
35
44
47
32
41
33
40
44
38
40
49
49
41
40
33
44
46
57
42
42
36
51
44
41
33
40
33
47
28
36
35
28
28
39
32
26
28
28
27
39
30
33
37
26
37
27
26
24
20
27
22
16
22
19
24
19
21
19
25
10
18
21
16
22
19
22
24
17
18
26
21
23
15
21
29
15
26
17
26
20
24
20
25
25
14
25
26
21
23
32
29
18
21
16
22
18
20
16
20
13
19
23
22
19
24
17
13
23
24
21
31
19
23
14
15
11
18
15
21
19
22
13
15
17
8
15
14
15
13
15
16
14
17
13
16
21
17
19
16
15
20
17
18
19
15
19
13
22
22
22
17
19
16
15
15
24
10
18
17
24
12
15
17
18
20
24
22
13
27
8
20
11
13
18
19
13
17
25
15
9
25
18
10
18
20
14
19
16
23
20
22
15
13
14
13
16
16
22
17
24
22
16
19
16
11
13
17
19
18
18
15
13
17
22
18
23
11
20
16
16
23
14
17
15
15
12
21
15
15
19
14
15
15
20
14
15
16
21
13
19
20
15
8
16
22
19
18
21
19
11
21
30
15
17
20
21
20
23
24
18
23
18
23
14
25
30
22
20
27
29
33
25
19
24
25
31
41
18
24
25
33
19
25
36
26
26
23
25
24
25
25
25
27
19
29
15
25
21
24
17
17
16
26
21
20
29
16
25
14
17
26
18
24
23
32
23
18
21
22
15
20
21
19
18
16
15
31
21
23
25
19
17
22
26
18
22
27
25
25
38
21
21
26
26
15
23
26
25
29
26
18
21
19
22
26
24
21
27
25
21
27
23
26
16
13
21
18
16
27
25
21
21
20
21
24
20
19
26
22
20
21
25
18
19
16
19
19
19
17
27
16
21
20
20
15
26
17
16
18
16
22
14
22
19
14
23
16
26
16
27
9
22
19
22
29
20
17
12
17
12
13
29
24
18
22
14
19
20
18
17
23
18
17
24
18
28
17
18
18
24
9
19
19
16
21
13
26
12
20
16
19
12
18
20
19
24
17
25
12
19
21
16
28
18
22
19
13
23
17
18
17
18
10
14
24
15
18
14
16
19
13
15
10
19
14
14
13
19
12
7
16
14
13
16
7
17
17
15
7
11
19
13
23
18
18
14
18
16
7
18
13
17
8
11
19
14
11
10
12
10
13
8
19
13
16
19
16
18
10
14
16
10
16
15
13
13
18
12
17
14
10
9
13
11
20
7
10
17
15
15
15
11
12
7
11
10
2
15
9
10
17
17
6
11
13
17
4
15
11
7
10
15
13
8
18
15
10
12
11
21
11
19
11
14
13
12
12
13
13
14
15
6
6
11
12
15
15
15
15
13
17
11
17
19
10
19
15
18
20
18
13
13
22
17
19
29
16
27
23
23
39
23
34
36
37
30
50
39
40
33
52
49
40
46
41
43
49
39
53
48
49
64
45
38
46
54
57
41
45
47
50
43
46
41
37
36
31
27
32
43
36
40
30
32
25
31
24
26
25
26
18
24
24
17
20
29
19
12
12
16
14
12
11
13
14
20
9
11
10
8
15
11
12
11
9
8
8
7
11
12
12
12
14
8
13
10
15
10
4
11
6
9
4
10
8
7
6
8
10
12
13
16
8
13
8
12
16
6
12
11
11
11
14
16
11
10
7
5
6
6
13
19
14
8
10
11
11
8
11
15
6
12
13
13
11
7
11
7
9
7
13
9
13
8
4
13
15
6
9
13
13
9
12
9
13
10
10
$ROI:
43
143 193
144 194
424 531
429 529
440 544
440 545
440 549
443 544
443 553
490 516
604 1134
679 1395
690 1434
772 934
800 953
827 855
828 856
840 1946
849 1974
857 2002
872 900
880 1058
887 915
914 1083
1010 1038
1208 1258
1345 1375
1418 1448
2436 2526
3229 3279
3607 3645
6449 6521
6459 6531
6463 6535
6464 6536
6467 6539
6471 6543
6482 6526
6489 6513
6497 6521
12997 13047
12999 13049
13000 13050
