$SPEC_ID:
GAMWIN
$SPEC_REM:


$DETDESC:

$DATE_MEA:
09/30/2025 07:57:02
$MEAS_TIM:
26774.34 27380.88
$MCA_CAL:
3
1.32118272781372E+001 1.29107522964478E+000 0.00000000000000E+000
$DATA:
0 2047
0
0
0
0
0
0
0
0
0
0
0
0
0
0
0
0
0
0
0
0
0
0
0
0
0
0
0
0
0
0
0
0
0
0
0
1852
1868
2029
2079
2238
2402
2596
2847
2848
2945
3102
3458
3777
4319
5069
5698
6079
6231
5916
5254
4728
4234
3792
3675
3561
3586
3465
3271
3068
2800
2497
2226
2020
1761
1550
1468
1438
1416
1415
1359
1373
1322
1315
1280
1304
1228
1275
1249
1305
1287
1362
1311
1406
1393
1481
1480
1495
1421
1405
1349
1389
1429
1479
1339
1347
1397
1382
1391
1468
1361
1415
1411
1371
1392
1295
1395
1238
1266
1336
1325
1273
1253
1240
1250
1200
1163
1275
1272
1354
1376
1412
1464
1458
1577
1522
1522
1529
1558
1516
1477
1339
1340
1272
1221
1228
1247
1235
1230
1315
1244
1190
1229
1207
1294
1228
1193
1143
1151
1140
1216
1173
1202
1311
1471
1513
1730
1996
2244
2499
2815
3139
3212
3263
3263
3383
3201
2962
2679
2409
2084
1775
1615
1323
1169
1053
945
928
838
875
865
881
819
866
907
957
941
900
967
941
938
922
937
999
1012
1081
1065
1201
1198
1281
1435
1493
1528
1582
1622
1630
1550
1566
1454
1381
1211
1030
999
878
812
781
682
683
632
667
644
615
625
716
731
689
791
802
808
869
927
1027
1032
1142
1193
1336
1385
1593
1528
1663
1867
1928
1943
2064
1955
2031
1973
1826
1812
1595
1467
1293
1160
1076
923
805
699
646
524
515
469
464
446
423
375
379
375
372
393
375
360
357
425
407
362
380
367
389
400
394
392
385
378
368
417
422
409
384
397
349
374
372
354
343
351
351
358
322
314
356
364
313
316
280
262
300
320
302
297
334
322
283
278
307
310
305
285
338
329
363
371
374
362
345
348
345
384
356
326
360
340
323
330
310
284
296
270
270
296
321
298
282
267
285
281
281
308
317
277
310
304
344
319
336
399
375
398
384
375
402
389
420
408
366
381
346
372
313
334
336
291
302
278
262
249
234
215
257
283
240
240
240
249
232
226
229
264
251
286
234
271
246
265
280
303
285
306
293
342
379
369
368
392
442
405
499
536
556
552
577
673
649
694
675
750
756
775
770
715
739
772
804
844
813
874
875
939
950
999
1062
1015
1045
974
975
991
880
825
851
700
722
630
635
488
478
466
376
351
306
273
269
250
229
239
224
204
171
193
209
201
208
211
181
200
196
198
175
203
178
211
207
209
212
179
211
210
198
199
187
211
200
179
176
185
175
156
203
178
169
157
169
170
186
189
182
175
179
191
188
169
212
169
207
203
206
226
198
219
209
217
248
221
245
223
206
234
230
200
228
251
230
235
265
203
244
219
209
211
209
214
190
176
188
205
197
195
205
208
216
238
209
237
214
246
214
203
262
247
226
245
239
238
247
272
253
211
220
231
229
231
247
210
220
209
203
223
201
189
198
192
196
185
164
194
170
162
182
162
178
177
172
156
173
172
154
146
156
161
169
151
159
185
155
153
182
154
145
180
166
164
167
163
169
151
170
174
164
195
168
192
162
158
178
195
163
168
211
174
184
156
172
218
165
149
162
176
163
179
174
173
160
185
175
194
167
181
187
190
187
209
254
217
243
246
290
282
278
307
325
313
318
337
352
326
315
291
336
314
306
293
288
253
280
284
230
199
234
221
187
194
192
195
192
190
174
185
187
177
184
224
202
196
176
219
227
229
240
227
246
239
240
258
251
243
246
235
243
237
221
253
205
222
209
183
194
181
163
148
158
128
147
123
124
122
141
109
123
121
129
100
100
103
109
104
128
95
104
116
99
84
89
83
101
101
109
94
97
101
92
89
110
118
96
95
76
95
104
94
102
97
104
99
100
101
108
109
120
113
115
101
112
90
85
115
110
99
103
101
110
123
111
116
96
98
96
109
97
112
135
116
113
129
118
127
109
124
119
146
157
135
139
141
163
160
182
194
177
182
197
182
181
195
210
203
205
212
208
199
194
198
184
180
180
188
175
191
168
159
162
154
174
124
139
133
140
124
133
96
125
116
135
114
126
113
104
107
118
111
106
119
96
107
100
101
100
103
100
89
87
94
108
104
92
98
101
106
96
91
89
106
101
79
101
113
107
89
96
111
90
92
104
91
105
101
102
114
121
99
109
128
119
107
122
114
143
129
142
121
112
114
131
122
116
127
124
123
118
106
116
109
117
119
109
95
98
114
83
89
85
66
94
98
79
87
63
81
73
81
76
79
71
77
60
62
65
73
80
59
74
58
67
76
56
60
67
69
57
61
69
63
58
71
72
70
58
62
51
56
69
61
62
69
66
61
66
54
68
49
52
60
58
49
62
51
59
63
68
56
43
63
51
69
59
53
72
78
70
55
60
76
65
82
82
78
65
75
68
88
79
70
83
105
88
100
74
88
91
93
90
99
86
104
97
105
89
86
101
99
86
96
94
85
84
92
74
80
72
99
100
114
88
85
103
98
94
92
109
112
98
86
105
105
106
145
130
151
173
163
160
169
172
207
189
189
257
244
253
259
272
279
260
243
267
279
287
251
305
264
324
258
282
251
261
229
265
245
221
228
177
180
186
135
139
137
137
134
124
118
106
106
101
81
101
85
82
67
70
70
80
66
73
64
59
76
50
63
61
75
62
46
64
50
55
52
59
63
60
69
40
59
48
44
50
54
51
41
38
48
46
26
38
42
36
40
31
45
51
58
40
44
44
41
45
32
54
43
57
50
35
53
49
39
38
45
48
46
46
49
49
49
52
50
41
48
41
50
61
50
43
76
45
46
71
44
37
44
49
33
45
55
43
46
35
39
51
33
42
48
46
40
33
48
42
39
31
40
36
39
27
26
33
35
34
38
41
41
40
30
23
32
50
38
28
21
37
31
34
33
34
32
27
30
28
25
33
20
34
34
30
26
37
34
32
28
30
26
31
28
40
25
33
24
31
38
34
42
35
34
33
45
48
40
47
26
55
55
40
39
41
56
45
59
70
58
59
63
64
67
48
50
69
79
75
78
62
76
88
79
67
83
79
90
73
88
85
77
92
92
92
79
98
64
78
92
90
81
74
81
61
78
69
72
48
67
57
53
41
54
68
36
53
32
41
46
33
42
33
27
31
37
28
32
31
23
23
33
36
31
19
21
34
28
32
29
30
24
29
28
25
17
35
27
34
26
27
27
17
22
28
30
29
26
23
30
29
35
19
33
22
30
21
29
27
24
31
33
23
26
23
25
23
35
24
32
33
22
21
19
19
29
18
25
28
18
17
27
30
22
19
26
21
22
13
18
22
15
15
15
11
24
22
18
19
24
21
25
24
14
16
17
9
19
15
19
22
16
14
11
23
17
23
17
19
20
15
15
16
25
20
12
11
12
24
24
11
12
17
11
19
18
17
17
18
17
18
18
18
15
22
32
14
20
19
16
18
10
16
15
16
13
15
17
21
15
14
16
12
17
15
17
22
23
11
16
18
7
21
18
16
19
16
8
18
19
12
10
14
21
13
13
17
13
16
19
17
20
20
18
14
9
14
25
20
27
16
14
25
11
23
22
20
7
22
19
22
20
18
21
23
20
23
17
24
23
30
20
25
27
25
27
31
31
26
27
23
30
29
33
25
34
24
24
36
26
28
27
26
32
36
26
34
32
33
24
27
18
26
27
28
20
25
26
35
22
31
26
13
23
29
30
15
25
22
21
19
20
23
18
27
17
23
21
20
21
25
36
30
23
28
26
16
29
28
29
28
39
19
34
23
24
19
30
30
26
33
28
30
29
32
36
31
39
21
45
33
27
27
32
35
36
26
34
41
26
21
21
23
35
23
21
23
21
23
19
23
22
22
18
36
18
16
24
17
18
20
13
13
20
17
8
19
17
25
19
19
17
23
20
18
21
17
17
14
17
24
26
29
15
21
16
12
23
18
25
20
19
20
25
23
26
23
17
14
13
15
22
16
13
16
18
19
21
23
21
18
24
19
20
17
18
15
21
21
18
19
19
8
19
10
15
9
18
19
15
11
22
19
21
13
16
13
23
12
19
18
6
21
28
15
10
21
19
22
9
11
12
11
15
17
18
16
18
11
18
10
18
18
9
17
13
10
11
13
10
13
14
9
8
11
5
16
5
14
15
16
16
10
12
17
13
13
12
14
9
18
12
17
13
13
17
12
10
16
12
21
18
16
16
14
15
16
11
12
9
13
12
13
16
11
12
11
11
13
10
15
12
7
14
13
7
8
9
7
6
9
16
11
9
7
12
10
5
3
11
10
6
5
4
11
7
2
4
8
7
9
10
3
5
8
9
5
9
14
6
5
7
6
12
9
9
8
5
8
14
16
11
8
11
7
14
10
16
15
10
19
14
16
14
10
20
21
26
16
22
20
11
29
28
28
24
21
39
23
24
27
26
41
31
36
53
49
43
47
47
52
43
61
65
57
56
59
56
48
67
62
55
51
49
56
53
59
46
65
41
44
50
43
38
35
42
49
45
31
45
29
30
33
30
26
36
26
26
13
23
15
13
13
8
19
14
16
19
12
9
8
12
12
11
7
9
4
9
10
4
10
8
7
3
5
9
4
11
4
6
7
6
7
5
5
4
8
10
3
11
6
8
8
7
7
8
5
5
11
3
3
5
4
6
5
12
6
6
5
7
4
4
8
8
7
5
5
5
8
4
3
2
6
3
11
9
1
4
5
2
7
1
4
4
5
8
5
4
4
4
2
2
5
5
6
5
6
3
3
6
11
6
5
6
10
5
9
5
5
7
6
4
3
5
3
6
4
3
5
5
6
$ROI:
43
143 193
144 194
424 531
429 529
440 544
440 545
440 549
443 544
443 553
490 516
604 1134
679 1395
690 1434
772 934
800 953
827 855
828 856
840 1946
849 1974
857 2002
872 900
880 1058
887 915
914 1083
1010 1038
1208 1258
1345 1375
1418 1448
2436 2526
3229 3279
3607 3645
6449 6521
6459 6531
6463 6535
6464 6536
6467 6539
6471 6543
6482 6526
6489 6513
6497 6521
12997 13047
12999 13049
13000 13050
