$SPEC_ID:
GAMWIN
$SPEC_REM:


$DETDESC:

$DATE_MEA:
09/01/2025 14:48:01
$MEAS_TIM:
58024.54 59073.29
$MCA_CAL:
3
1.32118272781372E+001 1.29107522964478E+000 0.00000000000000E+000
$DATA:
0 2047
0
0
0
0
0
0
0
0
0
0
0
0
0
0
0
0
0
0
0
0
0
0
0
0
0
0
0
0
0
0
0
0
0
0
0
3231
3360
3420
3817
4031
4447
4732
4970
5217
5350
5582
6024
6633
7527
8528
9797
10739
11036
10825
9953
8951
7809
6977
6730
6542
6336
6218
6096
5773
5359
4902
4471
3925
3445
3066
2938
2742
2660
2609
2463
2545
2499
2437
2494
2456
2413
2300
2422
2229
2423
2420
2436
2484
2531
2656
2675
2603
2743
2688
2541
2594
2731
2596
2599
2510
2587
2583
2519
2563
2628
2606
2519
2489
2505
2580
2611
2371
2304
2301
2200
2335
2258
2218
2136
2160
2225
2205
2198
2251
2287
2428
2391
2551
2613
2772
2789
2764
2734
2687
2633
2595
2388
2292
2297
2262
2324
2114
2206
2261
2278
2298
2248
2373
2326
2326
2306
2208
2139
2114
2059
2183
2130
2233
2355
2501
2728
3109
3451
4001
4298
4963
5601
5894
6222
6357
6302
6063
5732
5291
4666
4142
3393
3019
2581
2298
1997
1847
1653
1587
1571
1485
1541
1546
1525
1591
1618
1612
1702
1742
1646
1760
1683
1673
1782
1769
1735
1841
1884
1915
2101
2142
2212
2454
2500
2514
2555
2550
2473
2271
2278
2151
1950
1803
1644
1504
1372
1273
1175
1150
1136
1131
1096
1130
1148
1153
1193
1258
1275
1415
1451
1600
1645
1684
1881
1975
2119
2200
2278
2446
2542
2727
2761
2881
2973
3016
3097
3003
2932
2914
2745
2541
2242
2119
1862
1690
1450
1316
1172
1063
932
886
816
774
753
698
696
725
666
708
674
715
689
689
673
710
647
681
684
662
678
685
748
756
730
707
673
677
704
709
728
672
676
661
679
643
611
602
626
609
561
527
555
562
565
525
533
533
497
503
492
541
538
547
530
515
549
577
555
579
564
619
619
610
647
595
646
617
608
618
634
573
580
612
548
564
547
545
553
508
484
538
496
514
503
514
497
488
486
550
537
544
538
554
595
563
621
641
705
728
714
701
737
780
742
706
712
744
646
642
637
541
571
548
548
511
434
493
448
472
401
427
427
414
461
411
415
443
428
440
461
457
371
443
453
450
476
514
530
520
543
566
604
636
689
775
780
844
895
990
1079
1109
1117
1225
1182
1271
1272
1264
1291
1282
1299
1317
1239
1240
1278
1348
1295
1325
1391
1454
1470
1426
1559
1546
1546
1495
1497
1480
1464
1370
1355
1167
1203
1093
978
937
792
711
694
603
559
538
475
437
386
382
367
342
311
324
323
317
332
317
307
370
294
330
340
330
323
312
308
333
353
337
336
320
336
307
284
325
322
320
311
325
335
293
333
291
298
309
323
297
314
312
304
304
312
334
296
321
312
304
323
326
354
363
370
343
375
340
354
400
399
420
341
418
405
410
391
414
425
415
467
433
433
417
366
399
374
361
329
327
328
318
351
325
326
343
350
350
353
366
341
349
352
399
395
361
410
396
369
386
397
394
406
377
428
404
398
367
377
374
412
387
376
368
336
365
335
383
356
356
338
365
296
328
305
295
307
319
267
273
267
282
265
270
248
262
220
238
265
269
256
271
256
278
276
316
295
280
262
267
295
297
291
292
332
299
295
295
273
306
361
323
321
319
315
327
311
346
316
337
333
343
335
310
288
294
323
288
323
312
328
291
293
307
309
325
342
320
366
375
403
418
405
427
465
460
508
459
522
529
570
568
545
530
556
538
551
570
570
530
518
486
467
469
448
419
364
382
380
353
356
346
325
323
323
309
308
300
335
331
341
321
342
334
354
333
370
396
423
399
412
431
424
463
461
477
463
432
446
391
417
406
326
355
351
361
340
304
324
267
277
279
266
262
245
211
201
200
227
196
181
192
178
164
193
186
180
179
165
154
182
186
156
171
163
163
184
160
163
171
178
175
160
156
158
178
164
171
161
155
167
176
165
162
169
151
177
203
158
173
149
175
164
170
185
153
164
188
189
165
184
162
185
194
174
182
180
188
198
182
171
180
185
178
174
219
177
176
227
232
199
242
223
259
279
260
247
265
264
279
291
302
263
321
311
319
288
374
293
304
293
308
308
307
288
293
300
255
244
252
226
230
239
219
238
226
220
203
211
199
202
179
156
189
177
185
184
177
166
169
175
154
154
166
191
151
150
167
157
131
156
157
163
150
133
149
154
142
158
156
150
164
151
165
145
169
149
135
166
142
153
159
147
172
164
165
192
155
150
168
158
182
184
164
179
194
203
206
191
209
194
188
178
192
204
192
184
178
215
204
202
168
177
154
169
174
171
154
158
135
142
158
143
120
129
140
135
143
103
109
107
130
129
133
120
120
121
109
111
143
109
131
121
115
115
100
120
95
98
120
106
118
112
106
92
115
115
105
110
107
111
108
106
100
103
96
108
101
112
103
101
89
105
99
101
98
116
124
116
107
103
115
113
112
96
109
105
96
95
99
105
114
122
115
140
120
116
121
133
128
133
134
134
130
158
128
144
125
147
152
136
133
153
133
144
163
146
155
123
155
137
137
139
137
131
144
139
122
132
159
136
148
132
160
157
151
137
160
139
168
167
171
178
158
148
186
212
204
204
218
226
233
247
255
284
277
309
302
348
338
375
383
394
401
420
412
429
429
454
468
442
435
436
413
402
429
404
380
372
330
313
330
318
268
272
266
242
214
211
213
215
209
181
166
167
173
141
144
134
139
129
120
126
119
115
104
109
102
115
98
96
114
99
96
89
95
102
80
71
86
100
84
77
103
102
63
73
72
74
85
72
73
78
88
58
76
69
77
66
86
88
74
66
82
73
72
86
64
82
63
82
81
61
82
81
88
85
87
76
80
93
83
83
81
85
106
106
83
102
94
113
95
102
107
84
85
95
79
103
84
73
82
91
81
78
69
89
90
88
77
74
67
59
67
71
92
71
71
69
65
62
69
58
68
58
67
74
51
73
56
62
66
48
54
54
51
66
47
48
51
61
69
51
49
60
62
46
57
69
48
39
48
48
70
45
63
55
48
53
57
43
52
57
65
53
57
70
61
55
54
49
51
64
41
62
64
54
67
62
67
71
71
72
80
77
86
83
70
97
86
85
90
101
96
103
116
91
122
93
120
102
115
113
117
121
125
136
118
126
153
131
149
122
138
127
146
133
149
135
138
133
107
117
121
103
85
105
74
75
90
73
83
79
67
81
73
54
71
55
61
66
59
60
53
55
52
53
57
47
50
46
52
42
39
38
42
45
48
53
50
52
61
56
43
43
40
44
59
42
68
51
53
47
53
57
47
50
47
52
52
43
34
49
33
51
46
55
47
55
43
39
29
45
52
45
40
54
38
45
39
42
46
38
42
43
45
34
39
31
39
39
40
34
39
35
37
23
30
33
36
28
28
39
35
32
30
40
38
36
39
32
31
36
31
26
33
31
24
45
29
25
35
33
35
34
27
28
37
40
24
43
35
43
37
29
33
43
17
41
39
43
26
30
23
33
32
29
24
34
33
45
27
36
31
29
31
26
48
32
32
26
34
32
25
30
39
33
31
25
34
24
24
32
26
33
37
26
26
30
30
28
29
31
41
35
37
36
30
35
31
35
34
27
30
35
25
30
26
40
26
38
30
34
31
41
27
29
27
24
31
42
29
32
25
28
30
39
34
45
44
42
49
25
41
32
39
50
45
53
42
39
52
37
47
46
47
59
50
52
59
44
50
63
61
50
60
54
68
57
58
60
54
59
69
66
82
53
70
48
51
48
49
53
49
55
49
55
42
34
51
49
45
34
47
40
43
41
47
39
38
42
34
29
38
37
32
45
45
58
36
40
40
42
43
49
52
42
37
42
46
40
51
55
51
54
55
56
51
60
65
34
56
40
51
49
48
64
64
43
57
64
58
59
63
57
62
58
54
53
58
58
52
41
49
41
65
48
31
48
43
45
43
35
46
29
36
37
39
48
39
33
32
37
28
35
33
42
37
40
32
44
41
35
33
41
46
39
44
37
30
48
29
30
47
34
47
36
43
32
37
39
28
29
27
35
34
34
32
42
45
49
35
25
39
30
42
34
51
33
30
37
33
39
30
28
40
33
30
28
34
37
37
52
44
35
38
38
30
31
31
36
32
41
31
31
29
40
32
51
44
28
37
34
33
33
40
38
30
32
31
23
38
43
32
42
30
35
33
23
21
33
31
22
27
22
31
27
30
23
43
20
33
35
24
22
20
32
21
25
22
32
28
25
25
23
31
23
22
26
20
22
18
27
24
26
27
29
28
29
28
28
22
35
34
27
28
15
21
22
27
24
24
23
21
24
22
22
25
27
24
29
25
29
17
20
28
15
13
18
16
16
16
24
18
14
28
17
13
10
12
14
20
19
14
15
12
23
10
9
13
24
8
14
12
8
12
14
19
12
14
16
12
15
17
18
18
20
19
19
20
12
12
21
25
26
29
15
16
32
18
19
18
18
30
32
33
21
23
24
27
29
43
38
41
45
38
30
54
59
48
39
52
53
50
58
70
71
61
80
64
80
72
89
97
94
86
103
100
97
111
103
121
104
110
120
127
121
123
136
111
153
113
118
102
143
90
123
83
88
80
102
74
94
79
81
60
55
55
72
56
65
69
51
44
42
49
42
49
21
24
27
25
35
24
23
21
25
19
19
22
22
21
24
20
6
10
16
14
14
13
13
16
17
15
12
18
23
9
16
6
11
9
10
15
7
12
8
8
13
9
11
11
13
11
13
10
11
14
15
13
11
11
9
12
11
15
10
14
12
16
9
13
14
10
14
13
10
14
12
11
13
10
11
8
21
14
16
11
9
15
17
8
6
17
12
10
14
17
12
17
11
12
15
15
8
14
9
13
10
16
$ROI:
43
143 193
144 194
424 531
429 529
440 544
440 545
440 549
443 544
443 553
490 516
604 1134
679 1395
690 1434
772 934
800 953
827 855
828 856
840 1946
849 1974
857 2002
872 900
880 1058
887 915
914 1083
1010 1038
1208 1258
1345 1375
1418 1448
2436 2526
3229 3279
3607 3645
6449 6521
6459 6531
6463 6535
6464 6536
6467 6539
6471 6543
6482 6526
6489 6513
6497 6521
12997 13047
12999 13049
13000 13050
