$SPEC_ID:
GAMWIN
$SPEC_REM:


$DETDESC:

$DATE_MEA:
09/01/2025 07:18:07
$MEAS_TIM:
26247.06 26906.40
$MCA_CAL:
3
1.32118272781372E+001 1.29107522964478E+000 0.00000000000000E+000
$DATA:
0 2047
0
0
0
0
0
0
0
0
0
0
0
0
0
0
0
0
0
0
0
0
0
0
0
0
0
0
0
0
0
0
0
0
0
0
0
2122
2139
2295
2455
2634
2867
3031
3247
3398
3507
3611
3937
4301
5049
5649
6560
7051
7306
7028
6518
5730
5171
4608
4426
4277
4297
4141
4007
3843
3449
3171
2919
2435
2319
2035
1881
1772
1749
1646
1599
1689
1614
1614
1523
1500
1556
1518
1530
1613
1586
1555
1638
1642
1688
1808
1736
1741
1690
1684
1743
1634
1680
1605
1690
1668
1630
1616
1701
1624
1625
1706
1623
1625
1710
1623
1629
1595
1548
1533
1545
1533
1478
1482
1442
1437
1449
1464
1427
1509
1579
1519
1671
1736
1718
1822
1786
1798
1777
1748
1718
1659
1623
1547
1514
1425
1449
1463
1430
1525
1448
1454
1599
1516
1538
1473
1439
1377
1444
1369
1409
1388
1428
1441
1505
1663
1820
2100
2357
2673
3006
3356
3689
3922
4054
4144
4176
3891
3654
3342
2928
2604
2285
1884
1629
1462
1272
1183
1119
1046
1007
1003
1012
1017
1011
1075
1067
1101
1065
1089
1195
1135
1106
1070
1126
1131
1171
1162
1200
1299
1403
1443
1629
1702
1716
1729
1719
1765
1679
1601
1456
1345
1253
1205
1072
935
874
851
746
704
755
737
694
698
708
771
835
865
942
954
992
1028
1103
1175
1241
1319
1465
1499
1588
1691
1818
1838
1981
2017
2081
2191
2051
2097
2086
1864
1756
1625
1569
1359
1255
1009
940
853
712
665
585
561
490
507
519
501
421
440
407
451
409
417
436
412
423
449
463
389
444
463
445
468
463
456
466
470
428
486
483
470
452
433
412
462
402
380
418
388
398
396
382
345
340
336
330
357
320
313
317
348
319
362
325
330
355
336
346
366
323
386
382
417
373
405
408
429
406
414
403
397
428
395
372
359
369
376
391
354
339
323
342
324
336
329
327
313
301
301
328
380
325
361
378
367
398
401
416
433
433
447
482
465
481
434
451
473
444
440
441
386
382
380
339
325
327
309
306
287
272
277
274
237
309
264
278
278
259
299
297
276
268
280
305
224
309
291
327
312
336
344
350
390
394
424
426
470
523
603
622
618
624
755
709
775
820
796
838
822
875
859
887
817
838
835
884
877
920
949
986
1028
968
1003
1017
1047
1057
1029
1005
995
870
896
835
767
741
718
582
587
518
490
419
356
321
299
293
270
258
243
232
234
211
205
216
207
206
202
199
204
208
213
223
193
205
229
208
187
228
224
232
205
229
212
197
209
222
204
215
204
169
205
163
188
212
178
174
168
221
181
219
214
235
194
203
189
212
181
223
249
219
211
231
247
236
259
239
235
235
215
257
266
245
270
283
273
272
270
267
267
265
252
246
248
223
243
233
229
219
237
219
235
243
223
237
219
243
239
237
239
253
221
299
292
250
255
292
276
256
231
271
262
261
251
268
211
279
278
238
258
227
241
251
226
244
232
215
209
235
198
230
178
216
191
213
165
202
165
179
165
181
165
171
161
172
180
160
184
184
172
174
157
143
197
194
199
187
164
185
193
179
191
192
173
216
193
194
200
205
174
201
204
210
200
196
203
206
218
202
171
202
216
201
206
188
170
177
188
185
179
197
204
174
167
203
219
255
246
258
278
258
310
335
316
339
373
329
358
375
393
400
401
316
380
340
361
350
380
349
274
301
321
286
262
265
234
246
227
201
208
224
241
219
221
187
225
186
239
240
247
213
239
234
279
276
255
272
296
306
270
294
280
310
325
281
283
295
257
255
272
229
231
210
223
187
189
175
194
167
155
156
142
133
113
128
109
122
94
98
120
114
99
118
91
117
104
111
106
119
103
95
105
103
110
103
103
120
83
109
91
101
92
91
85
96
73
111
107
94
86
117
107
102
97
104
91
90
107
107
94
110
117
100
92
99
109
125
115
124
103
103
104
119
126
118
114
144
128
139
113
117
108
126
132
126
147
148
136
143
155
144
165
170
175
187
184
197
199
202
199
202
203
219
217
216
201
192
176
210
183
202
192
193
173
180
172
182
161
144
140
142
149
164
124
112
107
133
113
113
118
105
99
134
111
117
106
109
96
98
105
102
85
96
88
102
115
102
105
87
88
92
77
99
92
113
81
84
90
84
97
90
80
100
85
87
95
92
88
100
108
89
94
98
99
118
93
101
94
102
131
115
115
108
129
119
110
112
133
116
123
119
119
108
112
127
121
108
134
114
111
127
119
118
104
107
100
99
88
94
98
102
80
94
98
80
82
76
86
82
68
73
70
62
70
78
89
68
84
79
66
71
56
67
71
68
61
62
81
60
75
68
75
61
58
74
64
56
63
49
60
66
53
55
52
63
60
79
50
75
60
73
64
61
60
54
52
66
68
60
63
67
78
56
70
81
82
81
89
66
76
72
84
70
90
83
82
85
81
88
85
95
82
81
86
78
71
84
86
108
97
80
93
83
78
91
93
103
66
101
103
88
87
96
97
97
96
97
95
79
103
91
79
90
88
112
79
99
102
102
97
108
112
114
108
122
127
136
161
166
141
137
161
208
211
185
217
224
221
234
264
251
244
264
246
245
213
258
267
260
239
226
230
241
236
247
212
205
190
171
189
175
140
138
118
121
143
113
112
111
105
100
121
73
87
96
80
76
86
69
72
69
69
75
52
68
65
72
68
65
52
56
51
69
58
62
50
56
46
51
49
51
57
42
47
41
53
46
39
45
48
53
46
48
56
48
45
44
50
51
55
53
41
51
53
46
48
51
52
47
56
45
63
52
49
49
63
70
63
73
49
60
55
69
66
65
52
75
64
57
71
63
55
58
51
50
63
60
47
43
65
56
55
60
59
54
61
41
47
59
46
56
56
41
51
49
61
37
45
46
39
34
45
42
31
43
29
32
38
47
26
36
43
39
41
38
35
46
30
35
35
39
37
36
40
32
41
43
35
38
26
35
42
35
32
27
30
43
40
32
28
41
30
39
37
31
34
37
38
49
36
38
38
40
45
47
44
43
45
47
50
57
55
59
47
43
56
60
57
67
62
59
66
68
72
59
97
80
84
77
87
86
80
74
92
89
77
79
100
96
94
86
92
93
74
85
84
72
81
76
85
88
93
68
78
63
68
62
49
59
44
44
43
40
33
37
33
39
39
36
33
34
28
33
27
23
32
32
24
28
38
33
32
25
41
26
30
31
21
29
30
29
31
32
20
26
38
31
34
25
37
24
29
31
33
28
38
20
26
22
38
25
29
29
36
18
29
26
27
34
28
25
28
23
21
28
30
27
28
19
20
24
25
24
22
25
18
25
19
23
22
24
14
23
20
35
23
22
23
24
17
19
33
16
19
22
15
17
23
23
20
15
19
22
19
19
23
22
19
21
16
9
17
30
21
17
15
20
23
19
20
13
21
23
26
15
12
22
17
19
16
22
17
17
18
22
18
22
20
16
18
12
14
15
13
19
14
23
28
15
19
33
19
16
11
21
18
23
15
24
16
20
18
18
9
22
18
14
17
18
22
12
20
19
23
14
26
16
13
23
19
23
23
20
21
16
16
21
18
16
26
20
19
17
16
23
21
24
23
27
17
19
21
23
24
31
21
24
23
18
26
21
27
33
22
20
30
25
27
26
38
37
28
34
30
40
29
32
48
43
30
31
37
44
36
41
40
35
34
27
35
45
28
31
34
39
27
33
34
33
30
30
48
32
31
33
20
32
28
26
19
28
32
30
28
29
22
23
23
22
27
17
25
29
26
22
25
19
25
21
25
23
25
24
25
29
32
33
31
24
48
39
29
35
43
32
41
35
52
35
32
33
26
31
46
35
31
34
29
46
22
34
25
30
24
26
39
27
24
29
27
31
30
33
32
25
25
20
18
26
18
23
24
25
17
22
28
25
28
27
20
18
21
17
24
25
22
16
25
30
15
23
16
21
14
13
21
18
18
18
25
17
19
18
18
21
15
26
19
16
17
18
18
31
16
24
32
31
21
23
21
17
19
21
29
23
14
25
21
27
25
21
21
24
21
22
23
29
27
23
22
15
26
23
24
23
20
18
22
16
19
12
31
21
30
25
21
20
19
28
26
15
24
24
21
25
13
23
21
15
23
21
24
20
28
12
16
22
12
20
15
15
16
14
9
21
11
19
13
17
20
11
20
15
15
17
18
16
18
15
17
17
19
10
16
9
15
17
13
21
11
19
16
12
16
23
21
16
10
16
12
15
13
10
11
8
22
16
20
10
8
7
11
16
9
11
13
11
12
13
13
10
13
7
10
15
7
12
10
14
14
9
8
8
10
10
8
12
13
12
2
6
4
8
2
8
9
7
10
9
7
8
9
13
7
4
9
13
9
12
8
12
8
8
14
9
8
15
14
14
10
11
10
10
12
15
12
15
19
15
6
15
9
19
25
18
17
21
23
18
22
22
21
34
26
27
34
46
39
35
42
36
40
48
59
60
44
48
57
66
66
76
70
71
82
79
67
82
80
62
63
69
75
70
87
84
65
63
69
60
57
65
71
58
59
48
59
59
47
44
39
38
44
39
26
35
36
34
32
25
21
25
24
20
19
20
22
13
17
15
11
10
5
17
12
15
8
11
11
12
10
7
11
7
11
5
9
10
6
5
7
9
11
5
6
11
7
6
8
5
8
11
5
10
7
12
8
4
6
5
6
5
6
6
8
7
5
11
4
9
8
3
6
8
6
5
4
1
5
6
5
4
7
4
3
7
6
11
5
7
7
5
11
4
8
4
5
5
5
3
4
4
8
6
5
6
7
3
4
4
7
9
4
5
6
5
6
2
5
$ROI:
43
143 193
144 194
424 531
429 529
440 544
440 545
440 549
443 544
443 553
490 516
604 1134
679 1395
690 1434
772 934
800 953
827 855
828 856
840 1946
849 1974
857 2002
872 900
880 1058
887 915
914 1083
1010 1038
1208 1258
1345 1375
1418 1448
2436 2526
3229 3279
3607 3645
6449 6521
6459 6531
6463 6535
6464 6536
6467 6539
6471 6543
6482 6526
6489 6513
6497 6521
12997 13047
12999 13049
13000 13050
