$SPEC_ID:
GAMWIN
$SPEC_REM:


$DETDESC:

$DATE_MEA:
10/07/2025 14:58:44
$MEAS_TIM:
57215.13 58043.73
$MCA_CAL:
3
1.32118272781372E+001 1.29107522964478E+000 0.00000000000000E+000
$DATA:
0 2047
0
0
0
0
0
0
0
0
0
0
0
0
0
0
0
0
0
0
0
0
0
0
0
0
0
0
0
0
0
0
0
0
0
0
0
2019
2176
2206
2393
2481
2604
2765
2847
2931
3010
3108
3252
3494
3858
4315
4668
4968
4990
4738
4500
4180
3795
3534
3375
3329
3359
3193
3240
3070
2837
2718
2354
2279
1976
1879
1868
1798
1797
1627
1762
1730
1649
1606
1586
1598
1631
1640
1596
1600
1632
1649
1586
1659
1765
1720
1725
1740
1681
1564
1668
1608
1644
1628
1610
1646
1694
1661
1535
1592
1578
1593
1597
1555
1582
1541
1569
1510
1478
1486
1431
1391
1409
1421
1427
1402
1345
1419
1312
1390
1451
1538
1472
1480
1549
1644
1536
1618
1581
1521
1515
1512
1406
1436
1299
1323
1306
1333
1347
1405
1342
1371
1388
1279
1332
1325
1336
1320
1363
1312
1328
1316
1356
1377
1465
1568
1710
1850
1994
2153
2517
2663
2853
2929
2903
2926
2810
2741
2511
2230
2012
1801
1591
1445
1281
1193
1085
1032
1030
975
943
1007
1001
981
971
1002
947
1002
1025
1031
1001
993
960
974
1008
1073
971
1029
1040
1000
1080
1145
1167
1164
1270
1159
1240
1142
1110
1049
995
995
927
838
822
805
803
721
671
683
733
741
788
689
772
746
736
785
833
835
920
930
928
986
931
1106
1178
1120
1196
1193
1261
1275
1262
1277
1284
1270
1283
1177
1137
1100
1056
970
919
771
761
710
629
627
558
516
507
438
470
513
469
469
445
447
442
470
411
461
450
442
442
448
416
426
439
437
468
441
457
468
426
411
411
432
435
449
411
396
407
411
432
369
378
387
369
385
367
379
372
360
354
377
385
338
350
386
362
320
347
357
358
362
364
415
378
367
396
355
400
405
404
373
418
415
389
345
369
396
369
386
361
359
345
365
333
369
366
325
313
341
348
302
343
336
341
344
366
353
396
412
412
385
410
470
449
458
442
456
442
463
484
459
445
430
358
366
354
340
348
335
292
313
304
315
287
272
315
284
301
260
324
271
252
261
251
310
257
278
226
280
299
315
323
338
322
348
394
401
391
417
434
483
463
527
558
529
544
577
608
563
595
638
612
632
661
604
616
579
615
564
598
606
617
601
614
617
690
615
610
653
616
583
583
496
524
509
447
464
397
402
342
325
337
282
300
297
268
270
279
227
218
237
228
229
242
226
249
231
199
235
241
217
217
224
224
238
232
226
223
209
210
213
224
249
220
233
216
216
225
233
217
234
201
209
220
215
221
219
208
219
186
220
206
233
229
249
231
213
208
251
227
228
218
233
231
251
235
257
235
284
270
261
253
281
261
288
268
246
234
221
279
253
232
234
233
227
233
220
214
256
235
213
206
227
189
255
212
230
259
234
257
228
282
278
255
252
224
252
227
247
244
261
227
229
211
209
246
237
234
217
238
270
214
235
219
226
237
207
224
206
232
255
210
192
199
189
209
190
217
179
206
197
204
194
185
177
181
197
198
221
201
180
198
183
213
208
211
197
211
207
200
200
226
208
204
187
213
230
211
238
238
216
260
210
263
244
260
232
242
249
255
262
263
228
236
240
186
207
245
232
209
231
225
242
233
244
237
269
274
238
272
275
292
323
268
331
307
358
314
333
346
291
334
314
327
291
305
294
295
283
281
258
261
239
246
274
239
234
219
218
194
197
210
210
256
243
239
233
260
242
256
230
242
274
269
256
280
273
263
293
301
286
274
277
294
278
273
252
242
243
253
235
238
238
226
222
200
182
197
180
170
184
196
192
172
169
164
157
177
153
178
164
142
158
159
158
185
156
155
146
158
165
156
150
151
170
155
151
148
166
167
147
136
168
165
161
157
163
148
141
158
156
169
140
154
163
144
147
167
167
160
154
175
163
154
142
160
168
149
154
174
153
162
158
160
163
167
179
168
191
186
169
177
176
175
191
207
174
157
198
212
185
195
194
190
222
196
226
202
221
213
222
194
207
219
198
205
192
176
191
180
209
183
197
183
193
191
203
180
182
184
177
171
148
184
180
157
173
163
185
161
183
159
164
161
168
164
135
174
177
190
162
178
177
166
173
181
170
169
159
199
185
170
188
156
153
158
166
157
169
149
168
183
165
142
184
157
169
167
174
181
168
193
163
165
167
174
181
183
175
169
172
173
156
171
166
209
145
165
178
152
154
161
161
143
172
149
134
147
143
137
134
122
129
125
143
108
112
113
116
123
110
115
120
96
113
96
109
98
86
102
90
103
85
93
92
84
74
93
103
78
91
72
81
81
101
104
78
73
90
79
103
78
84
64
66
84
61
69
75
78
82
69
86
79
81
68
77
74
65
59
69
58
72
74
71
71
79
67
78
93
76
85
83
91
74
75
85
70
68
74
71
86
82
83
74
65
83
85
92
81
82
87
89
74
77
94
83
93
86
80
68
82
82
90
90
90
93
104
90
78
116
100
86
107
115
120
113
104
120
123
135
122
141
170
189
169
198
202
236
260
272
290
311
343
363
393
420
447
480
486
519
605
569
602
706
716
673
703
708
748
776
855
772
780
799
811
746
712
717
691
625
619
624
593
540
517
474
496
393
383
378
320
299
266
261
204
203
176
189
159
164
130
126
134
101
115
84
87
89
99
69
77
70
62
60
70
46
67
46
53
45
37
56
54
52
40
44
46
44
46
42
35
44
35
39
43
41
46
54
31
41
40
40
46
39
34
33
30
44
32
34
49
42
43
41
34
60
42
50
49
39
55
36
39
40
48
56
47
43
59
48
42
46
46
43
39
38
46
40
50
43
44
40
50
43
44
38
35
36
40
40
40
39
37
45
47
38
32
34
35
26
39
47
41
33
51
28
27
32
23
28
41
24
30
26
36
29
32
39
22
29
27
30
27
26
25
36
23
31
34
36
33
31
33
31
34
33
29
32
27
32
27
28
23
28
25
20
29
12
30
32
21
33
22
25
27
37
19
34
38
27
34
39
29
33
35
42
38
39
39
43
45
44
38
41
49
34
41
44
46
48
61
35
55
49
51
43
40
61
56
43
45
53
45
47
70
43
36
55
61
52
41
55
38
57
46
38
47
38
48
58
36
46
37
31
39
28
39
29
39
17
23
24
24
25
21
29
23
30
24
22
20
19
27
24
17
18
21
22
21
16
17
30
27
18
22
32
35
25
23
22
27
16
24
14
26
23
22
21
20
21
21
16
18
19
16
27
25
13
22
22
23
15
28
26
21
18
24
25
17
15
20
21
19
16
27
24
21
23
13
29
20
24
21
22
21
18
18
17
20
17
19
11
15
23
16
21
18
10
11
20
19
12
8
16
21
18
20
17
27
21
24
18
13
20
14
25
17
21
15
14
27
13
25
17
21
22
27
13
24
12
20
21
18
13
14
24
14
18
17
22
27
15
15
22
20
20
16
16
16
12
14
18
16
16
16
23
13
21
14
15
22
9
22
17
18
26
23
12
17
18
17
16
12
14
17
13
20
18
24
14
18
23
19
11
15
14
21
18
17
13
24
22
30
22
13
11
27
20
27
14
23
11
18
12
15
19
18
17
21
17
11
23
23
27
21
31
29
25
22
26
33
21
31
30
23
24
27
23
25
26
28
38
30
26
34
29
18
21
30
22
30
34
31
23
20
26
27
33
33
23
28
35
29
27
22
26
25
24
27
22
24
31
19
17
19
20
25
21
26
23
17
18
23
45
27
18
28
25
27
33
26
30
20
23
23
18
19
22
17
24
27
29
28
28
32
26
21
22
30
20
25
20
32
33
23
25
20
19
29
23
25
32
19
18
21
29
29
27
25
26
22
26
32
25
14
26
22
18
25
29
23
20
14
25
22
18
27
18
22
17
14
26
23
15
15
18
22
23
20
16
15
22
24
17
11
20
20
30
21
28
23
13
19
23
19
22
25
16
21
23
20
23
15
23
19
17
18
24
20
30
24
19
24
31
26
15
22
18
22
15
10
17
24
21
21
22
14
22
17
20
25
19
23
27
14
26
15
22
24
16
14
17
28
14
19
19
20
17
16
11
29
21
26
34
25
11
13
11
19
15
18
30
16
11
21
19
18
19
21
11
21
20
21
15
12
19
22
14
17
20
23
18
15
16
12
11
16
19
10
16
8
12
10
19
14
15
9
15
11
9
11
19
10
20
20
12
8
15
20
18
19
20
16
16
10
20
5
10
11
14
19
8
19
11
15
13
8
18
11
15
12
15
16
12
16
10
5
9
12
5
11
8
9
19
18
16
11
6
16
8
22
17
11
12
9
11
6
13
12
10
15
13
8
4
17
7
15
13
20
15
13
5
13
11
20
12
6
12
11
13
10
7
11
18
14
14
15
11
12
9
14
18
12
17
18
25
21
15
18
17
20
30
21
21
28
23
29
23
27
22
26
38
32
28
31
31
38
34
43
44
35
50
46
51
51
49
64
42
57
42
58
58
51
47
54
60
53
52
58
56
42
51
49
53
43
50
41
33
36
46
39
33
36
50
32
41
33
37
27
27
22
25
28
33
18
16
23
17
18
8
10
12
16
22
9
14
11
11
16
13
11
11
6
11
12
6
9
6
14
14
11
11
14
8
8
18
9
6
14
5
8
4
9
12
12
7
11
12
12
8
3
8
12
7
6
12
8
10
12
5
6
9
10
8
8
10
7
15
12
6
11
12
6
9
11
9
6
6
11
3
13
8
10
5
8
9
13
11
8
12
8
8
8
12
18
12
8
13
10
11
4
10
8
10
4
11
11
3
10
4
10
12
14
8
9
15
8
13
$ROI:
43
143 193
144 194
424 531
429 529
440 544
440 545
440 549
443 544
443 553
490 516
604 1134
679 1395
690 1434
772 934
800 953
827 855
828 856
840 1946
849 1974
857 2002
872 900
880 1058
887 915
914 1083
1010 1038
1208 1258
1345 1375
1418 1448
2436 2526
3229 3279
3607 3645
6449 6521
6459 6531
6463 6535
6464 6536
6467 6539
6471 6543
6482 6526
6489 6513
6497 6521
12997 13047
12999 13049
13000 13050
