$SPEC_ID:
GAMWIN
$SPEC_REM:


$DETDESC:

$DATE_MEA:
04/08/2025 14:57:58
$MEAS_TIM:
57482.72 57583.80
$MCA_CAL:
3
1.32118272781372E+001 1.29107522964478E+000 0.00000000000000E+000
$DATA:
0 2047
0
0
0
0
0
0
0
0
0
0
0
0
0
0
0
0
0
0
0
0
0
2198
1987
1977
1897
1914
1996
1903
1911
1888
1877
1904
1790
1709
1619
1582
1559
1614
1713
1815
1881
1988
2123
2135
2166
2222
2312
2443
2572
2987
3220
3409
3580
3487
3247
2903
2748
2464
2346
2331
2353
2287
2242
2125
1982
1962
1649
1668
1453
1337
1257
1242
1187
1230
1145
1214
1164
1222
1147
1114
1155
997
1089
1173
1126
1074
1182
1221
1127
1121
1163
1192
1171
1189
1154
1139
1114
1129
1112
1134
1083
1160
1096
1103
1038
1103
1135
1111
1092
1053
1103
1032
999
1039
967
984
1060
974
971
948
1012
1025
953
1015
952
1038
1065
1078
1067
1042
1086
1106
1073
1090
1083
1048
1042
971
993
988
923
957
864
913
915
967
994
934
925
944
953
940
945
877
909
912
931
1025
1018
1025
1104
1159
1269
1369
1532
1673
1763
1928
2034
2089
1945
2002
1776
1709
1451
1359
1204
1073
967
864
831
794
775
774
731
721
696
721
694
707
754
716
712
746
722
688
753
721
707
744
731
740
738
772
793
811
807
925
888
927
923
874
881
845
800
761
755
650
625
623
588
579
484
520
564
540
517
483
537
540
525
569
589
562
587
590
660
657
696
665
687
767
847
852
881
871
895
952
928
980
1014
919
909
889
798
803
721
649
622
557
525
505
458
419
406
375
340
404
339
361
382
370
336
316
339
302
304
342
343
326
344
284
356
332
333
314
330
352
321
352
322
325
336
303
342
333
304
309
323
313
278
313
283
290
274
268
283
257
272
281
260
314
273
263
266
272
266
263
269
276
283
294
292
279
268
321
315
302
330
305
297
315
337
280
302
285
296
308
306
316
294
272
275
278
259
294
278
251
256
259
275
271
256
279
269
259
291
263
291
333
357
348
350
358
352
355
377
390
371
399
353
365
328
338
313
302
259
301
293
269
261
273
253
235
224
254
251
209
236
225
223
207
231
228
242
224
204
218
218
237
253
258
240
224
258
243
274
281
284
286
325
323
368
349
372
451
390
432
419
425
459
453
413
399
443
456
436
470
445
437
445
461
476
442
421
473
507
454
484
469
510
442
448
420
407
393
347
364
345
325
296
290
254
245
236
237
191
215
209
178
197
184
206
207
177
196
169
164
163
189
176
170
194
187
165
203
181
184
223
169
197
164
204
188
167
173
179
150
172
174
161
178
172
187
164
173
180
181
154
194
177
199
174
168
157
164
170
178
151
163
161
174
193
171
209
206
200
214
190
209
192
212
223
208
211
193
216
203
215
175
197
205
186
183
179
196
189
198
190
199
159
171
190
175
186
186
181
198
188
196
185
184
195
183
175
196
213
201
184
169
187
174
202
190
196
193
199
192
210
191
182
194
191
195
208
183
175
186
162
169
180
172
165
188
179
163
179
173
155
145
165
153
163
188
159
150
147
158
155
178
143
153
153
160
161
165
147
144
160
136
172
162
138
139
177
135
143
156
154
168
169
151
147
166
148
172
172
165
134
135
162
157
157
138
145
149
146
151
167
148
159
159
158
143
140
188
185
159
198
199
180
199
207
199
215
242
236
243
235
214
213
241
246
247
238
235
216
207
237
244
180
211
209
206
197
201
203
203
190
173
161
166
195
164
166
179
160
179
184
192
192
192
190
181
205
210
224
224
203
198
203
198
209
225
184
192
229
211
192
174
190
179
183
191
183
176
156
164
139
167
140
147
130
145
143
143
137
150
130
144
124
161
117
140
141
131
148
123
132
122
127
133
114
125
115
124
131
143
139
143
125
120
122
118
143
115
150
119
135
151
124
113
126
137
126
110
144
150
141
135
143
152
130
139
121
122
135
142
127
141
147
127
120
117
115
141
139
132
131
133
143
159
157
135
139
151
150
133
156
127
147
148
151
171
170
179
162
166
184
167
193
187
186
182
168
172
176
180
177
143
176
152
173
161
173
166
164
131
168
146
154
169
149
151
159
167
172
135
141
129
144
143
148
150
182
140
139
156
134
118
162
133
159
136
140
140
115
158
151
137
153
144
145
153
144
141
156
142
138
131
138
135
143
132
146
165
142
131
154
145
142
155
149
141
149
142
134
144
141
150
148
125
156
140
145
127
127
154
145
133
142
135
143
119
144
121
125
107
138
110
143
128
113
124
127
90
112
119
103
83
97
109
107
97
79
89
79
95
96
99
90
75
78
87
87
76
68
71
73
59
67
74
44
60
76
68
79
66
51
73
46
74
71
63
49
67
49
54
60
58
50
47
49
64
62
72
57
62
48
62
68
56
53
50
68
45
56
45
59
65
55
59
48
39
62
64
67
67
51
51
60
66
44
54
63
60
47
68
53
56
56
70
58
54
67
65
63
65
75
57
53
70
49
73
71
58
80
59
72
70
78
78
59
66
79
96
86
72
74
83
87
95
91
116
91
108
113
140
122
124
152
148
171
191
212
226
199
230
264
292
314
366
379
393
427
441
450
487
534
603
590
630
635
629
688
723
620
700
682
683
685
619
634
629
652
613
568
515
527
470
428
409
338
350
312
279
296
258
215
212
207
194
135
150
128
132
109
104
98
87
69
73
61
65
59
66
68
54
60
53
30
43
58
43
47
36
39
24
41
40
39
28
33
36
39
28
40
24
45
23
27
30
27
28
31
24
37
35
33
27
43
24
28
34
26
35
36
39
38
34
35
35
32
46
43
47
40
27
43
33
34
36
43
31
25
29
38
50
35
46
36
51
40
39
37
39
37
50
40
45
36
20
30
36
30
48
43
38
34
28
28
29
35
28
37
25
27
31
19
33
26
20
28
27
39
20
29
23
25
36
26
24
33
28
19
36
22
17
25
20
31
22
23
33
29
24
36
23
20
27
32
16
31
19
24
26
31
26
28
20
26
21
36
29
18
24
21
33
21
22
29
22
24
30
32
25
32
30
38
29
18
29
22
25
38
32
28
37
37
35
35
34
42
51
34
47
29
45
40
36
37
47
57
37
43
51
44
48
50
50
39
46
47
60
39
52
39
37
57
46
25
34
53
41
41
30
41
35
35
44
34
30
30
24
31
25
30
23
19
25
22
19
28
21
24
15
31
21
24
22
20
26
27
25
19
20
18
24
20
26
24
24
19
20
20
25
22
19
24
18
17
24
16
23
18
12
21
26
24
13
21
27
19
19
19
20
19
23
18
23
19
25
20
19
17
23
25
10
19
18
22
15
18
15
10
20
16
16
10
8
19
17
23
22
15
17
19
9
14
16
20
17
17
21
10
21
10
25
24
19
25
12
12
14
17
16
22
15
16
16
17
15
11
19
14
14
16
15
14
17
12
19
19
29
23
17
15
18
23
23
11
12
14
27
24
16
12
15
17
22
23
14
18
12
16
18
16
13
18
14
16
30
15
16
11
22
16
16
15
18
14
13
24
14
14
18
11
20
16
23
17
14
18
25
15
24
19
14
24
16
10
16
19
12
17
23
16
24
13
21
18
16
13
12
23
11
23
21
21
21
15
22
13
9
17
17
14
15
17
16
14
25
22
17
23
17
25
16
21
21
22
20
15
14
19
28
17
22
25
17
20
32
25
29
17
25
23
19
21
25
22
16
29
19
23
26
28
28
22
21
25
22
16
16
21
15
16
23
20
13
19
15
19
8
19
17
18
17
18
19
19
18
19
17
17
19
17
21
17
17
14
21
14
18
15
12
18
17
26
16
15
12
22
26
22
13
24
25
27
18
25
23
26
19
22
21
24
18
23
25
15
20
19
22
21
18
24
20
19
22
19
19
19
21
21
12
8
13
17
17
21
19
21
11
17
24
24
8
15
17
21
8
18
10
16
13
19
19
17
20
14
12
15
17
7
16
11
12
15
17
20
9
15
15
21
19
12
21
14
17
22
28
11
9
15
18
17
25
11
18
14
18
16
10
15
14
19
18
17
13
12
16
10
15
24
17
11
18
19
18
15
19
21
11
16
19
17
18
16
18
17
14
12
11
14
14
12
12
15
25
14
16
13
13
18
12
11
15
14
12
15
15
15
18
16
19
12
14
16
7
11
18
6
17
18
12
11
14
12
12
20
10
8
12
12
15
13
6
12
15
17
18
13
11
12
8
14
16
14
15
15
14
13
11
14
17
17
10
15
14
14
7
17
10
11
15
11
11
4
14
6
11
17
12
9
11
9
10
11
7
13
18
8
19
10
11
12
10
9
15
12
16
14
9
17
11
7
10
12
12
11
9
11
7
15
14
11
14
11
9
10
17
9
12
13
10
11
11
10
12
7
7
10
9
7
8
8
7
16
12
10
6
14
10
15
4
14
4
14
10
12
14
9
12
13
18
11
18
13
19
6
11
22
8
17
18
12
23
12
12
16
18
11
19
14
30
16
25
18
26
28
30
29
32
29
17
37
28
37
41
30
45
42
32
45
34
32
31
36
43
49
45
31
41
30
42
49
43
36
38
34
32
28
34
33
30
27
28
23
24
31
16
18
24
22
23
20
12
13
21
16
11
16
12
14
14
11
14
11
18
8
10
11
12
12
11
10
9
12
11
8
3
11
16
7
12
10
4
7
12
12
7
7
13
13
5
13
10
7
8
8
4
5
11
11
5
15
7
10
9
11
12
11
8
14
5
11
9
10
8
8
10
10
4
8
12
10
7
3
11
9
5
5
11
4
8
13
7
10
10
4
8
12
9
8
8
8
9
9
7
6
6
7
12
9
9
10
5
$ROI:
39
424 531
429 529
440 544
440 545
440 549
443 544
443 553
490 516
679 1395
772 934
800 953
827 855
828 856
840 1946
849 1974
857 2002
872 900
880 1058
887 915
914 1083
1010 1038
1208 1258
1345 1375
1418 1448
2436 2526
3229 3279
3607 3645
6449 6521
6459 6531
6463 6535
6464 6536
6467 6539
6471 6543
6482 6526
6489 6513
6497 6521
12997 13047
12999 13049
13000 13050
