$SPEC_ID:
GAMWIN
$SPEC_REM:


$DETDESC:

$DATE_MEA:
04/22/2025 15:00:23
$MEAS_TIM:
57692.41 57833.33
$MCA_CAL:
3
1.32118272781372E+001 1.29107522964478E+000 0.00000000000000E+000
$DATA:
0 2047
0
0
0
0
0
0
0
0
0
0
0
0
0
0
0
0
0
0
0
0
0
3957
3338
3169
3221
3141
3242
3264
3302
3299
3162
3202
3118
3015
3020
2970
2990
3213
3382
3592
3844
3983
4153
4381
4433
4584
4910
5396
5715
6437
7026
7540
7637
7293
6758
6157
5757
5224
4933
5014
4837
4726
4636
4621
4289
3950
3658
3240
2960
2784
2620
2550
2509
2514
2394
2380
2363
2437
2373
2305
2275
2356
2303
2257
2336
2306
2292
2400
2446
2591
2515
2464
2481
2502
2390
2410
2381
2342
2367
2348
2370
2333
2333
2267
2364
2294
2236
2265
2240
2225
2217
2211
2217
2119
2086
2088
2021
1996
1929
2007
1961
2014
1918
2070
2097
2118
2196
2197
2180
2253
2344
2327
2361
2229
2177
2117
2029
1874
2085
2022
2025
1975
1871
1871
1998
1999
1991
1945
1922
1969
1921
1967
1960
1912
1883
1908
1981
1990
2043
2115
2402
2641
2896
3163
3531
3824
4114
4366
4409
4476
4507
4083
3974
3570
3194
2907
2593
2241
2020
1768
1541
1567
1466
1422
1424
1375
1479
1436
1467
1431
1422
1475
1463
1458
1381
1471
1440
1420
1394
1421
1499
1464
1492
1504
1598
1519
1675
1682
1793
1881
1780
1770
1832
1705
1664
1399
1482
1410
1249
1164
1112
1089
1057
965
988
1032
967
1026
1028
1050
1050
1114
1107
1231
1290
1326
1361
1451
1452
1498
1551
1602
1682
1749
1751
1853
2057
2010
2039
2030
1899
1901
1916
1821
1703
1555
1492
1305
1184
1138
1057
909
873
784
795
738
703
641
624
672
631
673
656
633
618
581
606
629
615
584
602
644
602
654
618
603
594
638
616
614
594
622
658
625
600
590
571
560
541
616
518
514
517
564
486
507
494
479
498
481
517
525
520
489
516
533
519
519
515
539
560
511
557
515
505
534
572
601
585
561
598
567
590
603
573
578
523
539
532
483
505
511
516
507
523
504
506
494
477
497
502
479
511
475
499
484
510
558
558
560
634
635
629
624
644
624
685
668
635
646
649
591
606
622
547
544
522
502
497
463
471
446
433
439
406
439
413
405
378
424
386
414
418
411
422
398
430
407
468
415
412
453
441
467
518
488
483
568
613
602
682
684
755
760
801
833
881
876
869
879
929
909
920
894
869
920
931
903
920
907
898
921
882
941
914
974
1011
943
962
1034
953
932
883
902
841
753
741
700
688
600
534
522
483
461
423
424
409
354
363
371
340
329
356
328
331
339
322
328
342
336
385
371
316
310
360
330
332
294
303
335
329
335
329
303
330
324
352
300
304
301
349
353
305
320
313
321
310
316
338
300
316
342
324
329
330
338
336
280
339
321
350
354
344
343
325
354
347
373
373
386
404
372
373
425
380
394
377
360
377
399
349
361
369
373
341
369
335
348
311
316
309
306
328
343
342
323
313
337
346
345
350
357
357
340
362
362
398
361
365
368
350
402
357
386
399
371
352
339
370
364
367
309
361
359
346
322
323
325
317
315
285
312
325
327
330
307
283
317
282
279
318
269
271
275
269
270
291
289
280
326
284
303
302
309
288
262
309
297
308
296
315
292
276
288
280
316
275
309
280
302
294
310
291
306
277
269
289
273
299
272
270
259
258
264
259
278
253
289
256
288
263
256
303
299
322
326
353
377
375
393
376
392
407
418
425
420
445
503
489
479
493
480
484
508
485
511
507
457
481
441
422
442
394
359
328
382
335
347
339
345
303
378
327
339
318
295
362
335
317
337
395
316
381
367
405
388
435
395
444
424
424
449
412
399
412
449
385
394
374
394
389
375
390
316
336
308
328
274
288
257
258
278
253
281
265
236
259
247
285
235
216
216
248
224
232
247
204
198
227
251
238
204
213
198
234
230
230
215
228
225
226
221
219
209
245
234
200
211
220
242
219
215
223
229
259
234
242
263
213
242
236
244
227
218
228
231
260
234
246
245
236
250
253
232
249
260
273
243
245
251
229
247
234
257
288
265
274
236
268
299
252
286
291
293
289
288
294
301
313
305
316
311
311
324
316
310
299
334
311
332
331
296
330
330
311
280
330
276
319
271
262
297
275
276
300
272
249
252
243
259
275
264
275
276
262
246
249
252
252
270
235
258
264
253
259
244
242
272
238
226
250
256
236
226
255
262
260
264
225
240
253
254
266
242
236
251
256
257
236
250
254
251
272
254
234
235
233
279
247
267
241
249
242
264
276
246
218
260
275
240
260
231
229
254
217
267
227
229
198
207
223
229
204
206
185
197
210
171
172
172
187
187
167
159
139
163
151
144
140
154
141
137
142
149
129
160
126
112
120
120
121
116
117
128
125
132
126
107
113
101
91
105
95
98
105
90
115
111
113
98
94
121
112
94
86
102
88
106
86
105
96
89
104
78
89
84
93
97
107
131
103
82
97
106
99
99
83
107
91
96
84
74
98
101
113
100
87
108
102
104
110
109
130
110
112
97
115
126
108
102
114
124
110
138
127
106
122
126
137
128
137
127
127
144
122
122
104
111
128
152
157
148
161
176
201
189
174
212
230
232
292
265
330
345
361
337
425
467
471
497
550
652
682
703
787
769
906
899
925
958
1062
1131
1114
1212
1211
1151
1217
1216
1204
1149
1140
1105
1131
1130
1073
1063
919
912
891
865
801
759
726
619
575
539
487
417
396
343
349
292
295
257
241
190
201
190
160
144
140
125
92
113
99
118
81
82
91
89
92
91
89
73
76
82
47
63
63
46
58
54
69
47
51
57
55
50
63
54
50
63
36
53
59
63
55
46
46
64
41
53
44
50
51
60
49
59
48
50
63
62
69
55
54
69
50
72
68
65
77
53
67
57
64
73
67
84
68
74
72
63
81
69
66
63
54
67
71
53
60
60
49
65
64
66
54
51
57
59
52
51
42
59
71
75
54
52
64
57
57
55
51
49
47
51
51
44
45
41
53
54
34
42
39
40
48
39
44
44
36
43
48
38
43
33
26
49
35
43
39
28
40
48
37
39
40
37
37
37
34
41
40
41
39
42
38
35
40
54
40
49
47
42
48
37
56
43
45
40
46
48
57
57
43
60
53
50
62
58
57
65
55
74
64
72
62
81
80
76
87
84
78
74
93
82
87
85
74
60
90
68
84
92
95
80
73
76
82
76
75
73
72
71
67
78
73
54
70
55
55
76
46
38
42
52
45
39
49
57
40
46
36
52
44
35
28
31
40
36
33
48
32
43
44
38
46
34
28
30
37
50
20
41
25
40
36
35
28
38
28
34
35
33
43
39
37
39
41
32
45
39
37
40
49
41
39
31
26
21
27
35
28
38
42
38
27
25
35
37
35
35
29
34
27
22
26
33
18
45
31
33
24
29
30
25
29
34
26
32
23
34
21
33
28
33
25
16
27
29
30
26
36
33
32
28
20
29
34
28
33
17
26
29
21
26
29
32
25
25
21
34
27
32
28
20
24
29
26
27
26
34
18
28
29
19
18
20
24
21
26
24
22
25
35
19
28
26
20
26
26
31
35
19
26
26
33
31
22
31
30
28
28
32
25
22
30
25
29
32
24
20
30
26
29
26
29
28
35
22
30
23
22
26
29
29
32
25
36
22
27
31
13
33
32
30
30
27
28
31
29
24
21
24
27
37
32
26
28
25
26
24
22
23
30
32
34
29
32
38
34
49
38
46
39
48
27
31
35
39
28
44
37
36
42
38
39
32
47
49
44
43
42
52
35
54
53
36
42
46
41
42
36
45
33
35
36
37
36
37
27
31
34
35
33
41
36
37
37
29
34
36
27
23
29
37
24
28
40
26
25
29
29
22
39
28
36
42
27
33
26
29
42
44
37
26
32
26
39
34
35
23
26
34
45
41
43
31
44
38
42
47
31
36
35
40
38
45
36
30
30
50
38
36
29
27
32
36
35
27
29
42
34
29
31
32
28
26
36
18
30
24
24
21
24
22
21
30
31
25
27
33
33
26
26
31
21
25
27
34
30
21
35
18
29
29
29
25
28
30
24
16
26
31
28
33
27
21
13
24
34
30
33
27
22
27
35
25
35
36
21
35
32
19
25
31
32
29
30
33
29
29
25
20
29
34
33
25
23
31
17
17
34
23
29
23
26
28
29
23
29
21
28
17
29
29
34
19
15
32
30
20
23
32
27
17
15
34
18
23
25
15
22
36
22
22
15
16
23
23
23
22
20
24
25
23
19
19
13
17
22
23
13
22
17
11
15
18
18
22
21
23
26
16
19
26
11
24
22
24
15
25
25
20
20
22
23
15
17
24
14
22
14
16
17
22
16
8
23
10
15
10
11
21
15
16
15
15
10
18
21
15
19
13
15
16
15
15
13
11
17
20
16
17
14
15
10
18
14
14
10
8
20
14
14
15
17
10
12
11
14
10
12
13
12
10
14
18
17
11
14
17
26
13
11
30
24
7
12
11
19
10
14
16
15
15
24
9
15
17
17
25
17
16
27
27
33
27
28
25
20
28
39
33
36
44
48
42
46
53
41
54
54
64
55
65
65
69
82
58
61
70
75
101
74
95
85
77
77
84
74
77
84
78
89
89
82
82
79
69
75
68
62
64
67
60
48
61
48
41
35
42
57
48
34
29
39
27
28
34
27
17
26
32
27
20
19
25
19
21
18
12
17
14
16
9
11
12
15
15
13
15
13
12
16
11
14
8
13
15
11
15
14
14
11
12
11
8
11
12
9
14
12
17
11
15
13
13
8
10
10
8
15
15
16
12
8
11
13
9
9
7
14
15
12
7
9
13
11
15
10
13
12
9
7
6
11
5
9
8
17
16
9
6
9
11
8
5
6
5
4
13
12
15
8
9
12
16
$ROI:
39
424 531
429 529
440 544
440 545
440 549
443 544
443 553
490 516
679 1395
772 934
800 953
827 855
828 856
840 1946
849 1974
857 2002
872 900
880 1058
887 915
914 1083
1010 1038
1208 1258
1345 1375
1418 1448
2436 2526
3229 3279
3607 3645
6449 6521
6459 6531
6463 6535
6464 6536
6467 6539
6471 6543
6482 6526
6489 6513
6497 6521
12997 13047
12999 13049
13000 13050
