$SPEC_ID:
GAMWIN
$SPEC_REM:


$DETDESC:

$DATE_MEA:
04/03/2025 15:15:33
$MEAS_TIM:
57928.04 58026.45
$MCA_CAL:
3
1.32118272781372E+001 1.29107522964478E+000 0.00000000000000E+000
$DATA:
0 2047
0
0
0
0
0
0
0
0
0
0
0
0
0
0
0
0
0
0
0
0
0
2242
1968
1857
1819
1888
1857
1876
1835
1878
1759
1808
1729
1705
1538
1518
1521
1586
1625
1806
1779
1883
1871
2024
2096
2049
2190
2377
2435
2766
2935
3113
3207
3193
2939
2781
2610
2340
2330
2254
2209
2196
2225
2105
1906
1782
1615
1586
1435
1314
1269
1233
1207
1136
1182
1167
1147
1069
1089
1160
1092
1104
1044
1070
1077
1033
1138
1167
1173
1112
1150
1116
1144
1098
1127
1061
1102
1016
1123
1106
1138
1100
1056
1141
1040
1048
1084
1038
1068
959
956
1030
1079
994
1018
963
948
953
988
915
940
902
928
975
967
937
990
1048
1006
1015
1078
1117
1030
1038
1005
986
975
992
923
908
897
857
883
893
896
955
951
885
917
991
962
904
943
883
916
920
905
926
1000
995
1013
1148
1188
1307
1458
1603
1706
1759
1878
1859
1851
1815
1638
1545
1451
1271
1110
1003
952
815
789
708
733
683
742
636
680
653
722
653
693
703
683
750
719
717
703
699
739
669
721
680
719
738
724
721
753
789
823
800
822
774
856
750
703
698
667
666
623
577
567
525
502
530
507
502
475
505
464
539
505
476
534
574
594
610
553
596
639
654
685
731
727
728
783
797
834
845
878
902
845
867
870
822
738
761
637
655
568
541
526
460
407
407
371
366
362
352
322
359
329
331
336
324
355
338
340
320
307
333
311
312
350
320
353
319
332
338
315
352
311
334
353
311
313
316
362
270
310
302
309
302
275
266
264
287
303
280
272
291
267
284
269
295
255
259
279
288
286
274
267
319
272
282
285
280
274
296
309
310
334
296
309
280
308
306
281
284
322
264
301
255
261
273
270
311
284
273
277
312
263
285
265
283
301
259
251
290
276
331
316
300
348
331
359
375
351
380
346
394
335
331
325
325
302
291
270
292
251
286
244
224
251
245
226
215
232
225
223
226
225
218
230
246
220
221
226
218
224
235
209
237
230
244
267
261
264
267
302
307
313
322
336
328
360
402
381
382
396
402
408
388
424
420
422
408
372
382
388
436
431
386
407
416
383
410
430
409
439
430
408
389
425
405
387
352
354
335
311
295
302
255
283
236
248
215
182
185
203
197
206
195
174
200
194
186
208
180
185
161
190
188
179
183
177
157
187
177
187
202
193
176
227
199
192
214
171
175
169
190
184
179
172
186
186
176
163
190
201
211
168
170
174
167
179
167
186
182
186
187
169
159
165
210
175
186
184
182
202
207
219
197
233
196
208
189
198
191
212
191
183
185
211
168
177
199
198
186
188
195
171
182
173
176
188
175
164
187
198
193
188
211
193
190
189
207
184
231
175
210
193
190
179
191
210
195
214
177
195
167
163
218
190
178
194
182
163
185
187
175
161
165
165
181
202
158
167
187
147
140
124
175
140
161
182
169
157
151
166
185
173
160
179
142
166
156
155
177
165
126
147
149
133
149
161
151
160
146
174
143
139
160
156
161
164
173
175
155
138
146
166
154
147
169
144
161
127
160
141
150
154
162
149
178
180
166
146
169
177
169
177
213
207
217
206
218
233
216
217
237
216
250
220
257
231
224
244
197
230
217
213
200
190
186
200
182
186
187
151
181
164
160
151
157
166
162
195
192
181
181
200
176
197
182
203
206
188
217
207
213
216
201
210
202
203
209
233
199
206
192
197
201
167
178
179
154
151
162
152
161
152
150
143
146
131
173
119
152
145
138
145
142
120
138
148
130
156
155
131
138
141
131
154
125
142
130
141
135
122
128
153
141
142
146
133
126
115
114
140
124
134
141
123
132
123
146
126
130
128
136
131
135
136
154
157
158
131
136
136
135
145
147
139
133
144
135
178
150
129
163
166
152
152
171
147
145
144
143
134
179
161
168
159
170
177
159
172
143
178
173
173
182
156
179
167
201
197
159
178
168
158
163
191
157
183
156
175
179
140
151
175
162
148
151
156
134
153
166
171
149
143
155
176
135
155
145
181
170
141
170
141
140
146
153
151
156
152
157
146
162
177
138
133
163
151
149
155
157
127
151
148
152
162
150
147
140
142
163
152
148
144
158
146
142
174
161
180
133
170
162
146
165
174
114
134
142
150
140
158
145
144
133
145
133
136
149
125
125
128
108
117
106
141
136
101
102
104
120
94
91
89
92
103
92
101
91
86
89
74
88
81
75
84
83
91
76
59
103
57
86
69
73
65
71
83
71
55
53
56
72
63
59
58
57
55
61
71
69
61
60
58
66
62
68
47
53
62
49
57
58
57
65
68
38
61
46
51
64
50
59
54
39
47
44
48
49
68
51
53
66
41
53
62
52
59
56
50
48
52
55
45
57
66
60
69
70
62
70
65
54
61
52
59
61
75
64
69
67
62
63
58
69
79
76
67
81
85
73
83
82
88
101
87
94
98
118
121
125
123
145
156
173
158
164
214
231
243
280
321
359
328
339
400
445
472
504
559
532
576
603
620
642
692
732
724
710
782
732
774
740
754
705
708
681
682
665
641
654
560
531
473
470
453
377
398
344
278
294
248
242
222
197
175
154
160
136
99
93
102
89
83
85
87
55
58
51
63
60
54
36
41
38
33
36
38
40
42
29
37
33
33
28
30
25
28
37
26
40
34
27
29
31
29
26
32
27
27
28
36
21
26
29
27
37
34
29
25
36
35
31
31
26
37
27
33
29
27
38
37
44
33
40
31
26
31
27
29
34
33
42
30
23
30
35
44
35
32
33
37
30
28
20
33
33
29
23
40
25
29
22
26
30
22
19
30
29
36
16
27
20
26
25
24
25
23
25
33
27
33
23
27
17
22
25
15
27
20
32
23
16
22
21
13
22
30
20
32
25
20
20
11
17
29
21
29
25
22
32
17
20
27
27
26
12
17
21
17
27
23
26
20
24
29
22
29
21
26
19
29
32
27
35
15
30
36
26
33
28
23
36
32
36
37
16
29
33
37
31
27
38
41
40
38
34
50
46
52
26
38
25
45
48
39
43
36
28
27
41
39
43
27
42
37
35
43
38
21
32
42
39
19
23
33
27
22
24
32
25
18
24
20
19
19
28
22
17
21
24
15
23
21
21
18
32
28
28
23
17
17
15
18
22
17
24
19
18
26
22
15
18
22
17
15
20
16
18
14
15
33
17
20
19
17
15
17
19
21
18
19
14
23
16
27
16
17
23
15
21
16
15
13
22
21
24
12
17
23
15
23
28
18
10
10
14
15
11
16
25
16
20
16
20
21
15
19
16
17
19
16
18
15
15
18
23
23
11
13
9
15
13
17
18
16
18
21
21
12
14
9
13
10
23
21
19
14
12
14
16
18
27
26
12
24
15
26
14
12
23
19
12
15
16
16
18
22
10
18
18
12
17
16
20
12
17
22
16
18
18
19
18
14
18
18
16
15
20
12
15
8
12
20
15
18
14
15
13
18
22
26
15
14
16
15
10
17
14
17
15
16
16
10
13
9
14
12
10
15
9
9
18
7
14
15
16
13
15
20
17
23
11
11
16
18
15
15
17
9
18
19
17
14
23
21
26
14
26
25
12
22
16
20
24
18
22
22
15
30
16
12
18
21
19
35
18
18
17
26
17
22
20
16
17
22
22
19
17
14
14
25
15
22
16
23
19
16
18
20
14
22
15
10
17
18
10
12
21
11
18
20
16
17
25
14
20
14
21
17
17
13
16
13
16
23
10
15
17
15
17
22
21
22
17
18
13
19
12
19
25
17
23
19
24
19
19
31
22
17
15
20
16
18
14
19
14
16
16
16
23
26
15
22
15
17
15
11
9
21
16
17
20
20
16
15
8
8
8
17
19
18
16
19
20
9
14
14
12
18
11
14
11
12
15
17
10
13
19
17
14
18
17
20
19
17
19
22
15
15
14
21
11
17
26
24
15
21
12
22
17
18
17
8
10
15
21
18
16
19
15
15
7
17
7
20
14
18
8
17
15
10
21
21
21
13
9
19
18
13
15
14
14
13
18
14
14
7
18
16
16
11
19
22
10
15
21
6
17
15
11
17
19
10
19
12
17
16
19
13
14
7
16
20
15
11
7
17
13
11
8
11
10
5
14
7
14
10
11
11
9
11
15
17
11
13
13
7
10
14
16
11
9
8
13
10
17
9
7
12
11
10
10
10
11
13
10
18
16
18
8
17
16
7
14
14
16
10
13
10
8
8
17
7
11
11
16
17
13
11
6
7
9
4
9
8
12
10
7
3
13
13
14
10
4
8
15
5
14
6
13
10
7
9
11
11
6
11
13
13
9
15
21
14
9
10
13
11
14
8
15
9
11
18
4
10
12
7
16
10
14
16
5
9
13
11
12
20
6
17
15
17
20
17
16
10
18
18
21
23
24
20
25
26
32
23
18
16
32
26
25
39
28
28
32
34
23
38
37
46
28
46
38
33
42
40
37
40
39
46
42
30
27
40
31
28
30
40
26
31
21
31
18
25
24
27
24
20
15
24
19
14
11
9
7
16
24
10
12
10
12
9
12
24
6
12
9
12
9
13
7
15
14
13
14
7
10
10
9
9
11
10
14
16
8
10
7
9
10
7
12
8
13
5
7
10
12
8
9
9
8
13
8
10
9
14
6
4
9
14
10
5
7
4
9
8
8
8
11
9
9
7
7
11
10
15
9
7
10
10
11
14
5
9
8
7
5
8
14
14
7
5
10
5
19
8
10
8
8
2
8
$ROI:
39
424 531
429 529
440 544
440 545
440 549
443 544
443 553
490 516
679 1395
772 934
800 953
827 855
828 856
840 1946
849 1974
857 2002
872 900
880 1058
887 915
914 1083
1010 1038
1208 1258
1345 1375
1418 1448
2436 2526
3229 3279
3607 3645
6449 6521
6459 6531
6463 6535
6464 6536
6467 6539
6471 6543
6482 6526
6489 6513
6497 6521
12997 13047
12999 13049
13000 13050
