$SPEC_ID:
GAMWIN
$SPEC_REM:


$DETDESC:

$DATE_MEA:
04/18/2025 14:16:32
$MEAS_TIM:
237747.96 238161.40
$MCA_CAL:
3
1.32118272781372E+001 1.29107522964478E+000 0.00000000000000E+000
$DATA:
0 2047
0
0
0
0
0
0
0
0
0
0
0
0
0
0
0
0
0
0
0
0
0
7951
7139
6614
6625
6392
6587
6572
6521
6692
6523
6489
6190
5911
5508
5555
5458
5512
5785
6291
6655
7114
7373
7717
7763
7801
8487
9055
9945
11307
12388
13152
13325
13291
12418
11255
10248
9535
8959
9035
8898
8570
8366
7918
7556
6933
6533
5760
5325
5021
4695
4552
4475
4329
4237
4183
4095
4209
4143
4145
4062
4050
4099
4141
4155
4130
4106
4151
4279
4511
4479
4343
4309
4220
4256
4233
4308
4239
4326
4258
4233
4162
4256
4230
4158
4201
4228
4175
4134
3968
4010
3912
4046
3901
3832
3865
3779
3790
3774
3766
3705
3718
3736
3767
3800
3821
4119
4116
4160
4327
4509
4336
4298
4222
4127
4049
3888
3831
3608
3632
3559
3675
3537
3499
3608
3677
3702
3782
3491
3589
3637
3472
3415
3539
3378
3393
3451
3588
3660
3799
4180
4553
4803
5419
5869
6323
6811
7198
7521
7656
7606
7332
6842
6390
5832
5255
4757
4171
3699
3357
3271
2913
2759
2742
2634
2626
2615
2668
2653
2675
2700
2745
2704
2643
2754
2683
2760
2743
2813
2723
2768
2856
2899
3030
3080
3296
3446
3532
3599
3463
3671
3569
3600
3306
3333
2933
2809
2771
2442
2336
2129
2118
2037
1905
1854
1940
1828
1859
1949
1980
1955
2042
2139
2181
2253
2394
2443
2543
2637
2830
2943
3031
3232
3258
3467
3657
3881
3911
3985
4187
4115
4084
4024
3750
3698
3354
3113
2970
2627
2457
2174
1982
1808
1652
1523
1450
1348
1379
1373
1310
1329
1329
1274
1195
1221
1277
1234
1283
1233
1216
1244
1252
1221
1234
1193
1279
1190
1288
1211
1241
1191
1211
1211
1227
1100
1132
1135
1188
1059
1107
1022
1163
1107
1083
1016
1019
1005
1031
1007
1030
1011
957
993
1005
1002
983
985
951
1043
994
959
999
1023
1086
1043
1090
1045
1102
1132
1055
1123
1110
1087
1112
1118
1146
1061
1051
1051
1032
1063
996
978
979
1004
1014
1029
995
940
1000
898
963
1001
1029
1014
1096
1124
1101
1132
1179
1261
1250
1297
1424
1366
1342
1421
1333
1312
1349
1323
1245
1186
1201
1102
1130
1039
1042
1012
959
952
867
822
835
828
815
800
826
827
852
789
771
772
801
848
810
799
841
825
812
814
833
941
835
898
935
986
1003
1023
1082
1106
1176
1293
1270
1452
1489
1460
1544
1610
1540
1623
1694
1651
1694
1713
1715
1717
1712
1845
1709
1845
1841
1921
1847
1959
1969
2077
2016
1968
2067
2064
2071
1950
1857
1830
1636
1594
1402
1391
1319
1213
1106
1009
965
918
876
778
769
782
686
697
657
656
687
684
686
655
674
652
638
662
647
603
608
667
687
669
659
646
606
634
715
631
647
617
628
649
629
674
600
570
637
625
618
608
644
631
595
604
636
588
580
575
587
545
610
602
625
638
643
616
638
655
667
683
619
642
674
697
714
674
681
697
731
713
683
697
689
705
707
712
678
716
635
622
642
624
627
632
656
643
590
632
601
641
598
633
683
698
677
674
725
648
658
729
711
706
715
710
700
660
726
682
652
699
687
677
671
676
681
666
669
623
656
653
628
623
628
575
602
628
617
616
583
604
611
549
552
520
541
572
514
552
562
532
551
545
542
581
549
542
598
523
547
534
549
520
570
530
559
539
541
518
539
519
539
478
560
506
517
536
543
527
523
506
545
523
489
529
503
499
492
507
517
491
485
522
500
495
546
518
517
522
510
530
559
596
587
590
670
682
686
696
726
692
788
768
816
798
823
772
827
788
830
787
771
757
809
736
705
732
719
670
639
594
613
623
542
605
567
538
581
517
541
575
552
560
551
571
589
584
621
619
655
610
647
693
644
684
624
715
652
674
664
718
627
663
681
640
650
668
603
583
591
553
512
516
505
523
484
479
451
417
461
435
419
401
403
427
389
397
389
408
380
424
396
379
388
365
387
369
400
362
391
377
343
334
403
352
386
389
379
362
388
385
356
384
334
387
368
361
414
396
417
397
434
399
370
432
394
390
356
410
391
433
412
354
437
367
443
366
391
365
413
387
386
382
405
435
402
424
408
394
415
422
437
459
450
439
478
487
463
499
448
523
491
526
509
549
558
521
613
553
575
564
527
569
587
537
570
530
564
541
546
524
580
497
479
535
467
496
414
476
434
474
422
444
414
412
384
413
421
430
429
417
413
419
392
408
390
400
407
375
404
400
337
408
391
379
384
375
402
410
389
379
380
397
425
396
380
390
399
381
393
399
365
342
386
424
355
376
408
379
361
408
384
382
397
424
415
405
388
408
371
413
399
406
460
418
388
388
391
390
413
421
386
339
379
378
401
381
390
350
344
360
315
308
341
333
307
311
292
300
322
280
272
292
275
276
293
254
247
244
281
286
224
255
247
220
246
256
246
238
235
222
224
239
218
233
206
238
217
213
204
233
201
199
190
210
209
226
181
209
199
158
204
196
188
188
211
189
209
194
205
201
189
179
184
187
202
186
202
167
196
199
162
182
182
205
210
217
221
203
183
228
220
232
217
233
228
227
235
219
218
266
235
239
241
244
251
249
277
221
249
252
245
248
243
256
249
268
259
254
253
257
249
251
224
255
271
284
282
305
301
331
317
334
332
380
363
381
387
435
456
470
484
548
601
652
688
719
787
830
879
951
1020
1047
1087
1144
1184
1158
1267
1306
1430
1457
1394
1413
1530
1456
1497
1351
1460
1417
1399
1277
1249
1226
1165
1079
1024
1034
992
817
771
793
726
659
613
565
504
485
428
397
375
356
315
337
304
268
264
275
258
232
236
214
194
215
177
173
182
194
157
183
176
159
163
190
162
185
178
147
170
147
142
132
150
137
133
137
146
151
137
140
122
144
134
140
133
119
135
124
156
136
143
134
137
130
149
172
135
128
155
163
114
156
149
150
120
142
137
145
156
151
180
152
151
140
171
140
149
134
165
137
142
147
140
140
128
147
142
159
131
134
146
156
136
132
139
139
128
123
158
122
130
123
115
136
117
134
111
130
122
116
108
120
114
96
109
124
111
110
113
122
121
101
111
104
87
114
110
142
123
96
99
112
89
94
110
98
96
103
114
83
106
119
110
120
98
130
100
108
106
115
106
108
113
99
101
92
108
110
115
132
127
123
113
126
129
135
128
100
122
143
134
148
128
169
144
128
151
155
165
163
169
179
180
178
174
171
188
183
178
178
187
208
210
184
201
223
196
223
219
176
225
214
211
214
215
210
223
194
200
188
160
182
169
159
155
144
153
150
135
132
107
133
140
111
107
112
103
116
93
103
94
79
108
98
105
100
81
93
94
106
74
92
100
87
91
96
90
96
92
91
86
99
81
92
88
101
104
100
97
80
105
78
91
90
101
90
98
77
100
68
82
91
89
101
87
85
105
90
74
101
105
69
70
87
79
71
80
79
51
84
84
87
75
83
62
75
88
90
65
67
71
82
68
82
91
63
81
68
80
79
71
65
75
69
71
79
64
77
76
80
78
66
70
70
68
77
80
88
59
69
89
56
78
74
71
58
54
71
79
64
66
82
54
60
86
89
69
82
68
62
62
77
68
85
63
68
70
62
78
78
77
85
74
77
57
64
82
65
67
76
58
76
81
72
70
73
65
65
64
57
59
82
59
81
75
69
53
56
80
72
70
63
81
83
81
78
55
70
66
55
69
74
63
73
60
71
62
58
67
61
65
53
79
83
68
65
52
66
76
70
76
76
70
61
76
82
77
71
68
73
84
66
74
77
72
80
78
76
93
70
78
79
86
80
103
89
91
90
104
107
87
103
86
94
87
102
87
83
110
101
107
94
90
79
99
94
87
89
81
94
90
87
91
76
73
91
67
82
82
80
85
64
82
70
76
77
76
81
70
66
77
59
73
57
60
58
77
82
82
74
81
69
86
91
80
76
66
77
71
85
71
71
80
93
85
89
74
84
80
87
81
80
98
98
102
79
84
101
90
96
89
80
81
82
80
93
64
96
87
87
77
75
95
63
96
76
79
62
86
78
75
83
60
57
67
63
77
65
70
68
78
74
77
62
52
66
54
54
85
61
66
51
72
63
72
62
57
61
71
84
43
58
81
61
66
60
66
71
85
54
48
51
81
82
57
66
53
61
64
72
76
78
63
61
63
65
79
68
49
50
72
74
50
69
73
78
65
73
65
65
51
53
67
67
63
64
59
78
58
47
66
64
58
69
64
51
63
44
62
50
68
62
51
56
63
60
54
60
68
74
55
52
56
59
58
61
53
67
55
53
55
60
57
55
48
32
56
55
48
50
58
58
49
52
56
65
50
55
65
53
40
55
39
60
51
49
48
45
60
60
49
36
50
57
70
54
64
57
43
54
45
49
54
46
49
59
42
47
52
50
48
48
57
43
58
60
58
56
44
46
53
46
57
47
41
53
57
55
49
58
50
44
52
62
39
50
36
41
42
43
58
46
32
45
38
42
47
37
35
34
47
39
45
39
45
40
49
37
38
36
51
42
38
36
35
35
43
52
43
42
46
44
51
50
35
45
49
41
61
44
45
41
46
56
72
53
46
49
52
59
50
56
54
79
57
73
50
71
68
66
67
87
94
84
72
82
85
108
107
122
110
120
129
126
128
128
143
128
139
135
141
153
130
149
147
161
152
139
140
142
161
153
155
162
151
136
139
138
145
128
121
136
110
108
115
104
95
85
101
93
75
88
77
69
78
67
56
71
67
65
48
60
55
50
49
55
56
48
43
34
53
52
37
38
49
30
44
52
38
40
45
32
31
34
47
45
41
26
38
39
40
35
32
43
42
33
50
38
39
25
37
40
36
33
36
35
31
39
33
26
38
37
44
24
41
28
33
38
45
36
32
36
34
40
34
34
40
50
32
32
31
45
46
43
42
43
36
31
27
41
35
45
39
35
41
45
32
27
37
35
31
41
39
37
48
$ROI:
39
424 531
429 529
440 544
440 545
440 549
443 544
443 553
490 516
679 1395
772 934
800 953
827 855
828 856
840 1946
849 1974
857 2002
872 900
880 1058
887 915
914 1083
1010 1038
1208 1258
1345 1375
1418 1448
2436 2526
3229 3279
3607 3645
6449 6521
6459 6531
6463 6535
6464 6536
6467 6539
6471 6543
6482 6526
6489 6513
6497 6521
12997 13047
12999 13049
13000 13050
