$SPEC_ID:
GAMWIN
$SPEC_REM:


$DETDESC:

$DATE_MEA:
04/14/2025 06:38:15
$MEAS_TIM:
27437.18 27490.28
$MCA_CAL:
3
1.32118272781372E+001 1.29107522964478E+000 0.00000000000000E+000
$DATA:
0 2047
0
0
0
0
0
0
0
0
0
0
0
0
0
0
0
0
0
0
0
0
0
1298
1183
1087
1023
1028
1039
1088
1115
1150
1048
1102
1068
939
915
960
945
964
958
1100
1142
1224
1244
1319
1369
1397
1444
1515
1605
1816
2039
2139
2308
2198
2027
1922
1738
1625
1608
1487
1502
1387
1409
1397
1229
1256
1142
1014
963
846
777
747
743
749
683
703
755
754
755
696
699
733
687
696
688
711
694
751
665
759
752
742
737
749
771
747
683
684
680
688
722
682
723
645
692
684
692
620
690
673
664
729
720
695
631
670
607
658
633
636
657
636
615
612
647
661
643
682
707
727
713
697
703
697
677
642
602
594
601
535
607
577
615
613
602
620
607
623
609
578
581
602
595
625
547
612
562
577
590
610
766
742
804
887
1004
1110
1199
1233
1305
1290
1309
1325
1206
1102
981
852
780
712
567
597
532
472
453
454
467
430
430
478
428
446
456
466
456
433
446
475
486
450
463
440
507
491
481
466
499
547
531
547
569
569
589
606
537
548
534
464
441
401
384
415
280
349
360
346
299
311
320
305
318
332
328
320
333
347
392
375
427
411
472
424
456
499
492
514
558
531
604
637
622
593
657
603
618
571
555
519
471
458
414
389
302
320
260
267
225
218
222
234
217
225
216
217
197
211
214
195
225
208
193
213
227
222
188
217
206
216
203
240
226
178
217
176
201
201
186
185
198
193
190
194
179
166
175
191
160
159
176
171
165
160
153
178
196
143
172
181
160
165
163
173
167
169
182
157
182
163
171
171
177
152
186
185
200
177
189
181
177
174
181
179
161
175
147
161
165
141
174
161
178
152
164
150
156
169
160
181
183
200
179
180
169
212
200
197
197
210
209
221
221
229
180
221
206
191
190
158
183
164
155
158
184
145
146
138
137
152
129
138
137
131
117
141
126
138
120
135
146
114
120
162
123
162
156
148
138
146
185
171
178
195
204
214
216
239
246
284
278
283
296
267
278
303
268
297
288
284
270
254
279
283
308
290
284
289
327
296
308
310
305
331
277
290
261
300
256
279
260
232
232
214
206
175
163
135
145
151
135
130
119
117
117
116
124
109
102
104
109
116
122
117
90
100
118
98
118
96
97
93
109
118
104
97
108
118
117
94
104
100
102
116
113
98
88
99
119
89
91
100
98
97
95
105
118
98
103
107
96
90
98
97
103
105
106
111
110
109
117
98
110
120
137
111
126
141
133
133
132
121
114
138
116
124
125
118
112
115
102
108
88
131
103
121
113
102
109
99
106
104
87
124
123
121
132
107
134
122
132
126
116
136
108
105
128
120
121
124
119
108
123
123
112
105
104
102
112
104
133
95
125
107
97
111
94
102
80
95
94
89
80
96
93
116
107
103
97
103
78
102
98
91
84
96
104
96
95
100
95
74
82
115
90
87
84
104
97
94
85
102
98
96
91
99
90
84
101
89
104
99
88
102
93
88
81
84
87
101
80
98
90
98
100
100
99
105
92
100
98
118
94
126
97
104
151
135
153
135
137
141
159
145
145
143
147
138
165
150
137
138
149
127
137
133
131
126
139
119
119
97
92
106
94
90
114
98
113
126
89
103
102
115
101
109
106
131
125
130
112
129
143
141
139
121
130
122
146
133
112
121
123
117
100
106
100
121
82
89
88
104
103
102
91
104
84
96
73
68
85
85
60
73
69
82
90
67
69
80
56
72
81
81
87
92
80
82
74
91
77
71
90
66
66
61
77
79
79
67
76
72
78
82
64
83
74
67
65
89
72
70
65
75
66
78
72
85
77
77
82
58
75
79
83
75
77
92
86
72
80
69
79
85
70
91
88
73
95
76
93
86
75
84
89
90
98
95
100
93
105
109
112
91
91
110
110
105
103
98
103
119
105
90
101
121
118
97
107
105
100
99
100
99
87
76
100
77
102
89
96
83
83
83
63
86
88
88
73
76
80
94
78
96
96
61
98
79
85
80
76
70
99
85
79
85
77
73
84
87
71
75
80
93
67
71
85
85
81
75
78
79
63
72
67
102
72
86
85
66
79
94
66
77
91
88
109
79
74
97
76
74
69
69
98
76
73
89
82
61
67
74
71
80
69
73
66
74
66
47
88
61
63
53
48
60
52
57
56
35
54
59
47
57
67
49
45
48
51
38
43
50
39
35
51
45
48
50
24
34
37
49
41
44
32
32
39
48
38
32
33
34
29
36
36
35
30
32
32
38
24
27
34
32
35
31
37
35
27
26
34
29
28
30
31
24
45
36
40
30
35
22
25
31
35
29
35
41
38
30
37
18
34
22
22
31
27
40
30
49
25
44
32
47
38
42
39
40
39
38
46
47
40
39
44
37
44
39
42
46
42
50
46
41
60
49
67
63
65
76
62
77
71
65
76
71
85
98
106
136
122
165
158
187
178
205
228
208
208
261
262
280
318
300
337
377
334
379
358
377
358
376
415
388
379
382
363
324
346
339
343
304
316
293
243
241
270
206
203
167
165
147
141
118
131
110
85
88
72
67
60
68
50
38
36
43
50
42
29
33
28
38
37
31
27
30
30
23
29
33
26
28
22
17
18
20
23
10
25
17
30
19
24
25
21
21
17
13
21
17
14
20
16
23
18
17
13
15
14
19
18
20
14
24
15
28
14
26
26
18
28
24
28
25
32
28
21
14
34
18
22
22
14
25
27
23
28
22
24
22
16
19
28
25
17
21
13
21
25
23
20
17
26
10
13
15
18
23
25
18
12
20
19
11
12
16
18
13
16
14
15
12
15
18
15
18
20
15
14
13
12
18
13
13
14
15
14
14
14
16
12
17
13
12
13
13
12
9
19
21
13
10
17
11
13
18
14
10
7
9
14
8
16
12
11
18
21
20
16
17
18
13
11
13
18
21
19
26
27
19
20
23
22
27
21
22
23
34
27
25
25
23
21
30
23
34
29
19
22
32
22
30
44
19
21
20
40
30
28
33
27
24
25
26
30
21
28
19
23
15
21
21
14
23
19
14
12
19
17
15
18
13
12
21
12
17
9
10
16
12
17
12
10
7
11
15
14
8
16
14
10
21
8
12
11
17
9
13
17
13
17
7
9
20
10
11
16
18
14
12
8
16
15
10
15
17
6
17
15
8
8
15
8
12
11
11
9
18
15
18
15
12
15
10
6
6
14
3
9
11
8
14
13
9
20
7
15
7
11
13
8
14
7
14
12
10
11
12
11
15
8
8
5
11
6
13
8
12
7
9
6
9
12
4
16
9
10
10
11
18
8
12
11
10
10
10
13
7
13
8
13
14
3
4
11
9
10
11
10
7
10
11
16
14
11
15
8
14
7
5
1
10
10
6
6
7
6
3
16
6
14
10
6
13
15
9
6
6
8
5
12
5
8
10
11
12
7
6
12
14
13
9
10
11
7
14
5
6
13
3
12
12
4
8
9
11
14
9
12
6
6
14
7
11
10
8
9
8
5
11
8
11
6
13
11
12
9
11
8
10
10
15
11
11
9
14
13
15
11
14
17
14
12
13
8
10
10
16
11
15
26
19
9
14
15
19
12
21
8
16
17
8
19
9
11
10
14
18
8
10
10
21
8
12
9
13
12
11
11
9
7
13
12
7
21
15
12
12
11
13
12
7
8
11
13
7
8
10
6
7
14
11
11
12
11
10
14
10
9
10
11
8
11
11
13
12
12
13
18
14
10
10
11
14
19
6
15
11
16
9
9
13
15
14
12
9
11
12
10
13
11
9
10
7
15
10
11
10
11
6
11
10
13
6
7
10
4
7
6
2
11
16
7
11
12
7
13
10
7
9
9
3
8
12
17
5
10
8
10
12
8
11
9
7
13
6
8
12
7
5
7
8
11
8
6
9
6
8
9
9
14
6
12
6
4
8
9
13
6
11
5
11
14
13
11
5
11
12
4
14
5
11
10
6
12
4
8
8
2
10
9
10
7
9
9
4
8
11
8
4
11
6
7
9
2
12
10
12
7
8
12
4
7
4
5
8
8
12
8
10
8
3
14
7
8
5
9
7
10
5
11
9
12
6
12
4
11
7
12
8
6
11
6
10
6
4
6
8
6
9
8
11
4
6
4
6
8
11
5
3
7
5
7
6
7
7
5
7
3
3
9
3
2
5
5
8
11
5
6
6
6
3
6
7
6
6
3
3
7
11
6
4
4
4
4
8
7
6
12
12
4
6
3
7
2
4
5
6
3
5
6
7
4
4
4
1
2
7
6
5
6
5
9
6
7
5
4
5
6
8
7
7
5
1
8
8
9
6
10
4
6
7
9
7
8
3
6
6
9
9
5
8
8
5
12
9
12
13
18
10
10
11
11
6
12
17
17
8
19
22
30
23
16
20
30
24
22
24
29
19
17
24
24
28
30
26
17
24
24
21
28
28
19
13
19
24
24
13
16
16
13
14
22
10
15
12
10
14
14
16
6
19
10
7
11
14
12
5
9
4
9
8
6
6
4
5
7
10
4
9
7
3
2
9
7
5
8
9
5
7
4
5
4
2
6
3
4
8
3
4
7
3
2
6
5
4
8
5
2
4
9
4
4
3
4
5
3
2
3
7
3
2
8
2
8
6
5
2
2
3
5
5
6
8
3
8
2
0
4
6
9
5
8
3
3
5
4
4
8
5
3
5
3
2
13
5
6
5
4
3
2
7
$ROI:
39
424 531
429 529
440 544
440 545
440 549
443 544
443 553
490 516
679 1395
772 934
800 953
827 855
828 856
840 1946
849 1974
857 2002
872 900
880 1058
887 915
914 1083
1010 1038
1208 1258
1345 1375
1418 1448
2436 2526
3229 3279
3607 3645
6449 6521
6459 6531
6463 6535
6464 6536
6467 6539
6471 6543
6482 6526
6489 6513
6497 6521
12997 13047
12999 13049
13000 13050
