$SPEC_ID:
GAMWIN
$SPEC_REM:


$DETDESC:

$DATE_MEA:
04/07/2025 14:53:00
$MEAS_TIM:
58731.47 58835.11
$MCA_CAL:
3
1.32118272781372E+001 1.29107522964478E+000 0.00000000000000E+000
$DATA:
0 2047
0
0
0
0
0
0
0
0
0
0
0
0
0
0
0
0
0
0
0
0
0
3177
2739
2550
2545
2575
2700
2837
2936
3214
3148
3297
3189
3014
2881
2771
2820
2846
3103
3296
3693
4065
4235
4288
4537
4516
4586
4884
5457
5992
6718
7205
7528
7251
6651
6187
5650
5089
4954
4704
4660
4731
4512
4455
4243
3829
3346
3015
2740
2430
2286
2182
2110
2056
2090
2090
2024
2085
2045
2045
1997
2086
1987
2056
2002
1982
1984
2085
2082
1990
2124
2099
2156
2069
2128
2174
2075
2140
2228
2164
2224
2249
2202
2167
2252
2298
2324
2236
2169
2132
2175
2187
2167
2065
2142
2150
1973
1974
2011
1963
2005
1984
2036
1992
2174
2265
2356
2456
2611
2606
2755
2741
2710
2585
2426
2408
2259
2117
2002
1843
1882
1814
1827
1718
1741
1692
1679
1657
1668
1664
1627
1571
1583
1621
1537
1554
1492
1593
1596
1595
1659
1835
1910
2042
2139
2374
2493
2633
2770
2822
2787
2791
2716
2606
2431
2241
2045
1880
1752
1604
1508
1387
1441
1359
1275
1276
1271
1341
1285
1310
1326
1371
1341
1290
1307
1287
1348
1371
1377
1421
1562
1650
1808
1866
1995
2252
2401
2469
2564
2680
2722
2651
2546
2387
2182
2057
1797
1696
1504
1335
1187
1042
1030
911
909
915
868
890
857
834
904
854
899
932
990
1070
1070
1218
1257
1375
1547
1682
1895
2071
2316
2557
2779
2918
3232
3288
3454
3441
3411
3344
3078
2789
2591
2324
1977
1682
1518
1298
1092
921
821
774
647
703
624
591
597
605
563
516
584
548
539
539
543
550
565
544
545
532
555
526
535
576
496
547
556
548
498
507
514
491
562
499
516
454
453
496
469
447
445
458
448
404
404
420
423
433
414
382
379
411
392
419
372
363
372
390
398
398
427
426
359
390
423
399
416
423
425
424
438
386
413
398
407
402
409
420
393
396
371
380
369
373
358
393
403
387
413
374
362
395
383
377
378
397
403
388
432
418
433
433
464
473
427
417
395
441
438
395
360
372
395
384
338
331
356
330
322
307
336
321
328
286
330
290
349
344
313
307
284
332
306
282
319
305
323
318
345
297
310
348
345
343
336
390
392
398
401
440
430
473
460
530
528
537
570
563
651
690
745
801
868
950
971
1087
1178
1242
1381
1465
1532
1641
1703
1726
1726
1735
1782
1640
1689
1579
1513
1329
1284
1139
1042
922
888
780
710
609
521
449
395
376
335
299
271
264
260
227
233
239
272
221
239
236
238
255
254
236
253
239
252
255
246
259
272
238
263
244
231
262
243
259
254
239
231
202
246
213
236
204
243
225
223
211
223
228
230
220
213
189
216
233
208
255
218
237
226
230
273
246
249
227
222
247
240
242
251
240
242
235
221
240
250
244
233
219
240
260
226
218
259
238
240
216
253
268
256
261
264
310
312
284
342
305
319
329
323
286
355
323
355
353
334
348
324
346
312
303
313
320
273
298
308
300
272
258
262
258
271
243
274
235
241
234
241
229
244
259
231
233
257
232
204
238
215
224
188
200
194
213
209
223
207
233
224
186
226
212
198
221
233
242
225
188
206
196
221
192
217
234
173
226
198
186
161
203
161
208
173
163
170
196
169
174
157
197
178
195
170
183
169
193
165
189
196
190
180
175
200
190
198
191
185
190
217
211
190
203
203
219
252
229
240
241
268
232
258
267
235
254
263
248
252
234
260
217
234
231
251
231
242
254
233
241
261
220
209
192
244
227
219
200
205
211
203
212
216
205
238
180
206
230
203
226
191
211
213
202
196
196
181
198
187
189
139
158
175
199
148
161
170
149
162
142
181
181
173
152
156
149
181
148
150
176
151
180
135
136
132
161
161
134
145
137
136
140
148
123
149
134
154
122
135
139
154
130
143
141
127
129
128
137
169
153
152
132
153
135
140
163
162
113
133
141
155
129
147
126
140
142
126
153
149
138
142
149
150
148
170
178
164
168
156
157
158
154
169
148
157
195
190
201
204
205
212
214
217
258
248
254
253
305
292
330
318
353
364
311
328
356
346
344
320
343
302
318
330
327
273
280
271
269
261
254
241
196
216
208
191
177
169
164
172
165
146
139
164
169
167
158
151
156
144
149
139
158
133
146
120
125
132
118
133
130
139
108
143
138
116
137
141
107
131
122
140
150
108
145
120
128
125
147
125
134
139
133
150
157
145
150
156
140
150
156
167
160
173
177
194
180
177
196
175
194
186
205
180
172
200
174
160
171
162
180
153
153
161
155
140
157
168
166
152
146
136
120
128
122
132
112
113
123
121
120
112
133
106
113
105
106
117
96
102
87
95
104
104
83
113
97
115
94
104
87
90
93
95
92
89
88
109
102
82
84
87
76
80
94
83
83
91
92
97
86
88
78
87
79
84
87
71
89
69
90
88
75
86
89
94
78
110
83
92
97
90
110
99
101
122
113
105
125
117
123
116
146
122
138
133
146
149
115
149
132
168
157
139
139
119
129
134
130
125
184
147
149
138
137
140
135
124
118
141
124
140
141
106
128
119
157
138
122
147
126
136
139
132
131
151
143
153
157
172
177
178
184
204
200
221
231
253
241
270
255
247
281
304
317
291
303
302
289
317
268
308
290
269
285
315
259
243
240
278
245
219
221
213
182
193
146
170
155
148
135
155
153
128
122
114
119
118
108
110
102
96
108
105
102
83
92
87
96
99
84
83
97
101
79
95
77
78
91
73
65
83
67
80
75
79
79
69
78
68
64
83
58
54
57
67
61
64
69
60
58
64
59
68
61
61
56
61
49
63
70
67
67
58
59
56
54
60
55
68
56
61
55
50
53
67
69
54
65
64
72
53
49
70
58
58
60
45
58
53
54
63
56
49
50
44
47
51
63
44
56
48
36
62
52
50
59
40
41
43
51
60
40
42
44
54
42
60
56
45
56
52
39
41
53
39
42
47
51
46
42
40
38
39
50
47
43
34
38
56
49
49
40
34
53
61
39
52
41
46
55
51
41
47
63
59
58
59
53
65
55
57
65
73
60
64
65
67
75
69
84
67
70
88
77
75
89
82
90
101
109
105
104
95
112
112
132
107
122
116
123
139
141
143
161
157
142
130
155
166
143
140
166
169
154
161
164
142
165
172
144
127
154
146
124
111
105
121
98
100
105
103
105
96
76
64
82
67
74
68
51
66
46
45
45
57
47
51
47
43
31
46
49
43
48
31
51
32
33
39
37
38
34
44
39
43
56
36
36
46
44
37
40
46
36
45
38
51
45
38
48
52
40
45
45
47
45
43
46
43
37
44
39
40
38
27
31
35
37
29
23
37
34
29
35
25
23
32
28
25
28
25
15
34
30
31
19
20
29
33
26
29
36
26
28
26
29
29
23
26
31
20
32
26
35
34
34
33
30
30
22
37
24
28
25
24
20
17
18
24
25
26
24
28
18
19
23
19
32
18
29
15
22
31
19
19
22
18
19
23
24
28
14
25
18
21
23
31
24
14
30
20
26
29
25
17
19
21
24
22
21
30
19
23
33
26
20
25
23
11
23
33
20
25
17
32
18
22
20
22
24
24
22
20
26
18
26
21
21
22
21
24
17
18
15
14
21
24
14
21
17
16
18
24
16
18
18
26
19
22
20
17
15
23
25
25
16
27
31
21
28
17
20
22
17
23
29
25
20
23
35
22
29
28
23
28
29
35
22
31
28
31
21
28
33
35
32
33
29
31
32
26
22
28
36
26
34
29
31
23
30
20
23
25
19
26
29
24
29
18
21
23
25
16
19
21
19
30
23
16
27
25
30
26
18
25
24
26
38
28
27
34
21
36
25
35
33
37
27
31
37
31
43
40
50
41
50
34
43
29
40
45
55
44
45
43
43
43
36
31
42
38
40
37
42
31
22
22
30
29
38
39
39
25
32
35
19
20
21
21
19
17
20
26
18
26
15
16
12
24
16
18
17
12
15
19
21
13
20
8
23
19
16
12
21
19
15
20
19
21
15
17
14
15
16
19
14
20
11
20
14
15
12
15
15
11
21
15
14
17
11
17
12
22
12
14
18
19
15
14
15
24
18
14
16
20
19
8
18
15
9
12
13
11
10
21
11
11
11
12
16
9
11
9
9
16
16
18
12
14
9
12
11
16
19
12
22
14
12
12
16
20
12
14
12
18
11
16
11
16
9
13
13
12
17
9
12
20
14
15
14
10
12
7
17
15
13
13
10
17
20
13
15
16
16
21
17
16
22
13
19
15
12
10
17
13
17
26
22
5
11
15
21
18
26
23
18
29
26
17
13
18
16
23
23
16
15
11
15
12
12
14
14
14
13
5
17
13
13
13
17
8
8
8
10
12
8
14
9
9
15
4
9
10
9
9
10
7
11
11
15
11
14
15
14
9
11
9
6
10
8
6
12
7
8
9
8
7
16
14
14
8
13
12
14
13
11
12
7
7
9
6
26
13
12
12
10
13
18
10
12
12
13
18
10
11
18
18
14
15
15
28
20
25
24
23
16
16
20
21
36
25
23
30
33
26
16
23
31
33
31
24
25
32
27
23
25
30
29
34
26
38
19
20
26
19
23
23
20
15
20
16
23
20
16
16
17
14
14
12
11
10
15
12
23
15
14
13
8
13
12
8
8
8
8
7
11
11
15
9
16
6
10
10
7
8
11
7
10
6
6
7
1
8
11
8
13
13
12
12
8
10
11
13
11
9
12
11
11
9
11
15
10
10
6
10
12
12
8
4
7
9
13
13
9
7
10
8
6
5
10
10
2
6
10
11
11
10
4
12
8
9
9
13
6
6
11
7
8
3
11
18
8
9
5
6
4
10
10
$ROI:
39
424 531
429 529
440 544
440 545
440 549
443 544
443 553
490 516
679 1395
772 934
800 953
827 855
828 856
840 1946
849 1974
857 2002
872 900
880 1058
887 915
914 1083
1010 1038
1208 1258
1345 1375
1418 1448
2436 2526
3229 3279
3607 3645
6449 6521
6459 6531
6463 6535
6464 6536
6467 6539
6471 6543
6482 6526
6489 6513
6497 6521
12997 13047
12999 13049
13000 13050
