$SPEC_ID:
GAMWIN
$SPEC_REM:


$DETDESC:

$DATE_MEA:
04/14/2025 14:18:18
$MEAS_TIM:
61537.24 61690.12
$MCA_CAL:
3
1.32118272781372E+001 1.29107522964478E+000 0.00000000000000E+000
$DATA:
0 2047
0
0
0
0
0
0
0
0
0
0
0
0
0
0
0
0
0
0
0
0
0
4296
3721
3418
3364
3408
3576
3561
3724
3672
3688
3608
3534
3503
3443
3393
3447
3555
3951
4200
4391
4652
4974
5201
5321
5359
5743
6157
6961
7737
8626
9246
9231
9135
8462
7632
6729
6498
6169
5832
5830
5722
5758
5348
5039
4725
4239
4000
3566
3320
3203
3063
2957
2914
3000
2936
2759
2872
2754
2726
2818
2855
2768
2774
2818
2819
2815
2933
2888
2977
3018
3036
3015
3032
3030
2960
2925
2925
2947
2887
2888
2908
2856
2903
2971
2853
2914
2890
2914
2821
2711
2721
2680
2707
2560
2624
2523
2522
2559
2578
2487
2575
2477
2634
2692
2709
2788
2842
2999
2953
2965
2983
2981
2959
2789
2701
2622
2494
2430
2448
2373
2413
2371
2408
2338
2447
2393
2389
2400
2356
2356
2406
2310
2383
2318
2373
2247
2426
2456
2668
2745
3023
3220
3554
4024
4289
4589
4845
5127
5235
4878
4930
4626
4307
3840
3456
3117
2582
2470
2128
1968
1937
1831
1714
1747
1690
1716
1722
1807
1722
1758
1789
1732
1782
1777
1767
1731
1774
1754
1744
1869
1902
1881
2068
2212
2253
2399
2466
2556
2544
2658
2586
2514
2345
2192
2160
1964
1847
1661
1571
1434
1320
1248
1267
1218
1241
1149
1188
1210
1212
1285
1328
1375
1451
1444
1465
1605
1664
1822
1831
2003
2105
2209
2401
2381
2616
2663
2931
2877
3022
3061
3008
2843
2847
2513
2406
2258
1997
1867
1610
1410
1170
1150
1116
915
881
853
833
808
766
729
739
749
729
730
768
775
710
701
755
737
739
756
751
735
775
742
779
769
716
718
743
794
731
699
699
704
677
652
653
678
632
605
611
594
619
596
605
573
589
570
587
611
544
592
587
604
567
566
660
626
571
592
620
592
636
619
639
687
668
661
659
675
684
675
589
599
630
603
610
658
563
586
572
556
531
570
523
573
571
538
558
580
585
562
599
613
646
594
673
589
689
672
725
720
703
742
747
706
695
693
668
678
625
651
578
574
546
522
540
512
501
499
475
464
468
436
476
453
471
461
478
456
471
451
456
505
493
509
535
484
502
507
497
585
545
614
631
658
689
744
765
773
831
919
940
946
1074
1074
1054
996
1112
1088
1166
1065
1117
1145
1158
1222
1202
1246
1287
1290
1415
1385
1518
1476
1586
1478
1534
1516
1469
1402
1344
1208
1150
1127
1075
892
854
774
694
649
580
599
511
496
480
424
435
405
394
393
363
363
350
369
373
411
348
390
366
394
363
367
396
431
363
365
382
347
383
351
408
379
392
344
364
366
382
378
342
357
348
370
345
315
317
357
350
345
356
354
378
341
354
385
358
366
370
365
380
372
388
368
389
370
457
411
415
455
426
404
416
413
398
451
438
408
433
397
409
394
399
393
376
372
400
333
381
420
379
363
406
363
372
412
390
389
439
429
467
458
395
406
449
464
447
409
425
448
416
445
431
413
400
432
426
417
437
425
408
379
395
433
413
375
385
371
356
361
344
348
321
329
341
329
321
315
316
303
317
269
265
328
317
344
295
310
313
315
345
315
320
327
296
311
299
370
340
326
313
334
316
332
341
352
339
301
359
324
312
299
282
315
325
330
320
346
280
310
295
309
315
279
294
297
303
303
292
299
322
334
313
344
356
393
384
384
400
463
439
430
497
476
472
526
493
506
536
517
537
508
514
495
519
513
498
496
457
479
412
417
422
414
358
359
371
385
382
336
374
355
345
313
342
360
370
373
399
390
418
377
397
404
427
408
431
430
458
450
468
437
454
449
433
398
428
416
387
391
409
349
333
364
368
317
291
302
270
318
269
276
272
244
266
246
247
261
241
225
220
250
217
273
250
215
234
267
226
247
243
228
262
225
225
247
245
245
211
242
251
244
243
236
265
262
253
221
263
218
233
260
235
215
228
261
236
246
269
248
244
242
255
268
248
242
250
246
250
282
249
233
267
263
243
246
256
253
258
257
251
247
275
284
296
263
284
320
305
320
301
303
330
336
363
360
369
377
406
389
379
359
401
407
372
416
418
422
385
361
402
366
396
365
358
305
333
306
319
330
310
326
280
301
302
308
293
264
274
285
312
271
265
259
252
251
263
283
260
259
280
279
242
291
250
257
279
251
242
272
280
232
236
263
235
256
266
265
238
238
272
266
271
261
237
247
248
255
254
261
246
258
285
254
264
257
281
266
239
261
258
269
267
237
273
288
314
291
269
301
262
273
259
264
255
278
273
247
254
236
243
242
228
215
213
192
189
194
192
177
179
143
172
190
188
173
168
157
170
151
138
154
162
155
167
152
145
160
144
145
145
149
156
134
129
158
126
135
125
114
125
107
118
133
106
111
100
111
117
119
111
106
94
104
135
120
99
114
105
124
101
99
102
104
104
110
103
113
111
124
110
108
109
95
107
116
122
111
128
120
135
124
127
130
132
115
126
144
133
130
141
121
140
132
154
151
143
135
146
146
163
145
163
171
170
174
156
153
148
193
173
154
156
160
166
162
168
133
173
167
176
198
187
188
210
247
213
231
258
283
301
312
330
362
390
440
447
461
574
559
623
674
682
764
762
829
832
899
981
976
1010
1034
1076
1110
1097
1127
1034
1149
1112
1085
1090
1041
993
974
970
898
818
767
792
727
674
621
541
562
487
469
401
422
363
297
299
260
259
226
219
175
196
179
160
140
137
134
113
106
114
113
100
93
98
99
94
108
83
94
85
88
82
79
73
78
80
68
78
85
83
70
66
60
75
74
63
80
63
67
57
71
71
57
62
63
65
76
73
90
80
55
71
74
62
75
80
59
59
51
73
83
102
68
85
74
81
85
84
65
80
92
68
94
91
81
74
87
77
63
76
72
70
76
77
85
76
56
64
66
57
65
83
63
77
70
64
70
71
61
58
61
64
61
55
66
70
79
61
57
49
53
49
49
49
54
59
48
54
59
56
52
53
57
61
48
43
57
38
43
57
50
67
54
42
55
46
40
46
56
53
52
46
50
51
58
54
50
49
66
44
55
53
55
56
51
48
71
61
59
67
57
62
73
65
64
82
73
72
86
84
73
79
100
88
95
96
99
96
99
108
110
125
97
100
111
118
110
127
129
105
129
104
108
119
148
143
128
127
138
152
126
129
144
109
110
111
98
94
111
105
92
103
77
80
109
91
71
62
62
67
68
61
59
46
41
56
56
63
42
40
35
40
38
46
38
44
42
36
47
52
42
46
46
33
30
58
52
49
41
51
44
33
51
49
47
41
39
44
47
39
42
57
51
46
51
38
38
41
34
41
46
42
45
32
47
45
47
37
37
34
49
42
36
32
34
35
41
51
33
31
48
35
37
32
25
34
25
45
40
33
28
39
30
27
35
32
21
33
37
33
30
34
32
31
31
36
28
33
36
37
34
37
26
32
32
29
38
29
33
26
26
25
26
35
48
28
39
28
40
24
31
23
41
42
38
32
33
34
32
39
35
31
33
34
30
24
24
40
34
23
26
36
19
29
28
38
40
27
28
24
27
31
29
37
33
37
32
36
33
29
27
27
20
27
17
25
25
39
31
31
28
34
31
30
34
30
23
33
30
24
31
29
23
33
28
30
28
35
25
41
32
37
24
27
35
38
33
31
26
41
19
43
36
28
25
24
39
21
36
40
40
29
38
44
37
40
39
49
45
32
48
55
46
51
46
41
40
53
56
56
47
51
45
41
47
50
52
50
40
35
42
50
50
40
52
41
44
65
53
43
29
36
43
35
31
27
41
35
29
34
31
38
46
31
37
36
37
27
32
40
25
24
41
30
38
38
31
33
35
35
37
43
36
46
36
42
40
46
53
50
60
43
53
46
37
54
43
56
57
59
57
61
50
47
55
46
50
55
41
49
36
60
50
37
39
38
39
52
40
37
52
38
45
29
29
30
35
29
41
32
30
32
23
27
32
30
33
25
29
29
29
25
27
37
21
31
28
30
25
27
26
27
32
27
30
23
33
24
34
30
27
38
21
41
23
36
32
42
34
18
29
26
33
30
24
21
37
26
34
34
29
27
23
26
28
21
26
29
20
24
37
32
33
29
34
36
27
21
25
20
31
27
28
36
53
25
25
32
21
30
32
27
29
47
31
27
33
35
25
23
20
29
24
27
26
31
28
27
22
27
35
19
25
27
21
30
27
35
16
18
14
22
20
14
23
25
18
21
18
30
17
25
25
23
21
24
20
22
24
23
15
22
18
26
20
18
22
20
16
28
19
26
29
23
20
19
25
16
31
10
35
24
25
24
17
21
18
32
29
23
10
21
19
19
15
21
18
15
24
17
16
23
19
17
19
21
16
18
8
16
15
18
13
16
13
16
17
15
13
7
8
16
11
14
12
14
18
15
12
17
14
12
12
13
10
18
14
20
18
19
15
12
9
13
15
10
15
17
22
12
11
19
16
13
20
23
17
25
19
21
16
24
25
31
22
13
26
25
26
19
22
32
36
36
34
29
37
44
48
52
58
54
40
43
48
67
75
63
52
72
62
67
76
72
65
83
86
85
69
86
95
83
92
91
81
78
95
86
82
76
69
71
83
51
68
68
84
61
56
55
45
51
47
67
51
44
30
42
40
36
41
31
29
24
24
27
25
23
28
26
23
22
23
15
18
11
13
22
16
20
16
6
10
20
15
14
17
15
16
16
17
10
14
16
12
13
13
11
13
12
20
10
7
17
17
14
5
10
10
9
8
16
16
8
13
17
10
9
8
7
5
13
17
14
14
6
16
13
15
12
11
14
10
10
9
17
13
12
12
10
13
5
11
10
11
14
8
7
10
13
14
12
9
13
13
14
12
8
14
10
15
7
$ROI:
39
424 531
429 529
440 544
440 545
440 549
443 544
443 553
490 516
679 1395
772 934
800 953
827 855
828 856
840 1946
849 1974
857 2002
872 900
880 1058
887 915
914 1083
1010 1038
1208 1258
1345 1375
1418 1448
2436 2526
3229 3279
3607 3645
6449 6521
6459 6531
6463 6535
6464 6536
6467 6539
6471 6543
6482 6526
6489 6513
6497 6521
12997 13047
12999 13049
13000 13050
