$SPEC_ID:
GAMWIN
$SPEC_REM:


$DETDESC:

$DATE_MEA:
10/13/2025 07:40:36
$MEAS_TIM:
27376.86 27923.73
$MCA_CAL:
3
1.32118272781372E+001 1.29107522964478E+000 0.00000000000000E+000
$DATA:
0 2047
0
0
0
0
0
0
0
0
0
0
0
0
0
0
0
0
0
0
0
0
0
0
0
0
0
0
0
0
0
0
0
0
0
0
0
1848
1966
1944
2000
2149
2374
2613
2873
2839
2941
3018
3197
3648
4141
4796
5439
5945
5905
5595
5192
4716
4164
3899
3692
3539
3546
3501
3365
3104
2824
2600
2318
1980
1786
1574
1463
1314
1332
1288
1321
1141
1223
1186
1213
1231
1175
1208
1127
1171
1158
1159
1157
1221
1278
1165
1280
1298
1278
1300
1310
1260
1215
1245
1232
1364
1330
1228
1317
1324
1286
1273
1240
1263
1159
1202
1243
1214
1175
1197
1081
1112
1114
1118
1102
1121
1067
1113
1128
1145
1279
1363
1401
1469
1475
1501
1541
1520
1561
1465
1438
1332
1302
1193
1176
1127
1163
1141
1097
1091
1129
1207
1162
1113
1138
1130
1084
1070
1068
1004
1035
1085
1045
1194
1266
1414
1453
1725
1913
2152
2332
2658
2849
2952
3010
2947
2983
2722
2564
2293
2039
1846
1533
1355
1102
993
941
882
842
859
775
822
836
793
830
836
862
857
910
844
917
883
908
903
914
955
1032
1054
1035
1236
1278
1430
1540
1561
1556
1611
1549
1513
1430
1288
1271
1142
931
876
797
733
680
619
638
616
589
612
610
574
612
633
645
699
731
803
805
863
1014
1018
1046
1172
1320
1364
1452
1527
1645
1732
1846
1928
1937
1848
1915
1878
1702
1674
1568
1462
1193
1046
997
853
749
628
556
489
453
428
432
394
402
390
365
349
353
354
379
394
365
368
351
407
361
363
371
379
389
348
391
380
399
407
387
335
374
350
340
322
313
331
337
332
318
321
296
291
269
304
292
270
305
249
269
265
298
292
277
281
259
271
286
277
338
303
282
286
311
314
323
331
307
303
315
327
348
316
309
286
291
307
278
289
272
271
266
282
253
241
270
245
252
256
243
283
262
274
286
284
326
317
318
307
343
339
338
340
375
330
372
361
328
343
321
315
320
290
301
281
224
268
262
223
224
229
224
240
236
222
226
247
223
239
201
259
225
215
236
231
254
258
225
255
271
294
263
280
295
311
314
384
390
424
493
477
480
511
533
522
565
607
561
602
654
614
641
718
649
746
773
771
774
830
844
901
892
936
965
923
982
996
966
888
908
808
779
754
658
629
584
496
440
407
383
345
276
286
245
234
202
205
224
220
187
172
193
163
188
163
173
179
183
180
175
180
198
203
160
197
172
198
186
172
181
179
168
160
170
184
157
160
191
156
163
162
160
178
169
158
161
161
158
139
161
148
162
174
172
182
184
191
194
199
171
183
197
204
192
194
209
183
193
195
196
205
212
203
201
205
224
213
199
218
195
190
191
176
188
219
165
172
175
189
183
190
194
216
180
163
214
209
250
227
207
221
220
220
230
215
229
234
226
218
222
213
212
245
204
213
204
205
178
166
199
175
177
198
180
179
172
162
167
140
192
172
145
159
144
146
152
137
150
141
142
132
123
134
133
139
144
164
140
148
139
147
153
162
144
165
149
152
165
179
156
161
156
166
139
156
171
161
179
157
165
193
166
146
162
177
178
152
161
148
159
161
157
157
161
163
164
167
166
158
182
171
200
185
196
226
197
216
248
210
248
242
240
239
279
259
276
296
276
289
306
284
249
262
260
221
240
230
213
220
243
171
175
170
186
164
166
169
185
173
154
167
165
171
169
199
166
182
165
179
188
183
198
195
199
207
200
196
218
212
199
197
197
213
195
188
209
185
184
167
147
155
144
131
144
144
115
109
120
123
99
101
124
115
102
100
112
87
99
98
89
89
91
95
92
107
79
97
112
76
93
93
90
82
91
82
94
92
77
103
90
77
95
95
84
92
97
87
87
90
102
70
112
102
75
79
89
72
95
112
102
91
81
98
74
98
90
97
102
98
84
81
87
116
115
95
111
99
99
109
107
117
125
117
114
149
138
127
155
137
175
149
165
185
197
194
200
181
175
198
191
172
197
204
188
184
177
183
165
168
158
164
164
170
118
156
130
131
149
110
113
124
107
106
102
103
85
118
96
86
98
106
83
82
104
91
73
77
71
87
89
91
86
83
102
91
77
99
88
79
92
79
60
79
68
78
66
75
99
85
95
86
98
85
91
78
70
82
83
98
87
92
92
100
107
95
97
105
113
123
90
99
95
112
113
98
102
104
105
122
102
106
107
98
116
110
95
87
100
87
104
87
74
76
89
80
75
95
67
67
70
78
76
65
68
81
91
57
68
61
81
52
74
58
58
66
73
59
69
60
54
66
57
61
58
53
55
70
71
48
54
63
64
72
65
47
49
57
41
46
36
50
56
53
57
54
55
58
58
54
63
55
60
44
50
47
59
58
47
54
64
52
56
65
70
85
80
82
71
65
86
85
75
96
72
78
102
84
83
81
86
79
66
82
89
88
85
79
86
90
78
90
76
75
78
83
92
78
80
69
75
90
90
66
88
77
106
86
85
72
87
96
88
97
89
106
93
95
104
101
103
97
126
124
122
154
146
149
156
144
174
172
214
174
203
195
203
214
193
235
248
191
226
212
198
197
200
197
193
186
164
189
166
128
135
155
131
128
134
113
111
117
103
99
87
88
79
82
82
77
61
66
52
68
61
56
61
63
71
52
45
53
68
72
54
55
50
51
51
49
62
49
60
41
48
54
42
37
52
33
38
48
49
47
50
31
44
44
26
39
40
54
42
45
57
40
45
39
34
48
53
40
28
41
49
45
47
34
42
43
46
50
56
61
37
57
58
43
43
42
38
52
43
49
42
46
58
43
38
47
45
38
34
49
43
41
35
37
37
31
41
26
39
32
44
40
35
36
51
35
52
36
28
32
41
28
25
30
29
31
24
22
37
27
32
25
41
26
30
34
30
27
26
20
36
36
28
30
26
29
26
25
29
27
34
29
32
26
26
34
37
29
20
31
30
26
36
33
38
33
33
37
39
32
32
33
43
36
49
39
39
31
52
40
43
46
56
45
56
55
51
58
62
64
70
52
58
63
62
65
70
67
81
68
64
77
78
77
67
89
70
91
101
86
75
75
76
77
78
74
77
79
71
71
65
70
54
64
56
55
57
65
49
46
41
49
37
44
34
35
30
32
30
28
30
28
43
33
35
29
20
25
23
20
19
19
20
27
39
25
27
22
24
31
22
25
25
14
30
35
26
31
29
36
33
35
26
42
38
23
27
25
30
31
20
23
19
23
25
36
14
22
22
26
26
20
17
18
18
25
26
20
22
20
20
15
21
25
23
17
22
22
17
11
22
20
21
20
14
19
17
17
19
8
24
18
14
20
12
18
16
28
13
12
20
22
18
14
13
16
19
19
17
21
14
16
18
15
21
17
19
23
13
22
16
9
22
6
16
20
10
18
11
17
16
8
21
17
16
18
12
11
16
14
14
17
26
28
20
22
17
15
10
16
14
14
16
22
11
15
17
15
16
14
18
6
13
10
19
14
14
22
13
12
20
12
23
10
16
15
18
13
12
13
17
14
15
11
18
18
17
14
13
9
15
10
21
13
18
19
11
7
17
16
14
16
19
12
25
14
22
11
17
13
20
9
17
17
22
20
31
17
30
22
17
22
23
24
28
27
16
37
33
25
29
28
29
29
29
24
29
32
22
22
29
24
17
24
22
16
31
26
24
19
17
22
26
19
30
19
19
25
24
17
27
19
20
20
14
18
21
28
17
20
21
13
30
22
18
18
14
23
23
17
22
27
19
38
16
27
26
28
26
25
27
26
34
28
17
27
30
31
36
32
27
29
36
27
32
33
27
32
26
36
21
22
34
33
26
28
24
22
25
24
20
36
33
23
21
23
20
28
20
15
25
16
15
19
22
17
16
19
19
20
18
13
13
17
15
14
14
15
16
10
12
15
11
19
16
20
21
13
16
12
23
14
15
7
16
25
19
18
17
16
16
13
15
17
17
16
24
20
11
18
12
12
15
20
25
16
6
19
17
13
16
15
17
16
17
23
14
20
19
17
14
16
14
15
11
15
15
20
7
12
13
22
18
13
18
14
19
15
16
13
15
16
6
17
17
16
19
16
10
16
10
12
13
7
10
14
6
10
11
13
14
16
15
15
16
8
17
10
11
9
11
13
15
11
13
10
14
13
17
20
13
13
12
7
22
11
12
12
11
11
6
10
12
16
11
14
6
10
13
16
14
19
12
12
7
15
16
14
10
3
10
14
11
12
15
8
13
14
10
9
11
4
11
3
10
5
7
4
14
12
8
12
11
11
8
5
6
9
12
8
8
2
9
6
6
7
7
5
9
6
10
5
6
8
4
7
7
5
8
9
9
12
6
10
9
12
7
8
11
7
11
15
12
6
8
12
14
9
9
11
11
18
12
11
17
14
14
16
13
18
13
26
21
26
25
28
21
33
27
28
39
42
37
28
35
35
44
46
48
51
46
54
57
48
54
60
47
43
58
56
52
53
43
60
48
55
53
38
46
41
41
47
30
38
39
37
26
26
42
37
29
29
30
22
24
22
24
20
19
18
12
17
13
11
15
19
8
11
7
5
3
8
5
6
7
7
8
8
7
5
6
6
6
4
9
5
5
10
7
9
5
8
4
3
6
5
8
3
5
7
5
7
10
8
4
6
6
7
7
9
4
3
5
7
9
2
6
6
5
8
6
10
8
6
4
7
8
8
6
5
5
2
6
6
7
5
6
5
2
3
6
3
5
4
5
5
6
3
5
9
4
3
5
8
6
7
12
4
2
5
3
5
3
4
7
5
9
6
5
4
4
5
6
3
$ROI:
43
143 193
144 194
424 531
429 529
440 544
440 545
440 549
443 544
443 553
490 516
604 1134
679 1395
690 1434
772 934
800 953
827 855
828 856
840 1946
849 1974
857 2002
872 900
880 1058
887 915
914 1083
1010 1038
1208 1258
1345 1375
1418 1448
2436 2526
3229 3279
3607 3645
6449 6521
6459 6531
6463 6535
6464 6536
6467 6539
6471 6543
6482 6526
6489 6513
6497 6521
12997 13047
12999 13049
13000 13050
