$SPEC_ID:
GAMWIN
$SPEC_REM:


$DETDESC:

$DATE_MEA:
10/10/2025 07:41:02
$MEAS_TIM:
27256.88 27772.53
$MCA_CAL:
3
1.32118272781372E+001 1.29107522964478E+000 0.00000000000000E+000
$DATA:
0 2047
0
0
0
0
0
0
0
0
0
0
0
0
0
0
0
0
0
0
0
0
0
0
0
0
0
0
0
0
0
0
0
0
0
0
0
1703
1690
1752
1877
1998
2192
2370
2597
2683
2711
2825
3016
3329
3936
4537
5119
5479
5673
5425
4972
4446
3919
3564
3420
3277
3348
3262
3202
2953
2639
2395
2152
1877
1652
1474
1335
1263
1183
1224
1193
1146
1161
1114
1121
1073
1127
1026
1094
1107
1070
1143
1144
1168
1153
1185
1255
1299
1229
1219
1219
1186
1217
1164
1206
1183
1179
1202
1161
1127
1095
1145
1192
1175
1107
1158
1145
1102
1164
1020
1078
1001
1046
965
1041
1009
954
1069
1060
1119
1188
1138
1241
1270
1363
1393
1365
1410
1332
1284
1232
1251
1144
1090
1045
1026
1061
1003
1139
1048
1099
1040
1049
1068
1097
1033
1073
1051
1034
1079
984
1009
1015
1129
1175
1279
1486
1717
1895
2195
2454
2650
2932
2999
3056
3165
2956
2805
2672
2271
2012
1714
1466
1273
1108
914
855
850
803
730
792
748
740
782
826
779
804
814
809
863
823
812
856
794
877
928
922
975
1035
1089
1150
1288
1279
1321
1335
1335
1389
1285
1200
1111
1068
983
932
826
736
674
631
583
552
562
590
563
559
569
590
647
661
665
729
755
819
816
989
903
1078
1113
1148
1309
1223
1390
1398
1518
1613
1660
1718
1758
1609
1615
1550
1396
1359
1175
1158
957
848
759
657
534
541
440
428
400
391
348
328
349
356
328
355
352
388
361
332
321
333
344
352
348
353
331
331
363
310
367
328
361
356
347
372
306
350
328
303
351
300
272
289
262
274
290
273
285
270
275
240
267
275
261
245
217
277
265
261
250
252
268
274
304
298
298
316
322
294
310
355
301
323
338
302
285
306
328
296
287
270
264
262
238
248
253
280
242
255
260
247
246
237
247
248
255
276
237
303
302
327
320
332
367
331
362
370
324
364
355
388
347
291
311
328
317
268
246
240
227
232
226
251
210
217
247
193
215
215
212
188
212
230
202
230
199
216
234
196
223
236
280
278
265
293
291
304
316
350
404
387
403
461
467
478
534
572
567
563
620
630
625
677
673
697
649
670
679
712
670
745
702
786
742
818
824
784
764
856
825
784
814
747
728
704
656
585
560
533
466
426
378
333
282
282
250
238
217
179
205
177
181
170
158
210
161
186
164
153
161
176
162
166
182
165
165
181
178
159
156
181
167
169
182
185
168
147
140
177
178
166
156
184
134
162
164
165
147
157
151
156
164
138
140
196
154
171
167
167
163
205
166
166
181
183
186
209
174
195
189
206
224
220
221
213
230
220
203
211
193
201
191
179
192
204
212
148
184
181
196
165
194
168
183
170
198
157
193
193
200
212
198
187
189
193
218
206
190
215
223
221
214
194
214
183
178
204
187
193
198
210
193
222
183
183
165
162
165
159
177
159
170
119
161
148
141
138
138
148
144
137
132
145
125
127
128
139
148
134
146
150
122
157
162
145
151
147
143
132
149
115
141
150
165
156
158
146
148
129
131
144
138
139
158
166
171
141
165
153
142
165
168
151
150
167
137
139
153
144
163
172
164
153
157
198
170
198
224
196
215
227
226
254
256
280
276
279
309
292
285
309
283
275
300
305
277
255
268
245
230
248
211
213
192
200
183
170
160
158
160
161
149
145
156
166
197
189
179
177
201
201
192
209
197
195
223
226
200
228
231
247
256
249
213
241
223
197
201
219
216
178
170
166
151
146
142
129
126
104
114
113
107
115
95
102
95
97
92
86
64
95
92
80
85
74
81
75
89
88
80
81
81
73
95
77
70
92
90
80
84
75
58
95
73
67
80
75
79
75
89
77
78
85
74
95
80
82
99
79
83
86
72
74
96
87
78
94
82
70
82
91
89
83
92
97
109
86
115
104
89
92
99
103
115
103
85
130
119
133
125
135
134
143
163
145
151
163
169
168
142
149
173
173
169
142
154
187
179
158
194
164
152
153
126
149
118
141
136
109
114
113
89
112
112
91
93
123
86
93
95
79
109
94
98
83
87
97
80
59
99
75
95
79
74
69
77
76
75
61
86
67
83
79
86
61
74
80
63
68
75
80
88
89
68
79
83
74
87
73
84
79
98
98
88
85
81
92
71
89
79
77
91
100
90
98
106
95
121
109
95
107
85
108
92
105
100
100
85
97
107
96
93
85
82
102
74
108
69
73
79
55
72
67
65
72
65
63
80
72
55
84
67
70
71
63
46
63
55
57
47
57
53
60
51
54
57
51
52
70
55
51
49
42
49
60
53
64
54
49
50
44
45
56
50
49
59
40
65
39
57
35
53
59
50
50
43
49
49
58
57
49
51
52
56
48
59
53
67
59
56
69
58
63
64
69
72
66
80
59
61
78
84
68
83
94
81
85
73
77
84
70
88
93
79
77
65
64
75
79
75
69
94
74
74
80
68
83
74
65
73
81
70
62
78
89
84
82
64
86
95
103
100
111
121
124
120
115
113
128
143
138
170
159
177
169
181
166
196
200
208
192
194
171
219
201
193
189
205
211
181
174
158
173
170
156
141
139
125
132
118
132
105
109
100
84
92
81
92
83
76
69
66
86
66
58
66
69
49
62
45
60
37
56
48
57
59
58
47
48
40
54
54
48
40
43
45
39
41
39
46
31
37
28
42
53
39
44
42
44
30
40
32
41
37
27
33
35
45
35
48
45
36
49
29
45
40
42
47
49
55
53
52
46
37
64
43
41
37
42
46
54
55
38
35
39
41
52
48
51
49
51
52
44
44
48
50
38
41
45
38
43
37
44
38
42
36
44
43
43
23
42
36
44
27
37
27
37
37
33
23
23
29
31
26
27
27
28
27
31
27
29
28
23
21
19
27
28
29
32
35
33
25
32
23
26
33
17
23
25
34
23
22
34
20
15
34
25
22
25
33
32
27
22
39
35
26
39
41
30
41
33
36
30
31
46
32
34
44
34
49
48
43
45
58
52
46
50
60
58
52
56
57
55
61
66
70
65
62
81
85
73
79
71
89
82
71
64
75
77
81
70
73
55
62
69
61
51
64
63
68
49
65
50
41
41
31
39
47
43
34
36
35
25
26
29
26
19
25
28
23
19
26
22
23
27
18
28
21
23
28
24
28
25
18
23
20
22
26
25
23
17
27
28
26
23
32
23
25
29
25
32
36
20
30
18
26
26
22
22
31
23
29
16
27
22
24
27
26
20
21
20
26
22
20
26
19
24
25
21
14
17
21
12
25
17
28
21
17
25
19
16
18
23
24
13
18
22
18
17
26
12
19
22
16
19
26
18
15
15
17
11
12
18
9
13
12
17
18
19
18
21
17
22
17
18
21
20
16
13
9
20
14
16
14
22
17
13
12
18
19
15
8
10
10
17
14
17
20
17
20
14
24
15
16
17
17
17
13
9
14
13
9
19
16
15
22
12
26
17
11
13
12
6
14
16
18
14
20
13
13
11
14
11
16
16
24
14
17
15
15
11
14
19
11
14
17
19
21
16
11
23
13
17
14
16
24
28
13
14
22
17
19
21
20
20
20
15
17
22
15
23
26
23
30
14
31
17
23
18
17
22
32
24
19
31
25
28
27
24
26
32
21
31
22
27
32
35
28
36
19
29
26
23
26
36
15
26
28
24
26
24
23
29
19
26
23
17
20
22
20
20
25
34
17
14
13
16
15
21
12
24
15
14
22
25
28
21
20
21
19
18
25
24
20
28
26
24
21
33
30
19
28
26
22
33
28
37
25
26
30
35
22
21
36
26
22
31
28
32
32
23
20
20
25
22
31
25
17
24
16
29
25
24
17
28
17
17
19
24
25
16
11
17
14
20
16
21
17
16
23
16
17
12
12
17
12
12
14
19
14
18
20
21
13
24
17
18
17
22
14
9
16
15
18
22
13
17
13
20
13
19
23
16
14
14
19
24
13
25
19
21
20
25
19
12
13
22
15
19
23
17
17
14
15
15
20
9
28
25
19
18
12
16
18
15
20
17
7
10
13
20
18
9
21
15
14
21
13
10
18
20
13
19
6
19
14
15
13
12
15
13
18
11
13
23
14
20
17
9
15
9
12
7
9
16
15
8
12
11
11
11
16
8
8
8
10
10
16
14
9
12
12
18
11
11
7
7
15
8
8
3
9
10
16
9
6
13
13
9
11
16
10
6
8
13
15
6
12
14
7
13
8
10
11
10
9
10
13
7
7
6
5
12
11
12
9
6
10
4
5
10
7
5
10
8
13
9
8
11
6
11
5
8
6
9
10
10
6
3
10
6
8
5
6
6
13
6
10
7
2
12
10
7
5
6
10
11
9
13
10
11
8
10
9
11
13
10
16
24
16
14
23
15
15
22
19
21
17
33
25
21
25
30
30
30
39
36
25
33
45
38
50
39
44
42
55
45
52
43
56
51
46
53
63
56
56
60
48
62
53
47
57
54
46
41
52
49
47
45
37
43
37
34
42
38
29
33
28
31
34
24
32
20
20
19
18
20
17
19
11
13
12
15
10
11
9
10
8
13
11
5
3
9
8
8
7
5
6
5
10
8
10
7
7
8
6
7
6
8
6
5
8
9
6
5
1
4
5
4
6
6
3
2
6
5
4
4
6
6
5
8
4
11
5
5
6
4
5
4
4
7
6
5
5
5
0
7
3
7
7
6
4
4
8
6
8
3
5
6
5
4
6
4
5
7
9
4
6
5
9
5
4
7
8
6
5
4
1
6
5
7
4
7
5
4
6
6
7
7
6
$ROI:
43
143 193
144 194
424 531
429 529
440 544
440 545
440 549
443 544
443 553
490 516
604 1134
679 1395
690 1434
772 934
800 953
827 855
828 856
840 1946
849 1974
857 2002
872 900
880 1058
887 915
914 1083
1010 1038
1208 1258
1345 1375
1418 1448
2436 2526
3229 3279
3607 3645
6449 6521
6459 6531
6463 6535
6464 6536
6467 6539
6471 6543
6482 6526
6489 6513
6497 6521
12997 13047
12999 13049
13000 13050
