$SPEC_ID:
GAMWIN
$SPEC_REM:


$DETDESC:

$DATE_MEA:
10/22/2025 07:41:25
$MEAS_TIM:
27873.96 28720.43
$MCA_CAL:
3
1.32118272781372E+001 1.29107522964478E+000 0.00000000000000E+000
$DATA:
0 2047
0
0
0
0
0
0
0
0
0
0
0
0
0
0
0
0
0
0
0
0
0
0
0
0
0
0
0
0
0
0
0
0
0
0
0
3326
3589
3683
3902
4293
4602
4901
5147
5538
5566
5846
6098
6766
7701
8618
9450
9948
9961
9485
8597
7658
6989
6601
6117
6044
6033
5947
5721
5527
4906
4586
3988
3635
3340
3080
2978
2787
2645
2543
2566
2535
2562
2642
2486
2535
2497
2591
2480
2586
2592
2617
2719
2733
2833
2706
2757
2805
2673
2828
2699
2712
2760
2637
2701
2740
2571
2658
2736
2657
2633
2710
2626
2555
2611
2538
2517
2608
2400
2413
2259
2397
2350
2372
2282
2341
2293
2296
2405
2461
2421
2530
2558
2664
2627
2859
2870
2608
2767
2684
2553
2417
2337
2279
2179
2226
2261
2301
2231
2391
2263
2274
2364
2346
2285
2200
2190
2205
2140
2061
2077
2099
2156
2428
2491
2781
3157
3468
3974
4343
4782
5138
5378
5589
5603
5604
5233
4968
4448
3866
3472
2912
2472
2237
1946
1846
1750
1555
1531
1433
1476
1485
1567
1531
1591
1638
1558
1588
1660
1604
1584
1619
1571
1545
1639
1642
1681
1813
1911
1986
2099
2327
2305
2252
2271
2261
2259
2171
2083
1865
1833
1644
1485
1315
1271
1111
1096
1101
1060
1070
1039
1051
1075
1115
1135
1244
1257
1278
1497
1432
1552
1667
1691
1792
1932
2084
2090
2157
2368
2465
2553
2687
2706
2738
2770
2730
2583
2523
2314
2184
1951
1824
1583
1422
1271
1073
967
916
863
758
680
684
642
722
607
605
614
629
591
584
631
632
585
598
576
618
586
592
646
627
618
627
649
630
618
602
630
633
611
611
585
557
593
570
556
539
531
538
506
484
518
476
472
502
482
486
485
507
497
494
478
455
462
473
482
470
527
504
516
510
560
590
594
551
567
544
555
549
569
561
521
514
539
477
487
459
490
434
465
462
424
422
426
449
446
436
441
446
510
504
544
495
556
549
537
557
628
649
654
616
632
611
619
638
587
557
539
510
525
469
456
394
457
445
394
392
423
384
345
382
330
394
328
382
371
368
390
410
412
412
403
410
405
492
419
485
453
512
496
578
577
631
681
765
806
815
849
991
1005
1025
1100
1065
1116
1122
1129
1162
1208
1147
1207
1186
1154
1147
1235
1205
1222
1262
1280
1269
1343
1360
1352
1343
1335
1363
1226
1180
1163
1045
993
896
842
722
659
599
602
540
425
418
390
388
350
324
294
319
300
285
283
261
302
273
311
311
287
289
302
304
290
286
295
283
328
283
299
286
301
280
325
274
290
271
279
277
228
234
262
275
270
239
248
254
267
255
271
269
248
285
279
285
267
281
308
287
296
327
312
333
307
348
329
368
328
348
344
337
364
390
377
369
408
354
376
368
324
364
312
318
310
297
312
267
314
279
286
310
276
325
294
291
341
340
281
309
311
328
355
347
337
337
386
369
365
349
353
319
340
363
338
344
321
347
294
352
300
298
331
295
319
290
296
293
272
289
235
248
241
263
258
261
236
238
229
231
190
220
216
231
192
239
199
229
213
236
222
230
220
232
246
230
262
277
247
229
304
287
254
254
231
269
236
285
253
229
229
235
269
271
248
262
244
214
269
251
249
224
248
238
238
233
224
259
238
251
242
291
277
305
280
328
375
359
367
372
427
446
436
446
468
480
497
484
494
533
542
517
532
480
455
476
487
446
425
402
391
352
362
360
303
314
283
273
262
247
280
281
280
258
291
287
271
285
300
325
337
350
324
336
367
359
343
376
384
334
354
429
375
374
326
342
359
323
346
323
287
317
264
246
265
254
236
203
213
191
172
185
173
149
153
141
155
152
145
131
147
135
135
141
141
133
147
114
127
105
117
125
120
141
135
126
136
125
144
115
124
116
124
111
144
121
131
122
133
115
118
118
136
118
144
138
120
144
142
124
131
129
129
133
146
124
127
133
131
147
142
166
122
135
144
132
129
139
163
166
161
192
163
160
162
172
176
182
206
207
195
186
236
222
226
249
249
239
238
262
268
233
264
266
280
250
243
280
241
221
219
235
217
229
189
194
189
180
162
162
166
151
161
153
136
167
143
123
139
148
132
128
132
152
137
114
128
114
143
127
98
104
120
128
121
123
124
122
97
124
114
119
117
101
119
116
114
100
107
96
119
114
112
125
141
109
118
112
101
134
120
120
133
138
136
122
129
150
144
143
154
138
130
139
166
152
155
146
154
137
153
158
138
146
151
142
142
139
111
133
126
139
128
112
110
119
138
109
104
127
101
97
102
94
114
97
104
111
95
108
97
93
90
106
91
94
90
106
81
106
84
87
80
65
85
79
107
86
96
78
84
83
94
83
83
86
88
94
73
85
84
97
71
79
78
69
72
70
81
87
76
90
70
86
99
82
89
86
91
90
87
78
92
107
81
91
94
77
87
97
103
108
101
91
106
117
113
122
126
109
111
103
109
121
129
120
116
115
128
128
104
130
117
126
115
110
123
106
119
123
130
120
105
130
122
108
98
115
93
120
105
97
114
100
132
131
129
139
114
152
151
156
149
148
166
177
181
201
172
207
222
214
217
230
239
253
245
256
276
279
278
279
277
265
270
264
251
274
265
229
226
229
223
206
195
211
176
192
167
170
153
170
136
134
136
132
116
103
107
100
91
117
104
81
89
93
86
86
102
87
83
74
72
75
72
81
84
70
79
86
79
61
74
66
58
57
57
70
78
63
61
61
64
66
61
50
69
63
57
47
59
51
65
48
57
71
66
78
57
69
67
71
48
69
61
69
76
79
71
78
87
70
93
74
75
92
80
85
82
90
80
76
84
98
87
70
73
74
90
72
60
79
68
73
78
76
65
65
88
71
63
62
67
59
50
55
56
52
68
55
68
60
48
51
51
66
58
51
44
46
49
44
48
47
56
56
55
47
51
52
49
49
45
49
43
48
53
49
45
38
39
38
45
43
39
39
51
47
50
44
43
42
51
52
41
40
41
52
54
45
45
42
49
56
55
40
50
49
52
63
57
67
65
73
64
75
58
61
73
64
74
81
70
86
98
97
102
82
89
93
98
107
100
113
93
100
111
127
122
119
96
102
134
123
130
115
134
129
102
115
115
107
100
107
99
98
86
89
97
87
88
62
71
67
84
64
56
57
68
47
54
47
54
44
52
36
53
41
38
32
36
30
43
47
41
27
36
42
36
42
27
34
48
34
50
45
44
33
40
47
45
34
42
39
43
39
38
39
37
36
45
40
37
34
34
30
33
40
41
44
39
30
32
45
35
35
22
26
36
30
25
35
29
28
42
33
37
35
43
36
40
26
29
35
42
22
35
34
35
28
40
33
26
35
16
36
24
26
25
29
23
32
26
26
25
26
38
27
24
35
33
24
24
23
22
21
20
28
29
33
32
22
28
27
38
28
40
26
23
25
25
25
23
22
26
32
21
19
22
20
23
27
15
28
26
26
19
21
18
20
18
27
32
24
35
19
30
35
18
27
26
25
19
21
23
22
26
28
22
21
31
20
27
27
26
18
23
23
21
21
29
35
26
13
26
24
20
26
21
20
32
29
24
38
26
16
27
29
31
34
31
24
30
29
21
39
25
31
45
38
36
32
33
32
32
43
40
39
38
44
35
43
37
45
40
36
55
41
54
45
77
50
46
51
44
49
49
47
44
42
55
64
40
55
53
49
45
55
48
54
41
49
29
31
48
49
41
33
34
31
31
52
36
40
41
36
25
35
35
41
36
37
21
33
40
30
40
37
48
30
34
27
31
27
43
28
34
32
35
43
57
38
35
47
55
51
52
52
48
39
41
48
43
48
56
40
46
42
46
42
49
39
54
36
39
46
35
40
42
41
37
40
48
41
44
31
48
31
43
47
24
36
22
28
45
20
20
40
32
27
26
28
21
37
29
37
32
26
28
33
36
36
31
39
20
34
38
28
34
27
24
29
36
34
32
36
27
37
21
25
31
29
36
34
33
34
28
25
32
28
38
33
37
31
25
27
28
28
23
37
28
41
26
34
22
27
25
27
22
32
33
27
27
38
32
24
41
29
36
23
29
32
23
28
28
36
23
25
24
28
23
29
36
26
18
31
27
29
29
23
38
28
34
20
24
22
31
20
19
17
23
18
27
20
28
23
32
26
13
29
23
19
24
16
25
17
16
27
30
15
25
24
18
23
23
21
18
19
17
24
20
23
21
19
17
22
28
23
19
15
17
15
22
18
22
19
16
18
26
21
17
18
14
15
20
17
13
15
19
14
15
16
19
8
16
10
10
9
18
12
17
18
11
12
15
10
13
11
8
12
11
18
13
11
10
12
14
9
13
11
11
17
10
19
10
14
16
13
10
11
12
9
11
9
18
16
20
12
18
18
19
17
22
16
21
17
24
12
14
17
26
26
12
22
28
20
29
17
29
43
31
33
60
37
42
44
40
60
51
62
48
71
65
61
48
70
79
66
64
78
96
92
95
93
98
110
87
90
96
94
104
104
100
97
98
102
97
97
89
109
82
79
96
81
88
68
74
76
60
58
71
51
68
52
53
51
47
35
35
35
39
31
27
22
42
20
22
22
22
16
20
21
14
19
17
16
20
13
9
8
9
10
8
14
6
14
12
15
16
17
13
7
10
6
4
9
7
14
10
8
4
7
14
13
13
6
4
11
7
11
10
10
9
5
7
7
9
9
8
3
5
8
11
2
10
7
5
4
10
12
11
9
0
10
3
4
7
8
6
4
10
7
6
10
6
7
8
10
5
3
12
8
8
7
5
7
8
9
8
5
11
11
7
9
4
8
6
9
8
6
7
6
6
8
11
10
9
9
7
8
4
7
$ROI:
43
143 193
144 194
424 531
429 529
440 544
440 545
440 549
443 544
443 553
490 516
604 1134
679 1395
690 1434
772 934
800 953
827 855
828 856
840 1946
849 1974
857 2002
872 900
880 1058
887 915
914 1083
1010 1038
1208 1258
1345 1375
1418 1448
2436 2526
3229 3279
3607 3645
6449 6521
6459 6531
6463 6535
6464 6536
6467 6539
6471 6543
6482 6526
6489 6513
6497 6521
12997 13047
12999 13049
13000 13050
