$SPEC_ID:
GAMWIN
$SPEC_REM:


$DETDESC:

$DATE_MEA:
10/23/2025 15:23:25
$MEAS_TIM:
56684.43 57510.32
$MCA_CAL:
3
1.32118272781372E+001 1.29107522964478E+000 0.00000000000000E+000
$DATA:
0 2047
0
0
0
0
0
0
0
0
0
0
0
0
0
0
0
0
0
0
0
0
0
0
0
0
0
0
0
0
0
0
0
0
0
0
0
2593
2607
2756
2942
3168
3454
3704
3937
4155
4212
4321
4548
5147
5911
6620
7407
8045
8133
7903
7071
6412
5619
5147
4866
4757
4755
4763
4585
4305
4030
3587
3204
2887
2487
2286
2130
2000
1908
1883
1837
1881
1806
1773
1773
1828
1768
1734
1728
1855
1873
1850
1912
1954
2058
1931
2003
1996
2010
2015
1894
1894
1900
1861
1923
1884
1933
1932
1948
1913
1951
1921
1922
1823
1881
1892
1761
1780
1802
1694
1730
1755
1665
1721
1623
1698
1650
1779
1764
1741
1833
1884
1974
2027
2142
2108
2145
2125
2108
1984
1950
1885
1811
1748
1794
1660
1606
1699
1761
1688
1785
1738
1725
1730
1672
1700
1665
1664
1635
1613
1580
1589
1630
1645
1913
2052
2371
2525
2879
3299
3653
4078
4221
4542
4493
4403
4403
4117
3605
3297
2998
2526
2173
1867
1717
1460
1319
1274
1182
1183
1191
1191
1198
1262
1224
1289
1289
1277
1199
1260
1349
1321
1263
1261
1347
1355
1348
1452
1558
1579
1639
1758
1822
1955
1917
1907
1904
1880
1761
1665
1588
1409
1286
1201
1089
1062
994
900
895
870
804
813
867
873
896
925
975
1039
1129
1171
1195
1320
1397
1400
1521
1641
1773
1796
1884
1973
2033
2166
2271
2344
2311
2424
2322
2229
2061
2008
1810
1603
1494
1277
1200
1029
906
822
689
692
647
618
594
541
573
546
535
498
515
539
515
535
501
559
564
553
555
571
537
528
514
534
562
495
571
530
531
528
497
491
532
494
497
453
466
473
445
506
454
423
434
412
435
402
422
424
398
386
441
402
463
430
368
423
383
460
428
426
439
436
502
472
501
506
474
488
539
480
498
505
452
480
450
473
428
475
413
417
354
386
359
377
371
399
360
376
441
388
399
404
453
451
468
504
488
568
544
571
581
525
593
551
591
562
533
534
526
497
462
462
442
412
378
401
380
360
372
367
329
310
330
308
324
343
324
325
315
317
343
353
335
366
339
326
352
387
390
426
437
441
479
499
577
561
594
612
637
676
768
798
840
854
821
940
940
960
920
982
958
951
967
962
950
1011
1000
1059
1042
1167
1131
1087
1153
1200
1150
1135
1132
1115
1045
980
966
841
817
731
649
664
624
527
490
432
388
370
337
308
292
279
270
250
271
271
256
252
277
276
223
250
276
279
280
262
274
262
273
279
281
236
260
250
250
270
253
275
229
245
240
268
255
242
234
219
275
252
261
232
249
258
247
263
249
263
273
238
281
240
258
251
255
295
289
264
279
279
311
314
317
312
314
331
324
320
313
324
340
328
297
295
286
292
287
316
342
268
251
275
278
282
259
285
290
275
287
271
300
305
309
302
295
319
321
304
291
283
318
328
307
314
299
321
308
329
335
322
265
285
305
282
298
287
272
286
272
242
252
235
272
229
249
266
239
241
234
204
221
243
212
198
220
220
205
233
243
234
208
189
225
224
226
213
258
224
219
255
220
254
227
196
231
265
207
287
277
239
241
231
244
238
264
281
253
284
271
277
274
251
281
280
260
251
234
268
254
270
229
222
221
245
235
243
258
268
286
287
313
318
313
369
352
373
358
378
400
412
428
406
414
440
437
390
456
408
415
379
412
378
339
321
360
340
298
290
281
281
259
272
273
246
272
230
270
238
235
253
238
254
280
274
303
294
316
307
295
320
328
363
355
340
315
333
358
328
343
313
298
297
267
302
275
260
241
243
230
232
223
194
197
188
185
163
181
145
172
147
171
152
170
148
149
140
142
165
134
154
143
112
125
126
144
148
128
137
137
120
151
141
120
120
139
129
142
141
139
162
119
128
133
144
147
135
126
121
148
142
133
124
138
137
168
135
130
155
136
138
143
124
131
124
154
154
143
130
138
124
145
166
161
143
158
156
178
177
160
182
164
175
177
184
200
210
242
233
234
272
218
247
230
234
241
231
264
249
246
202
244
243
228
235
208
206
213
196
197
216
183
203
171
149
175
174
144
166
148
146
150
130
129
151
139
125
150
127
133
138
138
131
132
128
131
129
97
138
138
118
131
143
125
114
101
109
132
128
129
122
101
137
127
141
122
135
134
139
135
137
111
105
116
128
127
126
133
127
124
141
143
150
138
146
149
157
140
149
148
145
175
147
159
127
155
161
158
137
151
157
153
115
117
158
109
128
124
133
128
122
119
120
107
124
116
127
112
125
105
95
96
87
113
96
101
86
97
86
108
86
92
90
78
100
83
83
77
102
100
104
96
73
82
80
87
78
84
72
90
78
79
69
70
86
81
96
75
86
79
61
87
81
72
87
81
81
83
82
80
68
70
108
78
75
71
105
80
98
90
104
96
127
91
80
113
105
99
97
120
123
101
98
116
141
99
119
109
111
113
110
108
128
114
125
132
128
106
115
120
109
119
133
105
110
111
112
111
128
104
107
122
127
136
123
118
116
123
129
127
133
142
149
150
118
154
181
185
188
216
214
221
215
239
254
245
280
280
305
328
342
334
330
322
357
350
386
348
367
361
349
343
291
343
352
309
309
287
282
293
253
240
247
219
208
193
167
141
168
158
157
146
122
133
136
131
95
99
96
89
89
94
112
104
92
85
103
82
76
79
80
84
85
74
76
77
80
58
75
77
69
73
58
59
53
61
76
75
63
76
67
61
54
61
54
71
55
61
54
53
58
51
59
53
71
61
56
72
62
65
69
70
71
63
68
67
74
64
57
67
72
89
75
86
85
72
74
74
68
63
60
68
60
52
74
78
64
67
76
57
77
61
73
64
59
65
61
72
47
54
63
50
48
67
54
52
59
60
58
58
52
50
52
45
46
55
40
41
50
49
58
47
49
45
49
38
31
46
42
40
37
53
48
36
55
42
40
40
45
40
40
39
29
42
44
44
46
37
41
48
42
45
37
53
44
35
46
49
44
55
60
55
47
44
47
50
51
59
53
53
74
59
67
55
72
66
79
67
78
70
87
65
79
69
82
89
73
85
111
86
95
88
93
79
96
91
93
99
95
109
113
121
111
90
106
100
85
91
109
90
102
81
98
77
80
73
70
61
56
68
64
75
60
58
47
64
49
40
36
54
55
47
39
35
26
37
27
46
34
33
38
38
33
35
28
42
36
26
32
43
24
42
41
37
44
46
30
33
35
31
36
44
43
38
31
41
33
37
31
58
44
29
44
32
29
27
35
33
45
26
35
39
20
35
24
25
22
33
30
32
41
27
36
35
29
18
26
18
29
33
34
25
24
23
26
22
21
31
40
21
34
21
26
34
36
31
20
22
32
19
30
16
22
27
26
30
24
28
29
16
19
35
27
28
29
28
18
24
25
28
27
21
23
32
29
21
30
32
27
33
31
26
21
27
37
20
31
23
13
20
28
26
27
30
16
30
22
23
21
30
23
28
33
26
26
21
20
26
24
24
25
30
24
28
25
31
28
28
21
19
30
20
24
23
21
22
28
26
23
23
16
20
16
22
25
18
21
18
17
31
28
17
23
22
20
23
24
34
24
16
30
23
31
33
31
20
28
33
32
30
31
30
31
24
42
29
48
33
44
52
46
35
33
47
40
39
38
43
44
38
49
39
34
43
30
45
43
44
41
31
50
39
40
46
49
34
44
42
44
35
48
41
30
33
29
42
34
34
46
31
37
36
35
40
28
29
32
25
39
36
32
37
27
35
35
30
30
31
31
33
35
29
34
28
33
42
39
27
46
28
37
27
44
29
36
58
43
42
39
43
45
47
40
38
46
37
50
50
41
39
39
39
39
31
30
33
46
37
44
35
39
40
33
26
35
35
39
27
32
40
30
24
25
29
29
38
31
33
18
23
32
34
25
30
39
31
39
31
28
26
27
39
33
15
31
35
25
24
17
29
34
33
34
29
27
28
27
28
35
24
33
27
34
33
34
21
27
23
32
33
32
28
31
28
19
38
30
11
26
29
20
27
25
35
23
27
25
31
29
28
18
27
28
24
19
23
35
32
25
24
29
22
30
23
31
30
34
28
30
20
32
26
28
27
25
19
35
21
25
21
29
18
28
16
22
22
17
27
23
13
23
17
23
19
30
25
18
26
17
22
20
28
22
18
22
19
24
19
18
27
16
26
23
14
32
24
16
18
24
27
18
25
24
22
22
29
14
19
15
13
23
18
27
21
12
17
24
17
19
12
18
19
11
26
14
22
22
12
13
18
21
16
22
16
22
14
19
16
14
18
20
17
16
10
16
13
11
16
8
17
10
16
17
16
15
8
11
23
14
18
14
18
12
18
16
8
16
11
14
15
16
16
13
18
15
18
10
16
21
20
13
20
20
19
14
22
27
20
15
25
15
18
23
22
23
30
28
38
29
29
36
33
43
41
42
43
45
58
36
50
62
60
60
57
63
77
65
70
71
65
78
60
85
74
79
65
89
93
94
92
81
88
85
77
95
85
87
78
67
62
62
66
70
58
65
69
72
49
51
48
56
52
57
48
34
45
43
43
24
23
30
26
27
21
26
30
15
21
21
14
11
23
10
21
14
14
11
16
9
8
10
11
10
13
10
19
18
11
15
16
10
17
16
12
16
5
8
15
13
12
17
14
12
11
8
14
8
14
11
12
14
7
6
11
10
12
14
6
14
12
9
8
15
12
10
11
10
14
11
10
9
7
7
14
19
14
9
12
9
11
8
15
13
16
9
13
16
16
20
17
7
16
8
11
6
4
12
12
7
8
12
17
14
7
6
12
11
8
14
11
9
9
5
13
8
$ROI:
43
143 193
144 194
424 531
429 529
440 544
440 545
440 549
443 544
443 553
490 516
604 1134
679 1395
690 1434
772 934
800 953
827 855
828 856
840 1946
849 1974
857 2002
872 900
880 1058
887 915
914 1083
1010 1038
1208 1258
1345 1375
1418 1448
2436 2526
3229 3279
3607 3645
6449 6521
6459 6531
6463 6535
6464 6536
6467 6539
6471 6543
6482 6526
6489 6513
6497 6521
12997 13047
12999 13049
13000 13050
