$SPEC_ID:
GAMWIN
$SPEC_REM:


$DETDESC:

$DATE_MEA:
10/30/2025 15:07:52
$MEAS_TIM:
52196.20 56024.84
$MCA_CAL:
3
1.32118272781372E+001 1.29107522964478E+000 0.00000000000000E+000
$DATA:
0 2047
0
0
0
0
0
0
0
0
0
0
0
0
0
0
0
0
0
0
0
0
0
0
0
0
0
0
0
0
0
0
0
0
0
0
0
8803
9016
9313
9836
10066
10721
11095
11698
12298
13463
14901
17531
21113
25882
31211
35895
38746
39173
37297
33792
29452
26038
23728
22620
22101
21472
21450
19971
18357
16424
14827
13031
11461
10413
9750
9264
8767
8485
8278
8029
7868
7463
7229
7143
7027
6890
7046
7073
7181
7384
7730
7821
8152
8451
8488
8466
8452
8409
7956
7905
7743
7658
7569
7461
7584
7731
7627
7761
7748
8076
7964
7830
7864
7882
7704
7633
7474
7423
7335
7276
6915
7184
6977
6965
7065
6963
7063
7423
7533
7899
8318
8573
9057
9117
9316
9583
9412
9090
8850
8623
8375
8062
7829
7648
7782
7842
7873
8008
8033
8257
8309
8269
8214
8245
7982
7831
7388
7095
7170
7059
7126
7269
8013
8781
9520
10558
12174
14130
15772
17526
19050
20389
21250
20975
21083
20082
18993
17113
15071
13368
11447
9937
8506
7503
6790
6239
5798
5609
5558
5504
5667
5533
5781
5777
6121
6010
6194
6257
6353
6214
6205
6449
6467
6807
7176
7802
8448
9022
9693
10348
11021
11575
11864
12016
12083
11610
10827
10140
9380
8592
7604
6721
6062
5554
4980
4698
4348
4447
4304
4304
4486
4751
4806
5143
5574
5935
6271
7039
7368
7875
8352
9309
9834
10233
11251
12042
12656
13638
14408
15114
15617
16115
16553
16330
16060
15703
14654
13788
12731
11531
10158
8854
7779
6693
5794
5025
4287
3819
3436
3228
2951
2794
2719
2663
2614
2629
2579
2543
2526
2562
2476
2553
2557
2546
2568
2583
2628
2656
2709
2673
2706
2847
2823
2631
2707
2740
2695
2726
2567
2501
2578
2400
2300
2288
2299
2269
2235
2106
2147
2053
2007
2003
2013
2038
1893
1861
1883
1865
1873
1933
1991
2059
2090
2023
2168
2227
2372
2401
2481
2493
2764
2644
2771
2831
2687
2576
2740
2673
2711
2639
2519
2557
2416
2407
2348
2225
2225
2104
2053
1995
1993
2002
1997
1892
1916
1985
1970
1982
1993
2007
2134
2210
2142
2324
2331
2350
2460
2446
2403
2410
2415
2331
2356
2318
2190
2143
2033
2021
1824
1854
1753
1731
1755
1657
1663
1534
1579
1609
1690
1616
1665
1681
1624
1528
1638
1595
1596
1596
1675
1668
1749
1840
1921
1922
2088
2062
2166
2217
2393
2578
2784
2826
3023
3247
3400
3609
3731
4028
4092
4348
4511
4622
4600
4730
4957
5090
5228
5455
5560
5666
5981
6361
6608
6833
7301
7621
7761
8065
8326
8330
8005
8017
7852
7527
7195
6732
6251
5912
5383
4859
4476
3929
3562
3244
2855
2490
2229
2031
1889
1748
1567
1506
1475
1399
1366
1314
1258
1278
1264
1314
1380
1257
1316
1353
1369
1319
1291
1434
1304
1334
1319
1376
1380
1422
1358
1382
1406
1339
1358
1285
1282
1259
1227
1297
1261
1281
1283
1214
1295
1229
1285
1250
1255
1260
1251
1281
1350
1285
1362
1356
1394
1336
1348
1417
1428
1349
1516
1437
1532
1462
1587
1503
1567
1542
1632
1463
1508
1563
1516
1450
1503
1469
1505
1407
1382
1344
1405
1382
1375
1343
1339
1372
1389
1417
1467
1469
1492
1555
1539
1515
1633
1666
1685
1785
1739
1698
1746
1783
1795
1814
1733
1787
1744
1758
1642
1737
1632
1621
1676
1625
1650
1568
1585
1560
1477
1472
1439
1383
1380
1357
1351
1266
1314
1261
1212
1193
1122
1158
1107
1060
1004
1012
1071
1008
1034
987
1078
1042
1043
1052
1052
1073
1037
1049
1108
1091
1118
1097
1147
1133
1079
1105
1065
1095
1043
1038
1041
1056
1123
1061
1052
1027
1076
999
994
986
1023
1010
1041
960
994
1029
1023
1062
1007
1026
1059
1130
1115
1097
1266
1178
1337
1382
1489
1609
1675
1822
1948
2008
2256
2332
2461
2437
2568
2709
2828
2842
2830
2875
2920
2897
2837
2785
2723
2646
2554
2396
2373
2254
2081
2009
1893
1778
1722
1635
1540
1494
1458
1403
1381
1392
1388
1323
1405
1433
1500
1490
1586
1567
1664
1752
1849
1798
1939
1964
2017
2039
2111
2184
2152
2158
2133
2065
2032
1948
1942
1808
1689
1704
1605
1540
1384
1331
1251
1199
1046
1000
888
918
851
740
723
682
694
640
633
549
592
564
530
516
498
519
505
514
498
519
501
529
520
517
465
484
493
475
456
471
461
534
477
478
500
505
477
465
554
539
501
510
495
499
521
489
509
542
537
561
560
552
558
555
521
517
582
515
517
523
527
534
561
547
597
610
601
557
611
657
698
649
635
698
761
764
774
878
827
938
974
1044
1095
1066
1113
1161
1228
1237
1262
1286
1350
1365
1403
1413
1427
1395
1446
1408
1366
1307
1297
1214
1230
1111
1130
1069
973
999
922
854
797
831
764
735
729
650
675
609
614
644
547
564
562
551
526
508
527
521
544
482
467
458
476
446
466
453
471
456
445
455
440
393
392
412
431
409
443
384
420
430
391
416
434
409
433
440
432
416
437
483
519
460
550
457
530
530
559
515
587
620
643
640
639
697
689
664
713
712
693
660
692
659
717
683
681
698
648
636
692
633
638
611
629
601
580
559
571
536
535
521
521
424
539
481
499
478
460
436
422
442
456
443
448
448
478
385
461
400
404
390
439
381
362
397
360
445
386
401
365
375
374
346
320
384
379
351
359
328
377
335
327
323
350
343
336
342
346
350
347
353
330
351
384
346
384
382
375
362
390
452
386
400
433
464
402
442
468
483
448
515
504
514
514
562
530
545
591
558
632
594
607
640
621
567
599
637
607
585
683
583
644
629
587
606
615
603
575
570
591
581
555
556
536
542
580
500
517
516
496
542
485
456
421
446
440
411
437
419
390
406
367
436
401
382
363
384
378
405
374
341
408
379
380
352
360
383
376
405
378
377
361
380
380
388
393
375
415
407
388
413
403
409
426
369
360
384
382
366
381
375
430
398
401
371
411
389
416
410
431
406
403
402
387
433
473
427
412
404
403
403
420
415
445
400
413
411
398
404
356
377
369
379
339
372
368
328
326
337
354
331
315
315
318
304
329
313
283
313
303
284
310
283
290
286
329
296
312
298
298
313
343
331
345
362
347
379
372
371
395
397
419
416
389
419
392
424
416
405
387
420
416
419
430
396
374
392
435
411
376
390
382
376
378
394
326
323
316
351
340
351
332
316
279
365
295
293
329
316
290
319
307
282
288
268
285
274
268
250
248
268
242
266
238
255
248
246
229
226
257
219
232
215
218
220
225
223
208
230
196
211
219
194
205
234
194
209
200
195
195
213
199
197
205
218
198
219
219
224
235
220
210
209
220
255
234
251
253
261
274
276
304
306
322
335
324
350
338
366
395
365
407
424
418
445
446
513
480
519
486
509
509
542
603
570
573
626
642
615
610
594
628
663
656
704
725
696
696
680
665
640
578
610
619
592
601
515
488
494
495
476
458
448
386
383
362
318
332
297
272
283
251
238
226
218
198
230
217
200
162
175
181
196
218
161
169
165
172
166
173
178
166
177
205
162
187
191
211
186
199
185
198
200
193
207
214
191
200
213
202
184
210
226
188
227
173
188
191
177
182
175
169
191
183
184
164
148
166
148
145
150
144
162
142
156
131
129
122
146
141
129
130
160
128
108
113
112
119
129
130
114
107
120
135
116
112
109
95
127
114
137
116
100
100
101
129
113
98
118
119
119
111
100
109
101
103
110
104
124
117
132
107
103
117
95
97
101
111
122
108
103
101
100
124
108
84
102
91
91
95
100
94
98
99
88
95
107
97
87
97
105
99
83
113
85
89
95
96
99
86
101
102
96
86
112
89
107
119
83
95
94
102
96
91
106
92
93
96
99
99
101
80
99
85
86
98
99
107
78
103
90
85
92
105
91
98
90
105
71
102
82
94
83
96
90
90
98
90
95
110
106
110
123
105
115
120
137
142
139
155
134
143
149
146
140
150
172
167
160
192
174
188
173
178
187
173
207
176
180
173
202
184
183
190
162
168
167
183
170
166
184
169
160
161
168
143
151
156
141
145
122
138
130
129
152
118
126
132
132
122
119
129
130
134
118
138
140
114
135
124
112
151
138
146
173
150
158
146
167
163
173
192
168
208
190
199
224
190
193
198
210
183
208
205
198
227
234
212
243
228
216
193
230
188
198
182
195
222
200
184
176
196
189
165
157
151
132
136
148
125
151
120
130
116
133
123
135
127
106
135
109
117
110
98
115
101
83
99
100
89
111
97
96
97
104
94
106
95
101
101
85
99
93
88
93
77
102
111
90
119
110
108
100
119
93
87
101
97
99
115
98
113
101
116
106
105
85
77
101
106
94
108
95
93
93
94
98
101
92
78
115
74
90
89
88
93
95
85
93
95
83
90
89
100
79
90
91
81
98
90
97
90
87
101
89
81
96
86
91
82
92
78
70
78
91
68
73
51
72
71
59
65
74
87
71
73
75
53
63
76
66
72
64
61
59
66
73
68
76
59
73
75
75
65
74
75
89
67
63
73
75
73
62
77
85
82
76
76
73
88
72
74
78
61
85
66
69
61
76
74
74
72
81
56
52
87
60
52
55
50
59
71
40
49
41
46
50
64
43
36
43
44
32
33
47
41
45
39
46
47
30
35
30
24
31
29
45
36
26
29
27
39
34
25
24
39
37
28
36
23
33
32
31
35
37
40
41
30
45
52
37
35
36
54
47
50
45
48
62
51
59
64
57
65
76
81
91
90
76
78
102
110
102
106
126
156
145
151
142
159
183
178
202
218
218
228
234
261
265
291
265
310
305
276
318
292
366
303
344
336
331
355
378
327
296
318
329
321
286
290
302
281
250
268
263
280
249
239
229
206
181
198
197
187
155
190
124
141
126
109
120
105
78
96
74
67
57
71
58
60
62
57
53
40
38
41
36
27
25
34
37
29
47
29
28
31
32
20
36
22
18
21
25
16
18
21
17
21
22
28
29
18
20
25
22
13
16
25
16
32
27
12
21
18
21
23
30
19
19
20
14
21
19
18
20
18
16
13
23
9
20
11
17
26
14
10
19
14
17
24
15
11
18
23
18
24
20
12
14
10
18
12
17
17
19
18
20
15
18
19
17
10
13
20
15
21
16
12
15
15
21
10
16
15
13
19
11
14
17
20
14
17
16
14
19
19
$ROI:
43
143 193
144 194
424 531
429 529
440 544
440 545
440 549
443 544
443 553
490 516
604 1134
679 1395
690 1434
772 934
800 953
827 855
828 856
840 1946
849 1974
857 2002
872 900
880 1058
887 915
914 1083
1010 1038
1208 1258
1345 1375
1418 1448
2436 2526
3229 3279
3607 3645
6449 6521
6459 6531
6463 6535
6464 6536
6467 6539
6471 6543
6482 6526
6489 6513
6497 6521
12997 13047
12999 13049
13000 13050
