$SPEC_ID:
GAMWIN
$SPEC_REM:


$DETDESC:

$DATE_MEA:
10/27/2025 14:29:09
$MEAS_TIM:
144087.81 146298.38
$MCA_CAL:
3
1.32118272781372E+001 1.29107522964478E+000 0.00000000000000E+000
$DATA:
0 2047
0
0
0
0
0
0
0
0
0
0
0
0
0
0
0
0
0
0
0
0
0
0
0
0
0
0
0
0
0
0
0
0
0
0
0
5334
5357
5526
5861
6306
6575
6966
7161
7379
7457
7837
8297
8707
9666
10649
11724
12227
12210
12059
10860
10256
9396
8682
8411
8269
8072
8075
7835
7599
6912
6644
6121
5571
5009
4709
4533
4498
4177
4194
4196
4267
4059
4095
4062
4026
4064
3878
4004
4045
3986
4044
4155
4119
4285
4120
4264
4184
4198
4113
4127
4083
3853
4058
4087
4047
3923
3968
3942
4020
3876
3966
3813
3848
3823
3769
3668
3609
3609
3711
3587
3558
3522
3416
3384
3417
3375
3221
3432
3566
3606
3686
3824
3797
3905
3983
3939
3942
4015
3747
3635
3543
3437
3360
3380
3212
3307
3176
3275
3305
3395
3428
3329
3479
3361
3374
3399
3345
3158
3321
3261
3170
3343
3512
3681
3922
4232
4520
4969
5517
5923
6512
6686
7062
7111
7019
6723
6533
5970
5428
4912
4422
3875
3504
3123
2925
2734
2517
2458
2519
2448
2420
2447
2506
2513
2413
2401
2460
2528
2550
2504
2506
2507
2508
2407
2554
2469
2554
2663
2751
2742
2756
2959
3020
3020
2966
3080
2914
2886
2717
2602
2465
2335
2196
2089
1935
1902
1800
1867
1731
1759
1781
1801
1814
1866
1833
1955
1981
2118
2076
2238
2297
2272
2528
2536
2662
2690
2781
2878
2924
3152
3080
3208
3216
3158
3199
3234
3162
3003
2841
2704
2488
2381
2134
1883
1726
1631
1465
1407
1321
1235
1294
1237
1136
1144
1122
1146
1107
1173
1120
1128
1062
1027
1093
1145
1063
1022
1130
1119
1121
1101
1170
1034
1183
1067
1118
1153
1077
1074
1116
1053
990
1026
1059
967
964
973
974
974
897
962
908
955
917
963
905
898
912
890
936
889
886
925
932
941
913
929
1031
964
999
1002
953
967
991
1028
1006
988
1022
920
1010
930
955
948
950
865
926
878
872
932
873
895
834
812
898
828
865
848
897
897
918
889
1009
999
959
1055
1052
1092
1125
1149
1156
1104
1181
1161
1172
1145
1074
1093
996
1064
940
937
866
911
820
838
764
776
738
743
750
760
715
794
638
742
723
680
749
723
704
709
758
738
798
707
756
784
780
817
828
887
930
979
1032
1100
1172
1219
1224
1303
1373
1340
1403
1459
1414
1563
1505
1540
1538
1550
1551
1546
1522
1526
1450
1517
1461
1561
1507
1591
1623
1635
1625
1600
1593
1488
1546
1476
1464
1370
1309
1183
1179
1088
1066
993
855
846
799
774
767
679
625
628
648
627
626
589
625
576
635
607
609
619
564
619
614
571
602
624
595
566
586
593
607
591
580
580
610
588
567
570
602
547
558
560
583
570
580
562
580
544
574
562
552
573
556
550
609
562
626
588
553
599
588
623
595
588
610
574
627
606
633
619
626
652
655
659
657
649
698
660
664
711
668
608
655
672
628
661
584
579
572
606
579
594
638
592
600
552
594
649
565
620
636
639
629
587
581
604
624
612
583
662
630
621
619
597
620
618
600
617
597
604
627
628
623
597
583
559
594
611
592
553
570
548
533
506
518
544
560
523
523
516
463
492
541
497
521
468
499
515
544
497
533
521
522
538
501
526
569
510
493
541
527
570
521
575
550
547
567
599
616
580
576
582
590
589
623
618
646
653
632
641
675
633
583
624
600
618
601
584
591
602
608
549
610
607
584
619
637
654
679
696
697
696
742
769
732
797
793
827
874
812
824
859
857
778
820
774
833
738
723
731
759
680
756
656
608
646
616
635
589
609
555
578
581
580
563
625
645
584
585
636
655
631
671
630
651
752
698
715
694
652
718
703
705
719
707
739
691
654
613
640
646
587
607
574
577
596
491
512
510
503
478
498
469
476
440
480
460
436
434
469
435
411
393
456
443
378
414
375
449
434
422
423
380
409
385
430
412
414
455
440
425
424
467
413
375
410
430
433
440
413
435
414
432
423
444
410
439
392
433
457
464
397
410
462
396
440
428
468
467
438
436
466
463
421
422
397
471
446
424
434
463
487
453
469
505
508
490
503
461
466
509
527
542
503
536
524
564
548
558
583
591
587
549
581
579
569
615
580
592
562
568
555
538
517
545
461
527
552
502
528
500
538
490
510
524
460
527
444
502
476
507
451
484
486
490
466
478
434
485
475
444
450
456
449
474
452
474
458
479
472
486
481
457
461
488
427
436
472
461
466
413
436
480
484
476
456
421
445
471
477
521
460
451
441
437
461
479
464
462
493
470
457
470
456
470
482
455
441
433
434
437
441
434
450
427
407
390
420
419
421
412
394
346
347
355
343
353
332
311
295
303
317
295
295
295
283
266
264
293
270
274
260
241
270
238
245
264
221
240
228
220
231
245
253
219
223
225
237
218
232
233
221
196
196
208
212
224
202
204
219
201
217
197
193
191
213
196
184
200
187
196
212
187
191
171
173
173
188
187
196
186
191
202
186
180
203
206
193
208
201
201
182
227
197
199
221
182
202
218
231
238
230
201
238
209
218
227
230
206
235
229
221
227
237
241
248
244
250
256
299
254
265
301
287
255
296
281
315
300
323
339
344
356
416
426
430
497
555
518
614
626
690
730
770
825
907
1019
1140
1221
1246
1315
1426
1473
1642
1634
1802
1846
1904
1986
2118
2034
2118
2252
2188
2271
2253
2139
2107
2146
2091
1912
1933
1932
1741
1751
1628
1595
1450
1349
1240
1170
1101
1073
931
810
754
718
594
508
499
442
440
379
352
315
315
274
264
221
234
244
195
181
185
183
169
166
155
166
168
154
150
113
127
129
115
135
130
110
103
116
124
114
105
102
100
107
89
98
108
103
90
112
93
89
109
95
89
101
102
84
106
100
103
90
113
98
121
121
94
112
119
98
100
123
95
109
134
105
111
110
103
96
103
126
107
107
128
121
119
100
121
115
106
102
98
102
93
107
106
106
101
91
87
119
101
79
78
99
103
80
86
85
90
94
74
99
82
86
70
66
71
75
63
68
79
77
77
82
62
78
71
63
60
78
76
85
90
71
72
47
70
73
77
48
73
58
67
64
54
68
61
65
67
78
67
70
79
62
68
69
62
72
72
76
81
80
68
74
76
84
102
83
69
82
85
90
93
89
87
99
89
100
97
109
89
120
109
98
112
107
132
138
103
114
111
124
120
133
142
141
131
129
120
133
131
156
153
148
135
128
126
121
118
135
103
130
121
128
104
142
108
93
104
105
93
103
86
89
80
83
74
69
62
66
76
71
60
58
67
69
65
59
58
50
67
67
53
44
54
60
76
62
57
50
67
62
66
61
56
63
54
55
54
62
42
62
66
79
57
58
56
59
58
54
59
58
61
54
58
62
43
44
52
57
55
64
49
60
54
53
57
46
46
57
50
50
43
53
45
46
50
45
50
50
56
54
46
46
38
45
54
53
32
42
57
48
43
38
30
41
45
47
41
52
42
44
36
45
54
47
34
43
38
61
38
43
39
47
41
48
32
52
44
48
48
43
40
32
41
41
53
47
34
49
41
49
43
42
45
41
42
40
36
52
33
54
49
41
52
34
46
52
40
40
45
36
39
47
46
61
41
37
31
47
37
54
50
47
37
35
46
38
43
46
40
41
45
39
43
48
39
43
41
49
42
23
46
52
41
44
50
46
34
44
42
37
36
52
33
51
41
55
47
45
37
41
47
46
47
46
50
41
42
53
47
44
57
59
48
55
50
45
72
46
55
64
54
46
53
58
63
63
70
61
56
65
65
78
76
61
62
69
68
66
55
63
76
75
72
78
63
78
69
80
75
75
78
75
64
57
65
58
64
49
64
53
65
59
53
66
58
60
67
44
63
61
47
61
47
57
54
63
61
70
66
64
49
46
50
49
58
67
46
74
69
68
65
65
66
60
64
55
63
76
61
68
63
79
68
80
58
65
52
74
77
59
47
80
63
65
55
59
77
52
64
62
57
58
56
68
52
49
59
48
49
48
61
51
64
55
59
48
62
50
54
48
43
71
38
56
48
41
50
48
52
54
52
49
60
52
55
52
53
55
47
60
44
53
42
53
41
53
55
52
57
46
45
56
41
56
60
45
42
58
47
56
46
45
37
46
48
53
49
59
51
48
57
44
48
39
54
50
47
69
56
48
64
31
62
56
51
53
58
55
62
29
44
46
47
51
48
51
50
46
45
50
46
48
44
49
40
44
37
40
54
42
35
49
37
46
44
36
48
33
45
33
34
29
35
43
46
43
40
35
29
41
29
30
47
39
44
39
45
40
34
38
35
40
43
37
42
39
33
32
45
37
26
38
41
45
35
39
27
40
38
35
40
35
38
37
45
35
43
47
33
40
23
37
30
36
26
40
39
31
37
35
24
33
29
30
37
33
24
25
34
33
42
36
23
27
28
30
30
27
32
42
36
20
29
30
31
23
20
32
25
28
22
28
24
27
33
30
31
32
29
40
33
38
32
27
24
24
29
29
29
38
25
31
26
39
37
37
43
31
34
35
41
44
54
42
57
45
52
54
63
70
43
65
65
54
72
80
84
86
68
98
84
92
83
86
84
101
104
97
121
94
135
109
153
119
128
128
136
118
123
119
127
125
130
111
123
141
135
138
153
109
122
109
111
106
101
92
107
90
69
103
73
80
63
82
69
73
50
62
48
46
44
47
37
50
48
36
46
36
35
34
30
30
32
35
29
26
40
37
25
30
25
29
22
25
29
27
25
20
28
29
30
31
21
30
14
28
29
36
20
13
23
28
24
32
29
24
26
22
41
18
32
31
22
31
20
20
23
24
19
28
30
17
20
18
26
30
19
22
27
19
25
25
33
22
18
26
24
32
28
21
19
21
35
20
14
22
31
31
19
23
28
25
18
28
24
19
24
22
27
23
31
24
25
27
28
25
22
21
20
25
25
22
16
26
$ROI:
43
143 193
144 194
424 531
429 529
440 544
440 545
440 549
443 544
443 553
490 516
604 1134
679 1395
690 1434
772 934
800 953
827 855
828 856
840 1946
849 1974
857 2002
872 900
880 1058
887 915
914 1083
1010 1038
1208 1258
1345 1375
1418 1448
2436 2526
3229 3279
3607 3645
6449 6521
6459 6531
6463 6535
6464 6536
6467 6539
6471 6543
6482 6526
6489 6513
6497 6521
12997 13047
12999 13049
13000 13050
