$SPEC_ID:
GAMWIN
$SPEC_REM:


$DETDESC:

$DATE_MEA:
05/12/2025 14:32:38
$MEAS_TIM:
66356.67 66467.57
$MCA_CAL:
3
1.32118272781372E+001 1.29107522964478E+000 0.00000000000000E+000
$DATA:
0 2047
0
0
0
0
0
0
0
0
0
0
0
0
0
0
0
0
0
0
0
0
0
2463
2036
1982
1867
1863
1884
1892
1995
2046
2037
2017
2009
1920
1819
1771
1769
1839
1842
2132
2211
2362
2527
2657
2870
2882
2916
3163
3453
3932
4358
4753
4796
4680
4396
4277
3784
3423
3318
3157
3171
3097
3112
3015
2684
2638
2461
2301
1991
1912
1753
1720
1663
1608
1592
1632
1588
1631
1635
1593
1666
1614
1550
1607
1559
1693
1626
1591
1683
1615
1678
1645
1684
1630
1752
1674
1732
1687
1712
1698
1746
1693
1743
1798
1716
1723
1654
1712
1705
1583
1728
1669
1626
1653
1575
1549
1512
1540
1462
1554
1538
1558
1595
1562
1631
1639
1647
1748
1798
1785
1998
1855
1901
1853
1664
1720
1641
1518
1423
1401
1448
1373
1391
1424
1321
1270
1308
1348
1345
1287
1294
1251
1306
1295
1214
1269
1220
1233
1266
1319
1392
1481
1592
1736
1829
1859
2121
2253
2346
2297
2359
2268
2210
2023
1892
1680
1589
1455
1373
1228
1218
1125
1034
1043
986
980
952
1020
980
941
988
982
1002
1029
1023
1022
1030
1014
1040
1075
1097
1159
1231
1270
1352
1435
1547
1623
1624
1685
1645
1688
1604
1580
1417
1366
1246
1125
1042
966
851
793
767
707
684
664
621
683
742
680
678
711
737
699
766
783
834
828
917
1008
1094
1151
1292
1394
1504
1564
1789
1858
1952
2040
2034
2019
2018
2038
1892
1686
1593
1396
1282
1136
924
852
774
659
610
531
523
519
515
499
456
427
472
437
476
448
450
400
414
451
452
451
431
400
422
415
425
406
446
424
437
419
457
427
432
394
399
388
379
369
409
385
360
363
353
379
356
333
331
339
354
329
367
317
322
354
330
308
324
326
314
338
336
315
340
338
348
334
337
341
326
371
331
326
339
371
339
305
313
349
319
352
312
332
332
310
325
321
338
313
343
348
332
326
297
305
346
344
342
339
362
348
365
383
435
400
391
400
354
428
385
364
367
361
333
339
326
307
318
324
282
278
292
275
275
269
254
260
271
274
257
248
257
251
254
263
266
244
263
223
280
265
267
248
269
278
296
258
296
323
322
370
345
369
399
389
416
399
430
460
516
470
473
525
539
542
588
615
734
683
733
793
824
875
901
942
1022
1024
1069
1024
992
975
962
959
875
890
757
713
701
620
555
499
476
391
379
323
321
291
264
247
257
213
218
213
202
211
187
197
198
205
204
206
214
191
202
194
189
222
212
227
207
192
212
208
202
206
199
222
194
185
184
187
188
186
196
185
200
195
163
184
191
204
200
182
199
174
185
209
208
183
187
219
194
182
190
196
213
194
211
188
212
235
191
203
222
207
202
190
222
213
202
221
192
185
185
207
194
196
228
197
176
217
168
195
224
202
207
219
234
241
252
249
215
227
261
229
232
267
263
234
231
253
229
251
258
235
240
254
220
197
190
223
212
197
200
201
199
193
213
197
207
201
196
185
201
170
185
204
187
176
175
204
179
165
159
162
162
183
169
140
183
164
166
183
163
186
164
200
189
153
171
159
161
187
168
165
150
183
147
169
157
149
163
144
163
162
170
156
156
155
150
148
145
135
171
136
157
131
149
157
181
137
167
163
167
156
153
156
158
169
161
173
200
197
188
216
210
212
212
212
223
209
202
231
210
223
198
232
196
185
173
198
177
222
202
188
192
165
192
176
194
189
178
188
163
188
146
181
162
167
185
176
180
197
180
180
180
148
158
177
182
189
180
178
165
187
181
172
177
178
134
183
180
182
133
155
164
140
128
137
150
148
127
137
119
145
121
142
134
152
125
119
124
118
116
129
121
107
124
102
113
115
115
120
123
117
113
124
118
126
116
134
122
119
108
107
122
130
142
122
95
110
105
90
109
112
103
120
125
115
108
116
116
106
132
133
126
104
131
104
125
110
122
108
102
117
122
103
137
117
117
136
123
129
150
132
148
145
169
153
154
153
155
180
179
199
196
200
215
223
210
203
238
217
216
253
241
209
234
258
235
188
224
218
216
197
193
176
190
162
170
174
174
145
149
135
150
143
134
143
135
134
123
124
129
128
123
116
123
101
112
119
118
126
98
119
103
114
108
114
113
106
100
125
117
92
117
98
108
115
96
107
119
106
112
114
119
97
111
106
111
100
112
104
107
111
119
105
141
115
122
121
117
114
115
105
130
117
124
131
141
122
114
136
135
128
111
135
145
127
131
122
112
140
122
130
112
115
107
111
123
104
109
96
88
89
115
96
81
89
101
89
84
101
96
90
84
87
72
73
85
66
71
72
97
68
84
71
73
76
82
61
87
67
57
75
65
67
62
75
58
75
56
60
63
61
60
72
78
55
60
61
65
68
62
72
54
59
62
71
61
69
63
70
65
55
62
68
75
78
73
66
75
88
85
72
78
76
92
84
84
117
77
100
107
110
82
105
97
105
102
112
90
102
78
111
101
91
106
97
92
102
104
93
95
109
80
96
102
103
103
104
86
91
89
95
93
92
92
93
96
113
123
119
114
132
148
126
146
138
159
165
179
183
203
209
208
231
237
252
242
268
270
255
284
300
291
317
313
315
303
332
312
291
275
288
246
279
256
238
215
230
195
200
190
186
181
166
148
125
114
119
117
103
118
102
80
88
90
86
88
66
75
78
79
60
69
67
59
67
73
63
78
78
74
52
69
58
69
54
59
57
63
53
55
56
53
57
69
51
60
44
49
42
54
39
36
60
53
39
49
44
51
48
54
42
38
55
51
45
51
43
62
49
50
63
35
37
50
47
60
52
52
57
47
48
46
55
55
46
44
48
50
41
47
40
46
48
46
39
43
47
52
37
38
33
40
31
32
41
46
49
34
32
35
41
42
37
37
38
26
43
30
39
40
32
31
39
31
38
48
30
43
39
36
33
23
29
32
37
39
31
32
38
40
42
35
39
39
35
37
26
30
34
35
39
32
40
32
34
33
44
50
27
33
45
44
40
50
44
36
54
32
39
58
40
40
48
53
52
52
42
63
51
70
56
57
70
70
70
61
67
70
64
77
68
79
74
91
69
81
93
86
83
89
84
88
79
112
95
106
98
101
105
97
98
86
102
95
97
96
89
74
71
68
84
74
69
76
54
70
53
66
60
55
57
36
59
58
37
47
45
41
41
46
27
33
28
43
42
33
35
34
40
26
39
38
42
29
31
37
29
49
36
29
28
36
32
29
36
34
32
31
47
31
38
34
25
40
37
31
33
27
40
31
19
35
27
29
21
24
39
36
32
15
20
16
38
22
34
28
26
25
30
29
23
32
15
21
22
25
22
21
18
28
28
22
20
18
24
27
20
15
18
22
21
22
22
21
26
22
30
20
23
24
22
21
27
27
22
22
18
14
29
19
26
25
13
26
29
23
25
27
24
23
27
16
16
21
22
16
14
23
19
23
21
23
19
20
22
10
26
18
21
21
25
21
13
24
18
20
18
20
24
15
20
21
22
20
24
25
22
17
26
21
15
18
19
14
20
13
23
16
26
26
21
15
19
29
16
19
21
21
24
16
14
34
18
23
23
17
18
30
14
23
15
17
19
17
15
12
18
25
11
16
32
28
19
20
17
12
17
24
16
23
20
19
14
25
26
20
21
24
18
17
19
24
15
29
16
20
35
27
28
32
25
22
25
16
40
38
21
30
32
25
26
20
26
27
25
29
23
24
14
19
21
24
20
20
20
29
24
24
12
18
21
14
20
21
18
24
16
23
23
21
18
17
23
24
19
30
25
8
14
24
19
23
22
20
28
24
25
21
39
34
26
28
23
35
32
33
27
37
36
39
36
30
24
30
35
28
32
39
35
35
29
26
27
36
27
31
30
23
26
33
23
22
26
26
31
28
20
23
15
34
21
18
18
33
20
26
25
32
20
19
21
18
24
19
23
24
21
27
24
17
17
20
22
17
18
13
11
16
16
11
12
17
19
12
16
15
14
17
19
15
21
11
23
20
20
17
12
25
16
16
21
16
15
19
9
21
16
15
18
14
8
22
20
17
19
17
15
8
19
19
16
17
16
17
9
14
12
10
20
23
23
15
13
14
14
15
20
10
12
13
14
18
26
12
17
11
23
13
12
16
16
12
11
12
22
10
9
12
12
16
14
13
18
5
21
15
18
14
16
12
18
14
20
14
12
9
18
15
14
19
13
18
12
15
13
13
14
13
14
21
15
10
21
8
15
20
16
14
17
19
13
13
12
17
10
16
19
16
20
25
14
22
15
13
21
15
14
20
20
11
10
16
14
20
18
14
13
10
7
10
11
11
14
13
9
9
16
11
12
15
15
15
16
11
14
13
8
10
13
4
10
15
8
11
12
12
12
12
10
9
10
8
14
10
12
8
6
6
5
12
7
11
6
14
19
12
11
10
9
13
17
12
13
11
15
12
12
20
20
13
12
23
14
18
12
20
16
21
22
28
18
15
21
23
14
17
23
23
22
24
25
29
27
25
29
28
26
25
34
41
32
32
37
39
41
50
40
41
29
38
33
32
32
23
26
39
35
46
28
29
23
33
30
29
25
16
21
19
15
29
28
27
23
13
10
18
8
13
17
8
9
13
13
16
9
9
14
14
16
6
14
7
13
14
12
4
10
6
10
9
16
9
3
8
13
3
6
10
6
11
13
10
8
13
11
15
8
10
11
13
12
14
12
4
9
7
6
9
8
16
10
7
8
6
16
12
12
11
8
10
10
9
12
9
5
8
6
8
8
10
7
8
9
13
9
11
10
15
12
12
10
10
13
9
8
17
9
14
12
4
16
2
12
$ROI:
42
143 193
144 194
424 531
429 529
440 544
440 545
440 549
443 544
443 553
490 516
604 1134
679 1395
772 934
800 953
827 855
828 856
840 1946
849 1974
857 2002
872 900
880 1058
887 915
914 1083
1010 1038
1208 1258
1345 1375
1418 1448
2436 2526
3229 3279
3607 3645
6449 6521
6459 6531
6463 6535
6464 6536
6467 6539
6471 6543
6482 6526
6489 6513
6497 6521
12997 13047
12999 13049
13000 13050
