$SPEC_ID:
GAMWIN
$SPEC_REM:


$DETDESC:

$DATE_MEA:
04/04/2025 07:23:51
$MEAS_TIM:
27404.46 27459.72
$MCA_CAL:
3
1.32118272781372E+001 1.29107522964478E+000 0.00000000000000E+000
$DATA:
0 2047
0
0
0
0
0
0
0
0
0
0
0
0
0
0
0
0
0
0
0
0
0
1673
1442
1399
1363
1363
1432
1509
1421
1464
1423
1480
1370
1439
1303
1376
1357
1441
1582
1572
1723
1705
1786
1896
1878
1933
2003
2185
2296
2408
2675
2812
2909
2656
2559
2473
2238
2080
2019
2038
2015
1911
1867
1819
1753
1695
1605
1479
1374
1238
1224
1259
1222
1187
1145
1165
1159
1155
1194
1157
1164
1077
1165
1120
1190
1089
1146
1127
1162
1238
1175
1173
1153
1171
1186
1137
1077
1073
1145
1123
1090
1144
1085
1089
1116
1111
1036
1050
1038
1031
1004
990
1029
1031
977
1010
968
947
915
931
950
946
918
935
956
956
940
942
1036
985
1054
991
1026
915
949
907
940
906
877
863
843
846
873
791
871
851
885
833
935
858
834
838
840
863
822
816
794
895
905
931
1012
1038
1089
1271
1268
1502
1487
1568
1654
1686
1576
1527
1405
1336
1224
1142
1011
947
851
768
715
707
670
699
673
677
629
649
663
656
648
676
627
667
633
639
654
652
617
625
697
636
665
695
726
685
716
739
704
759
765
755
704
715
693
616
561
621
559
546
523
491
472
483
456
439
480
453
445
511
470
468
497
505
527
562
525
554
598
571
659
628
699
727
722
753
784
811
763
817
728
727
712
686
654
629
598
575
529
433
452
409
372
356
359
311
341
329
283
277
313
303
313
282
306
283
302
283
275
305
278
293
301
298
299
281
280
274
272
257
306
302
300
275
283
265
265
257
248
267
299
260
260
245
235
247
253
261
266
270
249
227
231
245
246
250
254
239
252
253
270
248
212
227
249
263
254
257
288
283
236
256
233
252
250
224
255
268
250
217
240
228
243
209
203
224
248
208
210
217
225
272
226
225
242
227
201
247
231
274
300
255
254
286
274
280
301
296
277
255
281
270
249
253
230
242
226
216
192
198
210
191
196
181
178
191
203
210
183
188
203
193
193
223
205
179
227
180
196
184
192
212
204
214
208
228
223
223
239
292
267
298
308
284
301
300
336
344
367
333
344
332
347
352
364
357
344
393
381
323
353
373
390
378
344
350
390
419
392
380
376
353
384
353
318
317
270
276
265
255
243
209
233
223
190
170
194
139
161
165
168
175
156
162
157
178
137
163
137
160
167
164
143
167
140
151
171
148
169
159
159
155
152
157
147
152
160
144
164
147
144
149
153
146
144
143
131
145
148
131
133
161
171
140
149
149
159
173
177
160
164
143
148
167
156
146
140
173
162
157
180
159
178
154
167
191
174
153
199
167
190
153
164
150
142
161
168
148
165
154
150
151
147
153
180
141
170
177
167
167
147
164
159
153
170
182
163
159
164
148
156
158
166
175
156
143
148
155
156
167
167
150
136
162
162
143
171
130
123
141
155
135
130
131
153
145
133
144
131
128
133
149
131
125
128
126
135
153
137
123
139
139
122
142
131
129
131
150
141
123
134
125
129
147
142
124
122
123
145
125
137
126
136
121
118
131
138
112
135
123
144
138
138
139
143
157
127
124
149
141
143
133
134
154
137
151
150
152
165
193
166
172
201
173
173
194
187
201
188
186
198
186
203
180
216
186
194
191
172
163
187
186
201
164
162
176
178
176
130
155
186
136
157
157
148
169
168
149
167
164
153
168
170
176
187
187
181
203
184
198
197
185
167
162
178
171
208
188
152
160
184
168
153
158
145
144
136
127
143
131
123
125
131
149
139
131
117
124
122
140
119
140
136
110
138
121
112
91
113
120
138
123
127
131
118
133
142
119
127
134
119
147
109
123
138
125
112
102
121
132
121
139
131
128
124
125
119
139
133
132
125
128
115
129
107
136
127
135
124
130
127
133
130
154
120
118
135
114
134
130
128
124
136
169
139
114
146
165
126
148
154
137
153
156
171
157
143
124
173
157
154
162
152
159
192
160
151
139
165
176
163
164
182
185
161
147
153
159
168
136
144
144
141
151
140
149
149
142
122
141
149
151
142
133
141
155
147
143
153
139
147
131
159
133
141
150
151
136
142
148
175
124
148
149
148
132
111
147
133
124
131
134
118
141
157
136
141
127
146
139
138
136
143
159
150
134
145
140
123
124
128
150
142
148
133
149
143
134
177
140
136
120
137
112
114
119
130
120
123
104
111
106
90
86
110
95
91
77
106
91
73
80
100
79
79
84
85
83
93
76
91
67
68
64
70
63
72
78
60
68
61
51
60
56
55
60
67
55
50
60
57
52
66
42
41
64
54
42
51
54
45
58
46
46
40
58
62
41
39
39
46
63
36
42
46
61
55
44
49
48
48
41
53
52
54
48
59
50
49
40
59
47
53
47
46
49
40
52
49
50
53
44
43
55
44
47
49
58
44
57
46
53
50
78
51
56
75
52
56
51
44
61
68
51
57
75
64
79
85
73
92
83
78
100
90
116
125
150
133
158
180
182
209
205
226
273
292
307
373
400
399
409
459
518
485
540
551
588
647
670
697
729
661
741
698
728
733
750
726
682
750
696
679
653
635
626
564
540
501
462
441
410
388
342
342
287
290
253
240
218
171
147
140
142
96
105
100
84
73
66
54
54
47
50
48
40
51
31
29
41
38
34
24
29
32
23
21
23
27
23
17
31
23
21
15
20
19
26
18
28
25
14
21
20
20
22
24
21
27
24
21
21
16
17
16
19
27
28
17
26
23
17
23
22
17
20
24
20
28
23
36
29
19
26
19
23
26
26
25
22
18
25
30
30
18
25
29
22
21
17
25
16
20
24
15
38
18
22
21
17
18
16
27
22
29
13
20
14
19
24
26
14
12
25
18
18
21
22
16
16
21
17
12
17
20
13
13
20
16
17
19
14
13
12
12
13
11
18
8
21
10
17
13
19
12
21
16
22
19
13
11
13
21
10
22
18
17
17
15
14
18
19
21
16
15
18
24
16
19
22
10
20
27
23
24
21
20
19
30
14
25
26
22
25
20
25
28
27
18
31
20
29
31
35
26
30
31
45
34
41
48
20
36
26
29
26
28
31
21
24
32
29
33
17
18
23
27
28
14
23
23
26
19
19
13
8
16
18
16
10
8
13
15
15
12
9
15
8
13
9
11
15
12
13
15
16
11
16
10
12
17
11
13
16
18
9
13
8
16
10
13
18
17
22
11
19
14
21
12
14
8
11
14
8
9
14
10
10
10
19
12
15
19
15
11
10
15
9
16
10
18
19
11
10
9
10
13
12
8
11
15
8
7
13
11
7
12
11
15
8
16
14
14
5
13
8
17
11
9
12
13
9
7
13
9
3
7
5
15
16
22
8
9
9
8
7
8
11
9
11
9
6
7
14
7
8
10
20
11
9
9
11
9
6
10
11
10
18
5
8
8
6
9
12
9
9
5
17
6
7
6
8
8
16
7
7
4
10
6
8
10
10
5
10
10
9
8
13
14
11
9
7
11
9
11
14
12
9
9
5
12
12
9
7
10
10
8
13
12
11
11
10
9
9
6
8
10
11
9
16
9
9
9
6
15
7
10
11
7
11
13
11
10
12
8
16
17
10
20
10
12
11
22
11
9
14
11
12
14
15
13
17
14
19
18
13
17
14
14
12
10
13
21
12
13
10
16
6
18
6
11
12
15
14
11
12
14
17
8
7
12
11
10
9
9
11
10
11
15
11
6
16
13
11
12
8
15
15
11
8
6
12
11
11
12
11
16
3
10
17
14
9
13
16
10
14
20
11
10
14
14
15
8
2
12
21
15
14
16
10
13
13
11
8
13
16
15
25
12
20
12
13
13
9
11
10
16
12
9
10
12
11
12
7
5
8
10
9
7
9
8
8
17
11
12
8
13
10
10
7
13
10
8
11
12
10
13
7
8
7
6
6
8
8
10
9
12
9
13
14
7
6
12
11
6
12
14
8
16
11
15
5
10
12
11
8
10
7
13
5
9
11
10
7
13
10
12
6
6
8
8
9
13
8
10
4
11
11
9
7
11
7
10
6
9
10
9
10
8
9
12
12
12
11
11
10
8
11
6
6
11
4
5
14
5
9
9
10
9
8
3
9
13
10
9
10
13
8
11
6
6
5
10
9
5
11
4
14
10
8
7
9
11
9
10
7
9
10
9
4
2
10
9
6
8
8
6
8
5
10
7
6
9
5
11
4
11
4
5
9
7
7
7
7
2
4
7
6
9
5
5
3
10
6
5
5
10
7
3
7
7
5
5
5
7
6
10
6
11
4
4
8
6
4
11
2
6
6
8
4
6
9
3
3
3
4
3
10
8
7
3
7
6
9
10
7
7
7
5
6
6
6
2
7
9
3
7
4
7
8
6
6
4
10
7
5
12
5
14
6
8
15
11
7
5
5
11
11
12
17
16
17
21
17
14
11
15
19
21
21
18
19
17
21
25
24
21
26
28
25
24
36
27
23
24
42
30
27
29
31
30
18
28
26
27
26
25
26
24
19
19
14
16
20
18
13
15
20
13
21
20
15
10
9
11
8
9
10
7
10
5
9
10
5
7
8
10
6
4
8
8
5
2
3
4
7
7
6
6
4
11
3
7
8
6
5
6
8
8
3
5
6
7
5
8
2
3
4
5
3
4
6
8
2
7
8
7
7
3
3
7
4
4
6
4
3
4
2
2
3
6
8
3
3
4
8
3
6
5
5
4
5
2
6
4
4
2
5
3
0
1
11
3
4
9
3
5
2
3
4
4
6
0
4
5
6
5
6
$ROI:
39
424 531
429 529
440 544
440 545
440 549
443 544
443 553
490 516
679 1395
772 934
800 953
827 855
828 856
840 1946
849 1974
857 2002
872 900
880 1058
887 915
914 1083
1010 1038
1208 1258
1345 1375
1418 1448
2436 2526
3229 3279
3607 3645
6449 6521
6459 6531
6463 6535
6464 6536
6467 6539
6471 6543
6482 6526
6489 6513
6497 6521
12997 13047
12999 13049
13000 13050
