$SPEC_ID:
GAMWIN
$SPEC_REM:


$DETDESC:

$DATE_MEA:
11/04/2025 07:09:06
$MEAS_TIM:
27285.57 28031.22
$MCA_CAL:
3
1.32118272781372E+001 1.29107522964478E+000 0.00000000000000E+000
$DATA:
0 2047
0
0
0
0
0
0
0
0
0
0
0
0
0
0
0
0
0
0
0
0
0
0
0
0
0
0
0
0
0
0
0
0
0
0
0
2318
2433
2637
2739
2959
3286
3533
3577
4030
4051
4298
4623
5310
6056
6921
7812
8247
8318
7835
7219
6384
5634
5210
4937
4894
4829
4587
4571
4302
3920
3443
3146
2785
2419
2215
2076
1982
1899
1924
1827
1868
1816
1793
1788
1728
1719
1652
1750
1772
1771
1878
1871
1764
1877
1931
1908
1856
1925
1916
1873
1944
1837
1905
1884
1848
1845
1859
1848
1909
1918
1863
1869
1903
1789
1767
1698
1790
1716
1694
1696
1652
1545
1611
1605
1582
1658
1653
1663
1751
1808
1838
1959
1968
2060
2103
2113
2049
1980
1944
1956
1775
1676
1698
1702
1608
1719
1556
1648
1640
1746
1725
1687
1650
1686
1643
1639
1553
1542
1538
1585
1639
1675
1743
1946
2203
2576
2823
3259
3714
4063
4366
4678
4787
4735
4682
4506
4013
3803
3330
2736
2467
2096
1781
1533
1377
1308
1170
1102
1052
1155
1232
1182
1228
1183
1197
1265
1322
1247
1247
1244
1233
1230
1265
1264
1337
1402
1536
1607
1601
1738
1823
1960
2080
1961
1952
1943
1852
1689
1596
1454
1366
1210
1058
1047
936
885
842
809
801
861
809
826
843
958
982
1056
1096
1140
1216
1300
1355
1471
1605
1679
1769
1803
1923
2019
2188
2199
2246
2344
2424
2402
2385
2261
2249
2004
1866
1711
1542
1406
1243
1067
918
839
772
676
598
546
541
543
513
488
518
520
515
476
516
485
494
498
485
483
507
518
474
484
523
528
512
518
533
530
517
516
506
507
524
453
489
451
445
444
422
458
408
394
399
415
398
398
331
361
380
405
370
382
392
417
411
393
382
374
420
437
417
436
402
453
545
489
461
511
474
459
485
466
439
439
405
413
414
393
405
409
360
356
387
377
378
352
356
348
364
354
409
401
433
415
422
429
456
498
543
530
525
516
552
506
561
506
494
497
502
449
448
402
401
388
410
338
358
351
330
336
317
322
317
296
280
280
299
322
295
312
345
303
322
320
319
338
343
403
398
415
436
458
491
555
571
595
607
731
734
736
854
860
942
894
878
942
959
909
962
1018
995
1007
989
1026
951
1034
1116
1059
1119
1145
1169
1156
1201
1189
1203
1140
1093
1122
1045
1028
974
925
813
692
674
533
565
491
425
388
369
357
293
315
271
260
268
246
278
235
226
261
223
244
227
245
235
253
265
257
240
249
235
247
231
235
253
267
222
235
250
225
214
228
243
233
218
249
242
250
224
221
222
213
225
231
224
219
246
222
221
226
231
241
223
279
241
259
263
280
264
316
279
315
291
349
303
306
307
287
333
293
302
296
299
320
266
285
291
278
279
236
272
231
265
240
242
275
260
273
274
270
308
289
256
302
294
311
283
295
301
299
299
319
320
293
301
264
269
290
309
276
296
277
265
287
263
262
265
264
225
246
236
254
254
210
213
228
204
225
183
189
207
191
190
196
180
174
190
181
207
191
215
205
196
221
206
211
206
198
196
181
248
217
201
238
184
213
217
232
222
228
212
220
202
231
228
249
234
217
251
211
206
211
219
252
222
217
198
208
211
217
240
211
228
231
226
269
266
273
276
282
311
351
317
349
374
368
443
437
409
440
488
412
461
455
466
429
446
447
401
371
372
352
335
339
316
316
285
280
261
243
237
232
222
216
227
209
249
254
222
238
265
239
237
310
301
337
320
299
332
344
344
321
337
325
343
303
335
353
313
294
336
275
240
256
263
263
232
191
193
188
186
172
148
171
160
148
145
149
118
124
114
134
119
119
122
115
115
126
124
134
115
99
110
109
105
102
140
119
115
127
116
87
119
117
97
121
114
100
99
100
134
106
141
97
124
117
114
119
107
121
113
127
128
126
114
112
127
120
105
132
128
142
133
126
112
114
113
122
125
134
132
107
144
135
152
156
161
149
169
177
169
188
185
173
175
207
204
216
222
232
239
246
225
207
221
242
220
230
245
215
206
219
191
224
202
174
198
186
175
186
159
175
165
151
156
171
130
140
119
126
141
150
112
123
149
143
133
107
112
118
98
105
103
134
112
118
109
109
94
112
102
102
92
117
109
104
101
93
99
101
105
123
107
114
113
114
98
135
112
97
132
113
108
129
114
120
133
124
121
125
112
144
121
117
118
158
158
120
118
137
137
147
147
131
137
133
137
139
155
130
118
114
100
119
113
96
139
100
93
89
108
103
101
86
96
100
93
119
87
82
95
94
78
93
90
68
85
81
76
76
71
73
74
82
70
70
62
83
61
70
67
72
73
81
71
66
72
68
71
70
61
72
64
67
66
59
60
56
65
82
72
63
64
70
96
70
71
69
65
64
60
89
49
69
65
77
79
84
93
90
98
95
98
101
98
105
94
104
96
80
95
102
118
108
104
107
91
105
86
129
121
101
116
114
118
110
114
95
95
92
105
109
98
99
95
94
104
96
129
105
101
92
98
97
98
110
99
121
128
137
124
129
138
135
156
183
168
176
172
193
223
195
233
247
254
263
257
286
282
272
290
275
297
251
316
294
270
323
289
262
272
245
274
240
204
242
219
230
210
193
180
166
164
144
142
130
120
155
123
112
100
100
115
97
94
90
82
88
85
79
71
74
72
81
71
76
77
73
64
56
70
62
70
68
61
65
67
66
63
64
58
47
55
57
55
56
48
52
45
49
58
58
48
50
60
51
56
47
52
61
56
37
61
57
56
50
68
50
70
69
63
62
69
46
71
61
71
71
66
65
59
67
52
63
70
76
75
65
65
63
67
63
72
52
65
65
63
45
59
64
57
59
61
66
53
53
48
50
44
49
64
51
43
67
64
57
59
52
48
39
49
54
40
46
45
46
45
37
45
47
50
42
47
30
33
28
29
40
39
40
36
36
41
44
37
41
32
48
35
43
37
36
35
33
51
44
35
34
56
46
49
44
40
52
53
38
43
51
51
53
45
51
46
54
47
69
50
52
56
59
63
57
61
62
64
75
61
90
78
75
84
76
80
88
84
82
82
94
99
119
109
102
123
99
95
113
116
105
120
97
109
97
96
109
97
96
97
80
95
85
73
74
59
58
75
56
54
49
57
45
40
46
54
40
39
39
42
32
22
31
38
30
28
24
39
29
35
34
40
39
22
35
35
40
32
39
37
41
49
33
41
44
33
49
40
41
42
47
47
36
38
42
30
36
32
38
38
34
43
39
38
32
32
42
26
26
31
35
32
34
18
33
30
30
27
41
32
25
27
28
30
35
34
33
24
27
20
27
26
21
33
25
26
28
22
22
22
25
24
26
24
23
25
19
32
26
21
29
22
25
28
17
21
33
31
16
26
20
23
17
29
26
24
21
25
15
24
15
19
17
28
20
23
18
24
31
26
25
15
16
22
31
20
15
13
25
20
26
25
18
21
18
24
15
25
12
21
21
23
20
27
18
21
28
22
22
27
16
24
24
24
15
20
21
21
18
22
24
25
13
23
22
24
29
24
15
16
16
17
28
29
17
28
18
17
18
19
17
24
20
24
30
23
22
13
17
30
26
33
19
28
41
27
31
26
33
22
31
33
30
26
27
31
47
34
46
30
34
41
38
42
34
42
37
37
40
53
36
40
49
40
42
46
39
54
45
52
35
35
50
49
37
41
41
30
41
29
45
28
30
42
31
41
28
32
32
33
29
37
32
32
23
31
28
34
23
40
25
43
29
29
28
26
37
21
37
36
30
36
36
38
40
32
38
28
31
34
45
26
34
43
40
37
44
44
44
31
37
43
38
41
40
35
31
37
43
31
45
38
52
38
28
33
36
38
31
29
42
27
32
41
26
24
20
27
33
33
35
27
29
26
26
25
39
34
29
32
29
34
29
37
23
31
16
30
26
32
23
22
39
32
32
22
27
19
22
23
16
20
28
24
27
25
20
27
32
28
23
36
28
27
34
22
28
26
24
24
26
26
15
24
22
23
21
33
30
21
30
28
32
29
20
26
21
36
33
18
28
20
21
15
24
20
30
17
21
22
22
22
19
25
34
21
24
27
23
26
20
21
22
26
21
23
23
14
15
24
27
27
14
18
15
19
27
19
20
25
12
20
30
17
14
17
14
17
25
20
18
16
24
15
19
17
23
12
19
18
21
20
16
15
21
13
15
13
12
18
13
21
15
19
14
21
13
14
15
26
23
15
15
12
12
16
10
15
11
13
7
10
11
9
16
10
17
10
15
8
13
10
12
19
10
16
14
9
8
8
12
10
9
9
8
12
13
7
4
11
9
11
13
11
8
7
13
11
14
12
14
12
7
15
14
9
11
10
6
16
6
9
14
12
13
17
12
11
14
17
19
14
16
19
20
14
16
16
18
19
20
26
25
21
30
19
27
30
35
33
37
46
36
40
47
53
57
54
43
55
53
59
57
83
53
66
80
71
82
74
79
98
85
91
85
69
101
88
84
89
88
81
73
76
70
74
81
72
54
68
72
75
55
57
55
49
50
64
42
37
38
42
40
33
31
35
27
29
19
15
24
16
8
12
18
18
13
14
6
16
14
11
10
7
6
11
13
11
9
18
10
7
6
13
5
4
11
6
13
7
7
10
9
7
4
5
3
5
9
4
8
10
7
4
7
8
7
8
11
2
4
2
9
12
4
8
4
12
5
5
7
7
7
2
3
5
8
8
1
11
2
6
4
10
6
6
5
8
2
5
6
6
2
7
7
8
11
2
9
11
10
4
7
6
9
6
9
6
7
5
7
8
6
8
4
4
5
5
5
10
6
9
15
11
11
9
5
2
$ROI:
43
143 193
144 194
424 531
429 529
440 544
440 545
440 549
443 544
443 553
490 516
604 1134
679 1395
690 1434
772 934
800 953
827 855
828 856
840 1946
849 1974
857 2002
872 900
880 1058
887 915
914 1083
1010 1038
1208 1258
1345 1375
1418 1448
2436 2526
3229 3279
3607 3645
6449 6521
6459 6531
6463 6535
6464 6536
6467 6539
6471 6543
6482 6526
6489 6513
6497 6521
12997 13047
12999 13049
13000 13050
