$SPEC_ID:
GAMWIN
$SPEC_REM:


$DETDESC:

$DATE_MEA:
10/31/2025 06:42:35
$MEAS_TIM:
26624.47 27425.47
$MCA_CAL:
3
1.32118272781372E+001 1.29107522964478E+000 0.00000000000000E+000
$DATA:
0 2047
0
0
0
0
0
0
0
0
0
0
0
0
0
0
0
0
0
0
0
0
0
0
0
0
0
0
0
0
0
0
0
0
0
0
0
2559
2766
2805
3029
3241
3559
3809
3980
4146
4313
4560
4972
5555
6388
7292
8070
8756
8675
8379
7564
6794
5979
5438
5501
5359
5078
4950
4887
4469
4121
3745
3453
2917
2556
2460
2250
2217
2097
2091
2068
1953
1992
2011
1970
2025
2019
1939
1970
2015
1965
1930
2060
2118
2107
2114
2133
2191
2210
2193
2123
2085
2125
2058
2137
2074
2137
2058
2101
2062
2068
2038
2154
2040
1974
2069
1924
1914
1884
1845
1779
1819
1806
1787
1805
1855
1804
1856
1834
1902
1934
2078
2105
2187
2286
2198
2212
2308
2228
2163
2098
1849
1955
1866
1820
1791
1772
1786
1855
1900
1872
1857
1878
1821
1795
1845
1859
1692
1683
1679
1729
1794
1802
1922
2116
2413
2717
2987
3621
3876
4199
4665
4989
5128
4951
4954
4663
4417
3855
3535
2930
2595
2170
1938
1685
1526
1468
1325
1272
1278
1236
1237
1294
1312
1306
1349
1268
1407
1385
1357
1384
1430
1317
1346
1438
1418
1546
1561
1699
1803
1895
1967
2002
2167
2078
2145
1954
1969
1879
1765
1587
1483
1259
1165
1123
1038
981
929
941
885
856
951
928
942
980
1062
1089
1179
1238
1298
1373
1453
1530
1647
1800
1837
1913
2094
2196
2219
2410
2548
2475
2523
2609
2620
2576
2393
2243
2052
1781
1707
1432
1309
1134
1046
848
820
724
664
607
516
619
532
558
548
574
521
570
529
495
538
586
556
550
503
592
555
543
545
585
571
547
552
520
536
530
524
527
495
554
526
522
487
441
482
464
443
464
426
405
405
446
421
400
397
400
439
455
406
422
405
415
413
393
444
472
487
415
451
472
483
498
500
538
508
487
552
488
444
474
446
450
425
424
454
402
415
432
421
403
397
372
396
410
377
398
398
406
427
477
470
483
475
528
515
544
525
562
594
560
562
547
499
551
509
497
479
452
446
421
394
405
377
374
368
329
345
334
332
332
342
309
317
338
305
360
354
342
373
351
351
380
363
412
406
448
453
478
476
555
624
611
676
730
765
811
880
903
965
965
991
1043
1051
958
1062
1055
1046
1099
996
1033
1098
1087
1171
1123
1216
1217
1264
1295
1282
1276
1254
1213
1237
1232
1081
1101
1039
917
894
783
707
630
566
506
451
424
407
354
333
291
325
277
230
274
271
238
261
240
235
233
251
261
254
255
245
227
240
277
257
245
281
242
254
265
263
246
262
257
254
224
231
236
231
239
250
231
250
238
227
210
242
287
237
258
241
272
266
268
289
263
271
283
280
286
272
275
311
299
325
306
323
300
332
338
293
350
322
334
306
309
306
348
310
278
269
325
299
274
323
265
262
238
286
262
278
288
301
270
274
318
310
309
321
303
362
303
297
331
330
326
356
290
289
298
342
296
276
333
286
283
287
307
271
258
285
292
263
244
258
273
246
265
208
227
222
216
224
246
220
215
188
208
195
205
206
207
220
198
199
207
229
207
185
220
209
227
240
226
253
216
243
210
214
221
209
252
225
221
200
217
237
250
243
241
235
258
262
235
242
257
241
226
239
200
216
232
214
233
214
240
252
229
254
233
257
288
298
290
308
361
338
353
390
387
443
424
474
439
433
473
483
478
457
423
419
415
399
395
388
376
381
334
340
304
293
293
288
246
262
234
243
260
233
241
259
249
262
248
290
270
324
290
301
322
318
308
392
361
352
347
339
365
340
349
351
329
334
316
333
332
255
283
289
244
230
217
217
198
159
175
189
155
142
156
171
148
150
152
136
139
141
114
141
122
118
122
116
109
118
128
120
136
121
132
114
102
107
124
141
105
122
127
111
137
120
122
123
121
123
94
115
137
141
118
127
105
122
122
138
126
122
113
135
147
124
130
140
124
141
112
140
143
129
135
157
146
168
144
156
141
131
153
147
169
174
167
184
176
189
206
169
206
211
222
229
243
247
284
241
253
256
271
285
237
248
270
230
252
229
205
242
250
217
197
219
200
180
156
228
171
165
181
164
159
154
146
146
143
166
120
134
131
129
108
140
127
133
133
141
109
138
119
130
113
122
113
126
115
115
119
121
113
113
103
115
101
92
91
104
127
121
127
121
119
128
121
131
124
125
136
124
152
152
118
141
144
118
133
135
146
125
149
147
147
150
137
126
141
160
132
136
161
148
122
153
158
143
128
137
144
126
125
116
125
139
133
108
118
94
102
117
112
88
97
108
92
93
88
97
108
84
90
93
98
75
88
85
84
81
88
79
75
70
78
84
70
67
86
90
96
74
66
78
72
70
83
63
57
77
64
64
67
87
71
72
72
67
72
79
75
75
86
75
72
89
83
76
67
84
78
82
85
91
80
99
77
95
88
106
85
77
89
95
115
103
99
111
106
105
123
107
107
128
118
107
99
91
116
100
118
110
124
99
123
113
83
126
125
107
110
80
114
118
98
113
98
114
113
110
115
118
115
130
103
137
126
129
135
146
142
153
145
180
172
183
198
213
204
218
251
241
261
258
269
277
271
288
314
327
310
294
349
302
315
328
315
288
292
320
305
275
276
260
250
201
222
220
183
193
199
167
164
161
154
124
117
127
95
115
109
100
115
98
90
107
74
92
83
72
75
86
80
74
83
83
70
74
69
61
75
72
62
65
52
56
63
67
55
58
52
61
56
61
65
64
57
54
57
46
57
55
62
39
57
52
48
57
72
63
65
63
68
63
63
74
64
60
66
76
75
75
52
97
65
85
72
82
77
67
84
62
67
79
67
81
67
71
71
68
77
73
83
67
81
73
60
69
72
68
67
72
69
51
57
51
58
48
53
71
58
39
53
59
52
63
52
52
43
43
58
42
49
48
40
57
56
46
26
40
42
34
40
30
41
46
31
43
51
32
42
44
36
36
45
44
43
24
36
49
37
43
45
48
35
46
40
43
41
56
35
46
46
39
45
45
44
45
42
52
61
61
55
45
61
75
69
63
76
69
56
84
73
68
95
55
98
106
79
86
85
109
106
78
95
96
110
101
129
114
105
122
125
105
95
109
108
124
107
105
109
118
115
92
87
96
110
72
80
91
78
63
65
73
57
57
66
70
53
45
47
42
38
52
47
36
30
40
31
46
34
39
20
34
40
42
31
31
33
42
39
34
36
34
36
45
45
36
46
46
40
40
49
36
37
43
41
39
49
44
43
33
31
42
28
31
36
37
46
44
32
36
37
34
36
30
39
21
39
31
25
35
32
29
24
33
27
29
28
26
26
31
28
28
30
29
29
37
27
29
32
33
28
24
32
28
23
25
23
22
29
23
29
23
29
34
25
33
31
20
26
24
23
20
23
19
13
28
21
16
20
35
20
25
18
37
23
22
25
27
21
22
24
22
24
27
18
25
20
31
22
27
23
24
24
17
33
19
20
23
31
25
21
28
28
34
26
17
23
16
21
30
24
20
20
32
25
9
22
28
24
25
21
18
22
11
26
22
19
21
18
21
22
27
18
21
22
20
28
22
28
20
23
27
20
22
19
19
23
22
32
27
31
31
27
37
30
25
25
34
18
28
32
23
23
32
24
35
25
35
40
35
32
42
44
26
39
51
27
49
48
48
43
42
38
39
49
40
45
44
48
35
60
61
39
47
34
59
38
33
42
41
37
36
42
35
34
39
42
41
45
33
36
35
25
27
37
32
32
33
30
23
26
25
40
27
28
24
43
39
34
38
25
25
29
39
27
30
26
39
40
43
22
36
44
41
47
41
40
49
58
37
37
37
43
45
36
37
39
39
41
53
42
46
50
39
39
33
42
51
38
32
41
29
40
34
28
24
26
28
22
26
23
32
27
27
33
25
24
29
28
19
31
20
37
19
31
25
25
31
35
20
27
31
29
35
28
32
24
27
29
22
22
24
28
25
28
26
20
30
30
21
22
26
23
27
28
33
32
23
16
26
28
36
33
27
30
29
30
24
23
21
31
29
30
22
34
24
19
29
27
32
27
31
23
26
30
26
19
24
20
20
24
22
35
29
24
35
27
23
35
32
33
28
19
25
18
25
25
30
21
15
21
23
34
23
16
12
22
14
19
19
12
15
16
15
19
21
19
25
12
19
10
11
12
15
13
29
20
20
24
19
19
19
15
25
21
20
11
27
13
10
19
19
18
16
15
18
16
21
16
19
20
21
18
19
19
17
19
19
19
12
6
16
19
20
16
13
21
13
12
14
12
10
10
19
11
13
8
14
11
13
8
5
10
13
13
13
10
14
15
11
15
12
13
15
16
6
12
10
9
13
6
8
12
8
7
10
4
9
9
10
14
10
12
17
11
16
11
11
15
13
17
15
17
10
16
16
23
14
17
14
22
18
20
25
21
34
25
25
28
34
35
37
38
30
28
49
34
39
43
48
49
52
61
54
66
66
74
72
72
78
81
79
87
83
96
71
90
98
104
91
96
94
101
91
95
84
75
90
88
76
90
79
80
70
77
63
62
47
50
42
51
59
60
30
36
43
41
26
30
20
34
25
21
19
18
17
20
14
17
19
14
12
18
15
7
11
16
10
11
8
13
10
11
7
10
10
11
8
3
3
3
5
14
6
12
8
9
7
14
7
9
6
7
7
4
9
7
6
8
10
1
10
4
8
3
6
9
4
3
2
6
5
5
9
9
6
7
11
2
10
1
8
6
3
6
4
2
3
10
4
7
7
10
6
9
7
7
5
5
6
6
7
6
6
4
6
10
4
5
7
2
11
7
3
8
4
4
10
6
7
6
3
7
10
5
6
5
7
8
3
5
4
$ROI:
43
143 193
144 194
424 531
429 529
440 544
440 545
440 549
443 544
443 553
490 516
604 1134
679 1395
690 1434
772 934
800 953
827 855
828 856
840 1946
849 1974
857 2002
872 900
880 1058
887 915
914 1083
1010 1038
1208 1258
1345 1375
1418 1448
2436 2526
3229 3279
3607 3645
6449 6521
6459 6531
6463 6535
6464 6536
6467 6539
6471 6543
6482 6526
6489 6513
6497 6521
12997 13047
12999 13049
13000 13050
