$SPEC_ID:
GAMWIN
$SPEC_REM:


$DETDESC:

$DATE_MEA:
08/20/2025 07:34:13
$MEAS_TIM:
82684.95 84080.92
$MCA_CAL:
3
1.32118272781372E+001 1.29107522964478E+000 0.00000000000000E+000
$DATA:
0 2047
0
0
0
0
0
0
0
0
0
0
0
0
0
0
0
0
0
0
0
0
0
0
0
0
0
0
0
0
0
0
0
0
0
0
0
4030
4166
4352
4741
4983
5594
5929
6522
6605
6941
7206
7829
8781
10244
11841
13328
14798
15476
14825
13808
12369
11101
9623
9173
8835
8856
8623
8378
8072
7553
6617
6081
5163
4610
4036
3780
3467
3451
3205
3232
3075
3170
3067
3028
3073
3053
3021
2928
2936
2926
3033
3164
3238
3324
3302
3343
3411
3437
3342
3335
3206
3243
3210
3172
3158
3178
3295
3062
3153
3195
3178
3263
3177
3061
3122
3090
2971
3027
2968
2808
2951
2814
2859
2834
2779
2780
2829
2671
2769
3048
3034
3088
3301
3381
3540
3552
3619
3662
3594
3391
3327
3142
3102
3029
2912
2826
2931
2970
3009
2987
2964
3000
3126
3070
3009
3044
3098
2961
2801
2780
2756
2875
3069
3064
3472
3789
4249
4924
5602
6337
7099
7770
8482
8841
9189
9121
8818
8260
7749
6616
6028
5104
4285
3704
3233
2779
2434
2192
2148
2065
2040
2012
2118
2158
2220
2161
2256
2313
2374
2307
2264
2386
2302
2277
2356
2255
2368
2445
2707
2659
2978
3114
3209
3357
3383
3461
3496
3344
3282
2938
2855
2695
2440
2222
2062
1831
1758
1648
1554
1545
1459
1553
1494
1509
1606
1659
1745
1828
1982
2117
2168
2301
2403
2594
2758
2867
3026
3227
3355
3500
3740
3911
4029
4151
4296
4214
4172
3988
3953
3715
3485
3270
2948
2649
2204
2022
1772
1648
1451
1275
1182
994
1082
994
952
1006
900
964
902
944
930
969
949
892
915
952
927
948
944
915
965
996
932
999
963
976
999
987
971
927
916
935
902
914
849
852
828
854
765
782
752
766
721
740
680
739
672
661
701
717
711
719
675
741
750
693
742
779
762
751
777
842
809
866
873
883
852
875
887
925
867
884
801
765
796
779
789
736
696
746
703
715
706
690
635
675
701
639
687
718
736
764
862
796
858
940
932
946
1006
1011
1022
1027
1041
977
1025
996
986
956
945
925
824
797
790
720
726
677
697
580
631
598
621
608
609
596
564
617
582
583
555
591
572
602
595
600
610
651
647
693
734
722
776
868
938
966
976
1088
1161
1225
1342
1450
1541
1604
1630
1681
1781
1772
1840
1877
1839
1882
1851
1842
1870
1794
1903
1747
1901
2022
1929
2059
2008
2086
2063
2116
2004
2148
1984
1984
1936
1800
1715
1568
1456
1361
1195
1157
1072
992
861
757
684
684
577
547
554
502
509
466
457
467
429
470
445
423
387
459
415
439
409
477
456
510
450
457
475
467
440
465
474
435
440
419
441
471
437
434
426
415
425
440
406
432
437
387
439
408
463
402
428
446
415
441
470
459
458
456
499
521
520
516
509
530
554
517
549
585
584
576
571
571
587
614
587
558
628
602
549
532
549
559
502
529
473
514
509
506
495
504
442
466
446
470
471
489
527
551
535
554
499
529
518
548
576
595
530
522
561
539
532
540
558
534
497
518
524
523
477
523
488
548
441
474
480
486
468
471
458
416
423
408
374
364
396
381
371
358
372
325
342
333
329
390
383
368
352
391
388
391
407
360
374
383
402
354
359
431
441
402
428
374
399
425
456
427
433
388
377
459
468
444
441
462
469
428
490
419
425
444
415
429
432
382
382
390
397
388
401
421
441
451
474
438
515
522
550
583
686
617
645
667
681
755
770
783
827
753
868
831
840
823
788
758
772
702
693
678
643
617
640
531
551
569
439
479
464
402
426
447
424
394
420
416
443
465
474
467
495
487
527
565
548
586
543
579
594
646
660
625
619
665
641
645
598
566
538
565
557
521
480
470
433
419
428
375
375
347
358
332
287
278
265
250
263
278
230
241
244
236
242
222
214
221
240
214
222
201
217
219
181
212
213
232
192
231
177
219
219
193
189
185
189
206
197
207
201
195
199
227
202
193
188
206
215
180
211
211
205
214
199
191
237
250
214
222
207
228
247
216
235
232
247
219
254
237
257
231
244
259
251
250
272
272
281
289
275
340
301
310
327
331
350
325
376
334
400
380
400
416
417
391
444
403
415
381
413
393
389
386
365
379
332
322
340
323
306
320
272
286
277
294
257
255
237
254
236
219
240
215
245
235
215
204
182
226
225
195
223
175
204
201
188
194
179
194
176
202
180
167
172
169
180
199
174
194
173
199
181
202
183
184
173
159
198
187
164
251
204
194
197
226
188
193
214
213
209
231
213
216
240
220
220
226
250
262
246
252
255
260
230
254
204
241
235
233
238
235
222
214
247
227
218
166
209
209
200
204
176
185
195
203
175
195
161
168
196
166
191
160
173
151
161
164
164
182
168
160
170
166
144
146
163
126
159
160
157
159
129
127
150
137
140
150
122
136
136
138
125
128
143
122
122
129
121
134
138
110
128
154
133
137
137
155
151
150
108
140
129
166
157
143
145
164
173
143
149
154
161
203
186
168
157
172
192
171
178
185
191
184
183
205
211
207
190
213
200
213
184
209
212
207
225
189
190
185
201
198
162
192
180
171
191
200
160
183
204
186
196
195
151
178
187
179
203
172
180
170
197
207
233
220
219
213
239
249
239
278
260
285
287
292
330
370
348
323
372
368
393
390
391
419
382
422
419
403
367
376
392
413
427
390
361
396
350
343
338
297
307
281
267
287
280
233
234
245
233
201
205
192
212
203
193
171
184
180
180
165
154
141
153
141
130
139
152
123
141
138
144
136
122
126
109
110
146
128
92
119
122
110
107
115
109
92
114
98
118
102
98
98
95
104
123
115
108
114
98
100
92
112
118
113
119
98
115
94
111
97
115
114
107
111
128
120
140
134
134
147
138
151
139
121
144
141
135
148
150
159
128
133
147
138
147
136
145
116
123
143
110
123
138
104
148
119
124
123
127
123
115
120
122
102
112
100
110
106
92
106
98
105
99
87
90
95
94
96
81
88
62
94
71
70
91
73
84
86
77
69
83
97
79
83
83
91
74
67
80
61
81
82
82
88
72
88
87
86
76
71
79
87
80
74
83
87
74
83
79
77
85
84
106
99
86
90
84
107
93
109
97
120
94
98
116
132
133
148
131
142
128
132
141
147
157
138
144
160
174
161
167
158
175
173
186
159
194
176
218
202
174
176
203
186
192
187
160
182
181
165
191
143
141
134
144
124
133
122
130
122
104
104
107
90
89
83
101
90
82
71
70
71
77
69
72
63
61
45
69
59
57
65
65
78
72
68
56
67
50
70
73
88
66
72
83
76
69
72
75
72
74
69
80
79
76
71
69
84
54
81
76
73
64
79
63
63
62
70
53
72
62
63
64
51
57
42
64
53
42
48
48
50
63
45
66
62
53
41
47
63
58
54
48
42
51
50
54
46
51
46
53
49
52
52
49
44
37
43
40
46
49
44
51
46
48
53
51
39
54
44
41
43
48
50
59
45
55
47
46
46
49
40
56
47
44
57
43
50
41
56
36
46
54
35
57
47
40
44
50
48
46
47
50
48
55
37
43
46
52
45
49
39
48
50
48
35
46
48
49
38
37
52
40
40
48
54
48
53
38
52
42
45
48
54
66
45
36
60
57
37
40
36
45
41
52
38
48
43
45
53
53
55
51
41
52
43
50
51
36
47
30
45
47
61
55
60
58
49
51
52
63
55
47
61
53
66
64
63
60
70
77
63
93
69
98
80
80
81
78
81
93
91
102
77
78
81
87
92
82
94
80
107
113
104
89
94
76
86
79
98
81
77
84
86
67
73
64
58
54
76
61
74
68
57
62
71
60
55
65
54
64
83
50
67
57
62
71
69
46
58
62
66
56
56
78
58
62
66
65
77
57
64
52
70
71
57
77
73
73
78
96
64
85
70
76
82
91
81
80
80
100
84
100
69
72
81
72
82
67
92
80
74
76
74
60
67
65
64
55
75
66
68
63
53
71
68
62
47
64
52
51
61
50
54
50
39
52
57
61
50
47
52
59
51
54
51
59
63
61
51
50
58
52
62
50
50
58
55
58
45
59
57
46
51
62
53
59
54
46
63
56
56
59
49
55
47
53
46
59
52
48
46
60
58
54
67
43
50
45
59
56
56
46
50
53
52
48
49
54
43
51
57
66
51
43
52
62
46
49
45
50
50
48
58
43
44
44
50
54
41
41
38
39
52
41
46
38
49
41
33
45
50
38
32
50
41
41
32
45
46
43
37
42
41
32
33
37
40
34
49
42
40
35
42
37
27
43
32
41
42
38
46
43
25
29
52
27
32
43
39
27
28
36
37
31
27
34
28
44
35
33
35
28
46
40
17
33
28
30
22
32
31
37
22
33
36
30
33
25
21
28
22
25
26
19
18
25
31
34
26
28
29
20
20
21
34
18
24
22
14
27
15
25
29
27
32
22
14
31
34
29
27
27
28
28
24
23
19
39
23
19
21
20
29
24
23
34
37
24
28
33
28
30
31
45
36
53
47
37
54
62
61
67
63
60
58
69
74
91
89
96
93
83
62
100
99
120
122
126
147
150
139
138
128
164
169
170
163
166
153
170
168
185
165
171
170
166
162
198
166
151
165
164
176
167
136
154
125
140
122
150
130
128
94
98
96
94
84
81
81
72
60
61
60
55
58
49
47
42
51
32
42
41
28
33
28
40
30
29
32
23
20
34
26
21
24
19
24
20
24
24
13
19
22
16
20
16
15
20
10
22
12
14
11
23
15
19
25
10
18
15
10
17
18
21
20
20
22
24
16
16
14
15
15
16
10
9
17
19
16
16
13
15
17
14
18
8
10
10
19
24
21
19
20
18
14
20
19
23
16
15
16
25
12
20
8
12
20
18
15
25
15
18
20
17
17
16
$ROI:
42
143 193
144 194
424 531
429 529
440 544
440 545
440 549
443 544
443 553
490 516
604 1134
679 1395
772 934
800 953
827 855
828 856
840 1946
849 1974
857 2002
872 900
880 1058
887 915
914 1083
1010 1038
1208 1258
1345 1375
1418 1448
2436 2526
3229 3279
3607 3645
6449 6521
6459 6531
6463 6535
6464 6536
6467 6539
6471 6543
6482 6526
6489 6513
6497 6521
12997 13047
12999 13049
13000 13050
