$SPEC_ID:
GAMWIN
$SPEC_REM:


$DETDESC:

$DATE_MEA:
08/26/2025 14:40:14
$MEAS_TIM:
59027.12 59288.17
$MCA_CAL:
3
1.32118272781372E+001 1.29107522964478E+000 0.00000000000000E+000
$DATA:
0 2047
0
0
0
0
0
0
0
0
0
0
0
0
0
0
0
0
0
0
0
0
0
0
0
0
0
0
0
0
0
0
0
0
0
0
0
402
416
396
400
430
387
493
465
523
468
530
522
580
628
678
745
817
784
856
838
763
722
649
621
666
614
625
595
514
534
553
490
476
454
404
359
374
351
301
337
336
349
327
354
333
350
349
365
302
353
341
342
340
361
361
336
352
358
362
358
357
339
311
366
330
363
366
340
372
358
373
383
388
354
363
354
359
349
361
322
329
318
331
325
329
348
315
307
347
357
320
353
354
339
402
347
374
369
384
380
372
382
338
331
313
331
338
333
289
324
323
356
322
321
344
327
350
323
304
322
329
351
315
294
313
321
352
375
392
367
429
437
479
497
505
491
465
448
405
405
394
379
316
343
290
258
263
288
271
251
252
274
274
265
241
235
286
257
261
267
267
301
267
262
275
304
288
261
285
275
280
311
302
334
349
323
311
297
332
293
285
286
258
273
257
237
243
220
204
183
213
221
179
190
187
198
202
188
210
212
195
208
222
217
221
252
239
252
263
266
290
289
312
305
338
336
354
321
327
318
294
296
291
249
260
209
221
208
175
154
164
166
173
150
158
149
149
169
146
156
154
137
135
129
132
163
131
118
162
141
167
123
138
162
108
141
119
131
148
114
115
124
139
111
119
122
121
105
112
116
100
138
112
121
125
99
103
121
119
109
105
113
116
113
119
117
122
114
118
113
117
123
130
120
121
121
115
114
115
112
112
119
127
96
123
107
122
99
113
107
109
113
117
114
124
107
112
125
118
101
111
116
133
133
157
135
135
141
160
163
164
169
195
163
190
156
164
155
155
157
153
137
134
128
112
104
114
101
93
86
89
75
96
93
89
93
93
90
91
79
81
69
91
86
83
102
83
94
81
85
100
81
95
84
105
117
101
104
111
95
87
129
120
110
99
117
109
133
118
132
116
129
169
129
134
142
166
144
140
155
154
162
153
175
169
157
145
179
158
152
148
130
127
121
107
124
120
102
87
97
97
88
80
88
91
79
69
71
87
76
80
71
70
75
84
87
73
59
67
76
73
85
60
83
68
75
64
57
64
70
78
75
70
62
74
66
58
77
70
63
81
71
68
70
53
79
56
79
68
73
55
77
59
69
69
60
69
71
65
77
80
57
37
66
73
68
64
67
63
85
71
74
63
78
53
62
71
68
65
76
61
78
84
70
72
70
81
62
84
60
62
72
66
72
80
68
60
70
60
58
78
67
67
75
67
73
76
64
61
64
60
63
65
81
57
72
70
72
85
67
62
62
60
57
53
61
75
71
66
68
53
57
71
69
66
59
67
57
58
62
59
65
50
55
55
69
65
68
68
59
59
70
71
74
75
65
70
84
69
77
74
74
75
70
87
77
72
88
87
92
94
93
89
121
98
101
86
103
101
105
100
101
100
73
95
72
71
66
77
66
71
75
72
68
77
63
76
75
60
68
73
69
46
84
69
56
68
57
69
63
86
65
71
63
83
53
71
64
73
71
60
59
60
48
62
46
52
49
47
41
68
64
65
57
48
51
52
48
57
66
57
51
58
60
65
64
69
48
46
71
68
51
58
61
45
56
51
54
54
63
42
48
43
36
54
46
53
49
47
44
44
44
30
33
32
50
39
40
30
44
53
47
37
40
44
49
42
43
40
48
46
43
35
41
38
47
47
42
38
37
42
44
40
36
32
41
41
42
44
48
42
43
45
40
41
34
31
34
35
31
42
46
37
36
38
42
39
49
31
45
38
49
35
40
56
42
37
44
45
47
45
42
47
37
38
43
39
39
44
51
44
50
53
51
47
56
49
46
51
59
52
47
50
52
51
46
53
51
51
39
54
40
49
55
57
36
53
52
54
33
52
40
47
51
45
26
47
34
42
29
48
33
36
41
33
33
31
38
35
32
45
37
45
43
32
28
35
43
43
42
39
45
33
24
40
41
27
44
35
24
29
31
45
44
26
45
40
42
28
40
31
28
35
39
33
49
42
36
36
47
37
36
38
46
32
43
41
38
47
42
37
47
36
36
41
37
43
31
35
49
33
40
34
36
30
32
37
40
32
19
33
31
31
38
27
26
42
34
26
34
29
38
32
29
28
43
33
32
36
26
46
37
22
32
27
34
35
32
36
33
28
40
29
28
38
32
37
29
22
23
28
35
33
31
22
25
35
33
40
32
30
39
31
27
23
34
34
20
39
43
32
27
39
31
32
38
24
40
37
36
35
36
33
36
32
25
30
26
32
32
42
42
34
40
33
36
33
26
30
42
31
32
32
30
31
37
31
43
44
37
33
41
37
43
41
39
39
35
45
38
43
48
47
49
33
33
44
51
40
37
53
42
44
47
63
54
52
52
67
65
77
69
63
69
67
78
68
89
84
83
90
75
80
56
78
80
79
94
70
88
67
77
74
87
63
62
76
70
65
51
55
40
45
42
47
33
56
40
54
48
44
39
29
28
42
31
33
39
26
32
25
18
29
28
28
35
26
29
22
33
21
41
16
16
25
24
37
15
25
19
25
17
28
14
25
22
23
17
26
15
20
17
15
22
19
20
10
18
18
16
28
19
22
21
14
14
15
20
15
17
14
19
16
20
18
13
18
13
9
13
15
12
19
17
13
15
19
7
12
18
20
15
7
12
14
12
25
19
16
16
17
15
14
11
16
13
16
14
9
15
16
15
11
16
13
11
9
12
8
16
18
12
7
10
17
9
9
13
11
12
16
18
10
15
8
9
17
14
8
7
6
17
9
9
17
9
13
11
15
17
15
13
14
20
9
14
15
10
9
13
11
12
17
16
17
21
21
16
15
20
9
13
18
11
10
15
18
15
23
19
12
16
22
15
9
15
17
18
13
11
22
30
13
15
23
24
22
18
13
27
19
22
22
19
19
19
23
16
16
21
22
24
19
16
23
15
15
16
15
16
17
18
25
21
21
16
17
17
18
11
11
19
19
8
9
8
13
12
12
7
3
9
8
12
12
6
13
8
11
12
17
11
17
16
8
7
18
8
18
15
10
7
13
14
10
6
14
10
11
14
5
6
14
14
13
16
12
11
5
6
9
13
9
11
16
10
12
14
7
5
6
11
8
8
11
8
10
13
10
7
8
5
7
9
9
12
3
5
6
8
13
9
17
12
7
9
7
10
12
19
16
8
8
7
9
10
5
5
14
6
8
7
5
7
11
10
7
12
9
7
7
9
10
7
9
6
11
7
8
7
9
8
11
7
6
8
7
6
10
5
8
8
18
7
9
9
8
6
12
9
5
8
4
7
8
13
13
10
6
13
13
8
11
5
11
12
9
10
10
7
5
9
5
14
3
3
11
10
11
9
9
13
6
5
13
5
7
16
7
10
13
14
6
6
7
4
8
9
10
5
12
5
5
6
9
8
8
8
4
11
9
6
3
10
7
9
10
9
9
11
11
9
7
7
4
12
10
4
5
6
5
4
8
6
8
3
12
8
9
4
10
8
8
9
10
5
17
16
11
12
7
11
6
8
17
13
14
12
9
14
7
13
7
13
11
13
17
9
12
8
7
14
15
13
14
11
14
12
12
8
14
9
4
11
9
13
18
8
10
10
10
13
12
10
12
13
11
15
14
6
11
10
14
6
15
15
11
11
14
19
9
8
5
13
14
10
15
16
13
8
12
6
16
4
11
18
8
16
16
12
13
5
9
7
8
12
7
7
9
7
7
15
12
13
8
8
6
4
8
6
8
6
12
7
13
11
9
10
5
8
6
8
5
6
11
7
7
6
8
7
13
8
7
15
8
12
11
10
12
7
11
9
9
9
12
11
10
10
6
7
9
5
11
5
3
8
13
13
7
15
4
7
5
10
11
13
12
12
10
11
14
12
12
14
7
12
8
8
10
7
6
8
9
11
9
6
5
11
4
12
14
12
8
9
11
12
9
10
4
9
10
11
12
4
15
10
9
4
10
2
11
8
8
8
6
11
15
11
13
11
5
7
6
3
9
3
7
7
12
9
4
5
10
8
9
14
9
9
13
9
9
13
10
6
10
11
7
6
10
15
10
12
7
8
7
6
6
5
10
8
8
8
8
9
18
15
3
8
11
7
13
7
10
10
10
6
13
8
9
13
5
11
6
9
6
9
13
8
12
10
9
6
8
5
7
7
4
6
13
7
11
10
7
3
9
6
6
6
7
11
8
5
13
6
6
11
13
16
9
10
12
8
7
10
8
10
9
5
8
13
7
10
10
8
9
15
8
4
11
7
12
12
7
10
11
9
5
13
9
13
9
8
10
14
13
19
8
15
17
13
13
13
12
5
13
13
26
6
13
10
17
16
15
13
9
13
11
10
12
11
14
21
15
14
7
11
9
9
12
14
9
16
6
14
7
10
5
12
10
15
11
13
4
12
7
10
9
9
8
11
6
10
9
11
11
9
5
10
5
8
6
10
12
6
9
8
6
9
6
5
10
12
10
7
12
5
4
9
6
9
8
4
7
7
7
10
10
7
6
10
13
5
6
7
9
7
10
7
7
10
12
5
10
8
13
4
11
11
9
8
8
9
5
10
10
4
6
11
4
5
7
9
3
6
7
10
4
4
8
7
14
14
6
6
8
6
7
12
12
8
6
11
12
$ROI:
43
143 193
144 194
424 531
429 529
440 544
440 545
440 549
443 544
443 553
490 516
604 1134
679 1395
690 1434
772 934
800 953
827 855
828 856
840 1946
849 1974
857 2002
872 900
880 1058
887 915
914 1083
1010 1038
1208 1258
1345 1375
1418 1448
2436 2526
3229 3279
3607 3645
6449 6521
6459 6531
6463 6535
6464 6536
6467 6539
6471 6543
6482 6526
6489 6513
6497 6521
12997 13047
12999 13049
13000 13050
