$SPEC_ID:
GAMWIN
$SPEC_REM:


$DETDESC:

$DATE_MEA:
08/21/2025 06:56:46
$MEAS_TIM:
89229.81 90756.23
$MCA_CAL:
3
1.32118272781372E+001 1.29107522964478E+000 0.00000000000000E+000
$DATA:
0 2047
0
0
0
0
0
0
0
0
0
0
0
0
0
0
0
0
0
0
0
0
0
0
0
0
0
0
0
0
0
0
0
0
0
0
0
4732
5001
5111
5468
5973
6533
7012
7410
7678
8105
8429
9001
10087
11691
13528
15552
16820
17211
16773
15536
13931
12300
11367
10329
10231
10083
9880
9563
9077
8504
7634
6698
5932
5208
4650
4427
4117
3865
3806
3786
3757
3613
3662
3586
3540
3507
3467
3550
3431
3493
3657
3677
3656
3847
3988
4098
3933
3872
3832
3916
3833
3776
3750
3748
3717
3843
3756
3835
3823
3905
3817
3740
3813
3618
3620
3652
3677
3426
3505
3503
3317
3412
3385
3251
3220
3264
3327
3292
3438
3614
3566
3737
4068
4099
4199
4310
4365
4205
4165
4011
3803
3732
3602
3440
3419
3422
3423
3359
3436
3501
3536
3469
3593
3475
3407
3386
3387
3345
3211
3208
3257
3302
3340
3578
3921
4427
4884
5540
6427
7219
8120
8847
9381
9848
9996
9871
9556
8754
8008
7122
6190
5326
4607
4001
3495
3011
2724
2587
2423
2401
2326
2393
2351
2531
2519
2546
2636
2542
2678
2559
2679
2570
2591
2672
2660
2762
2905
3056
3142
3402
3512
3708
3982
3978
4118
4155
4098
3913
3769
3626
3332
2943
2795
2515
2253
2105
1927
1831
1748
1768
1657
1628
1785
1827
1878
1931
2027
2190
2326
2372
2610
2713
2819
3037
3175
3398
3670
3753
4164
4333
4453
4693
4799
4938
5360
5116
5150
4887
4738
4425
4032
3640
3417
3026
2527
2359
1977
1701
1526
1435
1342
1299
1115
1100
1087
1070
1051
1064
1080
1100
1045
1031
1085
1084
1003
998
1122
1106
1118
1094
1103
1092
1099
1073
1123
1110
1109
1114
1120
1030
1074
1022
972
1000
923
907
897
874
877
874
807
792
812
811
766
868
788
813
801
815
759
790
825
800
839
883
871
890
903
948
919
902
980
994
974
980
987
982
1051
971
996
919
900
883
824
907
901
814
789
768
796
721
791
753
749
817
772
741
802
802
827
888
867
936
969
1008
988
1039
1094
1120
1087
1126
1180
1128
1089
1079
984
1037
998
967
951
838
834
771
719
719
778
712
679
669
653
691
631
647
633
690
661
691
658
667
685
706
650
711
718
752
741
785
797
926
940
915
1057
1132
1156
1240
1385
1427
1574
1624
1707
1844
1864
1949
1920
1978
1950
2061
1978
2063
2122
2129
2142
2072
2152
2184
2211
2246
2295
2434
2377
2467
2512
2521
2531
2399
2453
2334
2214
2015
1932
1726
1701
1507
1421
1270
1167
990
925
872
776
724
666
584
556
587
528
544
497
512
544
489
502
503
486
515
550
518
494
534
513
509
485
514
538
538
528
542
478
517
470
463
479
545
532
492
502
509
471
503
487
504
483
482
486
493
471
450
489
477
504
485
512
465
480
532
509
519
536
588
595
622
595
601
609
663
646
695
636
660
706
652
656
604
636
659
621
605
568
597
579
535
545
591
512
522
532
486
515
531
549
592
568
587
598
595
576
586
607
603
641
655
621
618
554
665
677
620
641
597
566
566
599
566
583
585
557
569
535
587
543
524
539
524
466
462
476
476
440
429
460
423
462
446
427
438
426
400
364
386
427
372
415
408
404
398
430
418
424
436
454
438
448
454
428
412
451
457
488
443
499
498
472
460
475
506
510
461
535
506
530
483
503
476
502
475
481
502
456
478
436
470
482
484
480
462
462
462
490
512
559
567
572
632
652
686
718
746
754
802
764
821
884
877
909
928
890
926
867
870
853
814
789
803
773
731
656
664
577
618
518
569
523
495
506
476
498
496
488
455
460
502
513
496
503
589
525
581
598
620
628
636
619
645
684
679
717
700
699
674
684
611
638
647
575
589
563
522
512
481
459
457
404
428
367
346
343
329
316
331
310
327
289
269
277
274
241
264
253
214
253
241
264
266
234
249
226
233
206
242
229
224
210
222
221
197
201
218
214
241
231
215
228
214
226
247
211
228
224
266
250
217
225
252
236
231
242
230
238
254
230
225
237
241
250
279
229
240
257
237
239
257
282
272
241
258
277
269
289
284
294
306
303
355
359
368
367
419
400
426
407
430
404
473
434
445
451
498
472
460
496
463
427
499
484
477
462
386
392
427
435
355
355
344
309
292
297
294
298
293
258
276
271
262
281
237
230
215
217
229
250
263
231
213
215
231
251
211
208
240
204
208
221
197
216
215
202
199
214
209
201
214
210
187
200
198
215
196
218
200
207
205
223
198
212
207
221
217
251
209
197
237
250
224
253
253
271
262
268
254
246
246
265
301
292
256
265
283
283
285
278
271
261
276
269
254
244
249
242
244
232
226
227
218
201
226
185
203
211
183
213
204
206
170
187
208
178
162
164
192
183
199
170
166
162
184
191
180
167
159
178
186
160
160
147
153
147
164
144
161
162
161
163
156
152
136
149
132
138
162
162
170
154
166
152
151
140
146
168
154
151
162
132
171
158
164
159
157
165
148
179
186
175
193
184
179
184
180
201
186
194
229
215
216
223
200
238
195
235
210
235
205
230
227
206
215
227
251
246
266
227
225
216
247
211
221
224
218
219
208
210
181
191
192
201
199
218
215
197
195
215
213
231
213
207
230
223
224
209
238
239
263
250
261
278
257
325
329
309
306
335
353
349
361
412
377
402
391
382
375
382
376
402
401
419
392
380
388
360
358
332
339
343
321
280
254
287
278
257
258
242
240
252
226
223
228
184
202
188
195
188
176
173
159
168
184
169
150
163
140
153
181
164
169
156
150
131
150
140
149
148
156
135
150
130
130
104
128
139
122
133
126
132
141
124
120
133
123
123
106
131
111
101
114
127
114
123
123
134
144
141
126
128
150
139
117
138
119
127
123
150
142
147
142
136
138
150
147
153
145
153
142
154
176
137
147
149
160
136
142
143
156
135
138
122
150
137
149
127
128
134
135
136
133
109
114
120
117
129
118
114
116
110
108
116
109
83
112
105
91
102
108
111
114
88
104
102
72
83
93
98
92
98
97
89
81
88
88
79
88
92
73
86
73
83
84
88
88
77
88
70
83
91
103
69
82
97
83
74
96
105
106
94
129
103
98
109
125
107
115
118
116
120
123
114
113
113
129
118
134
124
149
169
131
170
167
165
159
158
152
170
192
206
194
170
202
220
229
188
221
222
186
226
225
246
216
222
243
221
214
236
202
215
177
186
196
184
177
158
154
143
138
160
117
138
143
109
115
118
103
119
84
94
100
77
85
81
90
71
92
79
84
72
72
86
76
55
72
85
72
66
90
76
69
82
88
89
83
67
81
83
80
83
95
80
87
80
83
65
78
83
78
75
85
80
70
74
76
86
56
68
73
75
58
59
64
59
71
75
66
69
71
61
65
66
57
50
62
63
51
64
53
55
70
57
70
57
52
55
60
52
55
66
61
53
71
78
59
46
51
70
66
59
52
60
53
40
53
46
65
58
61
63
51
43
54
59
56
53
39
54
55
50
51
64
52
52
51
46
45
55
56
39
63
46
55
39
43
65
51
43
66
53
52
68
45
46
45
46
45
53
50
54
45
51
51
39
47
39
53
50
40
63
49
54
48
49
60
58
48
48
28
47
46
44
42
44
40
47
51
42
38
40
48
62
62
49
54
44
63
49
51
42
64
45
52
48
46
63
61
54
44
43
49
53
44
44
56
47
63
64
58
55
55
61
74
52
59
67
77
58
64
82
71
62
80
72
69
91
77
74
93
84
90
88
98
93
90
82
100
86
95
101
100
76
93
94
81
91
94
74
87
102
99
95
80
92
88
82
73
73
71
71
70
59
61
65
77
70
61
48
66
58
62
71
77
73
65
65
68
78
63
71
66
70
61
73
71
56
94
80
71
79
88
80
86
76
81
93
83
90
89
86
101
90
85
85
79
73
105
90
89
84
96
84
73
90
96
80
114
94
84
75
78
84
89
70
73
49
80
65
60
81
74
63
63
76
65
81
63
53
64
57
57
67
51
58
61
67
66
58
69
59
60
59
65
55
57
48
58
64
69
54
58
48
57
51
69
54
64
68
56
55
63
59
62
48
56
64
49
59
58
66
61
45
68
46
54
62
52
70
69
65
46
65
58
58
64
62
63
64
55
42
62
45
65
60
60
50
43
50
53
54
49
58
51
55
61
50
52
51
51
57
60
51
47
45
55
55
51
51
42
54
42
51
50
56
61
43
53
39
41
42
42
58
50
44
39
37
44
42
49
41
42
36
41
41
45
34
46
34
44
41
42
28
39
48
31
39
34
47
39
40
47
51
33
39
36
32
44
51
44
45
41
45
39
32
30
37
40
35
30
23
33
41
34
36
38
37
36
42
34
35
36
42
26
34
38
26
36
30
20
26
25
25
19
34
24
23
23
32
23
31
30
30
29
26
33
25
33
26
30
30
27
29
25
20
22
20
24
26
28
28
36
21
22
26
21
30
26
27
27
25
33
31
25
30
38
35
26
38
33
27
28
23
41
34
39
52
49
44
52
40
47
58
66
42
69
57
60
97
74
84
100
107
113
119
117
132
132
124
115
119
154
158
150
145
167
152
179
164
178
176
160
195
173
197
201
170
182
178
183
189
168
158
153
164
166
153
147
153
158
136
109
113
123
104
90
99
103
85
78
78
80
81
67
59
56
55
56
45
37
58
51
21
39
36
27
29
32
49
29
26
29
28
26
30
35
19
32
26
21
27
17
31
19
22
17
23
26
20
12
28
19
19
21
13
20
15
23
12
25
21
20
21
19
16
21
12
18
13
14
19
16
16
12
22
23
24
11
18
21
17
20
15
21
24
19
17
17
13
19
17
15
19
17
23
16
18
20
24
19
29
14
17
14
20
11
13
12
15
20
12
14
20
12
21
19
24
18
18
22
16
$ROI:
42
143 193
144 194
424 531
429 529
440 544
440 545
440 549
443 544
443 553
490 516
604 1134
679 1395
772 934
800 953
827 855
828 856
840 1946
849 1974
857 2002
872 900
880 1058
887 915
914 1083
1010 1038
1208 1258
1345 1375
1418 1448
2436 2526
3229 3279
3607 3645
6449 6521
6459 6531
6463 6535
6464 6536
6467 6539
6471 6543
6482 6526
6489 6513
6497 6521
12997 13047
12999 13049
13000 13050
