$SPEC_ID:
GAMWIN
$SPEC_REM:


$DETDESC:

$DATE_MEA:
11/03/2025 14:49:18
$MEAS_TIM:
57511.62 58704.72
$MCA_CAL:
3
1.32118272781372E+001 1.29107522964478E+000 0.00000000000000E+000
$DATA:
0 2047
0
0
0
0
0
0
0
0
0
0
0
0
0
0
0
0
0
0
0
0
0
0
0
0
0
0
0
0
0
0
0
0
0
0
0
3868
4004
4234
4575
4964
5603
5802
6316
6458
6654
6976
7560
8511
9900
11419
12922
14108
14055
13516
12015
10881
9650
8864
8453
8226
8202
8025
7711
7256
6611
5969
5322
4638
4111
3659
3438
3147
3100
2994
2959
2994
2901
3020
2872
2835
2827
2745
2890
2782
2853
2988
3058
3132
3086
3163
3149
3253
3153
3100
3093
3123
2952
3116
3118
3023
3051
3031
3102
3086
3086
2993
2954
2985
2986
2926
2900
2868
2775
2692
2718
2761
2664
2709
2746
2637
2650
2744
2796
2862
2969
3063
3232
3328
3396
3457
3606
3450
3410
3293
3258
2968
2921
2858
2669
2707
2719
2744
2783
2733
2751
2762
2762
2815
2687
2698
2724
2613
2532
2462
2588
2543
2785
2815
3141
3534
3910
4385
5224
5792
6415
6994
7721
7934
8018
8000
7717
7127
6476
5660
4949
4232
3712
3171
2709
2368
2099
2042
1900
1841
1869
1862
1839
1971
1987
2045
2042
2067
2053
2063
2137
2158
2058
2057
2222
2238
2257
2400
2592
2653
2928
3095
3114
3202
3406
3328
3236
3071
2852
2807
2674
2312
2087
1964
1763
1692
1532
1448
1386
1348
1343
1370
1352
1453
1518
1554
1656
1694
1830
1981
2124
2137
2267
2469
2553
2783
2942
3181
3289
3637
3689
3963
4087
4084
4145
4059
4066
3816
3659
3327
3128
2781
2466
2138
1815
1676
1486
1270
1135
1090
963
917
880
881
856
800
824
810
870
845
859
795
839
862
897
857
824
800
865
855
839
851
857
856
882
851
897
859
826
818
836
764
790
790
736
722
673
696
648
653
680
664
615
678
605
639
601
681
588
611
628
604
644
617
627
662
677
702
761
728
731
758
745
775
724
783
762
798
704
738
692
748
662
668
698
654
629
653
612
627
611
593
614
588
592
617
593
651
629
638
660
717
707
815
712
809
830
859
837
886
900
899
917
820
889
847
761
750
761
677
665
589
625
573
526
527
546
531
510
525
499
503
495
506
500
504
527
446
526
531
510
558
541
563
556
592
665
653
649
756
777
876
915
1001
1104
1098
1176
1332
1326
1408
1460
1505
1550
1676
1675
1626
1610
1695
1638
1722
1683
1622
1768
1735
1734
1862
1824
1949
1988
1991
2005
2016
2002
2006
1983
1874
1779
1726
1615
1391
1373
1244
1140
1047
932
858
758
677
612
537
535
478
484
474
415
436
398
358
409
380
377
376
367
363
375
389
373
428
400
380
431
411
409
414
401
408
391
422
397
353
388
379
399
365
370
371
335
365
377
320
340
374
355
373
380
386
377
362
408
388
408
411
421
406
406
467
433
434
452
461
498
469
461
529
522
529
514
517
492
532
514
460
448
455
482
464
496
440
454
422
410
419
439
420
414
430
424
417
409
428
500
483
465
492
481
474
538
482
482
488
537
554
520
489
481
533
495
523
494
474
460
485
460
456
449
446
438
403
384
377
419
424
378
397
376
343
395
322
322
362
340
327
341
312
313
277
326
309
331
349
322
296
319
341
362
333
327
321
356
317
329
366
326
376
338
334
365
384
359
349
367
406
351
387
375
370
356
387
364
347
368
380
380
361
347
332
364
338
310
354
384
417
331
372
403
419
419
372
449
494
452
529
524
555
552
632
628
658
696
703
705
689
713
672
735
732
703
658
651
639
579
579
587
558
490
489
445
454
427
397
442
357
400
397
375
400
381
352
387
377
416
448
483
465
470
489
515
510
483
491
497
565
507
550
505
543
567
484
536
460
499
436
435
416
421
385
357
318
299
346
298
269
256
263
268
254
218
199
230
203
194
225
209
193
202
188
227
197
178
177
214
187
196
180
154
184
163
164
180
169
161
172
172
170
175
177
152
188
196
171
169
159
174
156
194
183
184
195
181
175
160
196
173
193
200
180
193
203
186
201
204
205
184
209
208
185
210
223
213
223
212
179
225
239
199
254
246
247
238
252
298
273
297
288
342
343
347
388
356
359
382
364
389
375
391
413
384
363
362
386
333
346
341
328
370
315
298
316
297
274
255
278
240
259
236
211
205
224
226
190
187
204
178
207
186
180
173
189
181
201
152
192
186
181
186
163
171
146
181
168
170
167
165
149
154
180
164
125
186
153
148
163
164
146
164
190
150
169
168
153
168
169
204
158
173
186
172
200
199
190
203
180
197
207
210
216
206
192
218
200
256
243
221
220
222
240
221
215
206
190
197
188
197
179
198
198
191
176
191
149
172
167
161
159
169
166
144
147
140
164
135
142
133
140
158
138
153
145
132
125
145
123
119
128
122
155
140
131
128
135
113
147
126
126
117
120
136
124
132
122
99
117
127
129
119
101
114
104
142
111
121
110
125
125
115
121
110
121
117
122
141
129
121
142
127
130
135
142
144
126
146
152
148
167
153
166
188
174
184
184
157
167
170
170
184
175
176
173
206
193
199
172
203
190
178
173
207
168
159
150
184
163
148
163
174
178
165
193
163
154
157
159
172
163
148
158
148
157
155
163
175
180
191
212
206
202
221
192
231
237
253
262
258
240
278
295
303
340
332
342
303
329
348
333
370
341
384
376
318
324
326
343
315
289
258
292
263
299
260
299
213
238
233
219
189
177
181
163
164
190
175
163
157
145
156
159
129
140
143
150
115
134
137
121
112
108
109
94
129
126
108
131
123
125
122
103
102
107
105
113
118
100
100
96
90
86
91
77
82
82
88
103
93
79
99
80
100
92
102
112
89
101
95
96
95
93
114
102
89
89
105
100
101
107
109
128
116
104
102
116
112
129
128
117
118
125
123
105
120
126
118
113
102
114
101
116
100
109
97
114
107
103
101
102
103
107
83
105
84
88
88
110
74
87
113
92
89
100
90
88
86
80
74
64
94
79
58
76
78
72
77
81
63
71
56
70
63
74
67
65
61
78
72
59
65
59
57
61
64
79
85
69
58
69
76
58
77
67
67
63
65
93
81
81
75
78
71
74
89
89
82
78
96
93
83
88
103
103
100
120
105
105
108
119
114
136
137
125
111
131
117
157
170
145
152
149
161
159
143
174
160
184
164
163
196
176
164
174
178
173
172
172
149
156
143
168
149
154
154
122
147
132
125
120
100
120
97
96
97
84
94
86
83
85
69
65
93
56
67
73
64
69
44
54
58
60
64
61
54
49
51
58
50
57
50
55
67
65
48
54
57
66
64
70
66
74
72
62
73
67
63
68
56
68
65
64
61
59
67
63
64
56
57
51
63
50
48
59
50
59
48
59
49
41
41
49
59
48
57
38
48
50
55
42
56
42
50
48
48
46
50
41
29
40
56
48
36
47
44
31
30
33
41
41
45
47
38
50
50
39
50
59
44
47
37
47
38
41
45
40
46
31
46
47
34
43
31
38
31
31
47
26
50
45
41
43
42
36
34
40
35
37
42
42
36
33
34
31
38
37
43
45
35
54
44
54
40
37
37
44
31
34
49
44
41
37
29
39
48
38
39
48
37
44
35
38
33
36
46
27
34
37
27
54
34
33
40
35
32
35
35
24
35
38
26
42
34
40
36
35
53
48
37
42
33
38
51
40
43
37
36
47
46
51
49
48
54
42
54
58
51
60
48
57
54
56
67
69
69
59
72
68
65
67
85
73
71
78
63
62
66
66
59
78
61
82
83
70
61
66
56
61
64
52
61
80
64
49
48
66
54
61
50
48
52
59
48
48
59
46
49
55
46
44
45
40
48
49
61
50
55
53
44
46
40
50
53
50
50
56
68
76
57
64
84
61
61
54
56
58
70
89
64
64
64
59
75
70
72
90
82
59
86
67
66
74
72
57
68
62
76
64
59
63
74
67
54
51
64
57
53
48
65
52
56
55
47
58
59
39
51
48
50
41
40
50
37
48
47
40
44
48
43
36
47
41
45
46
46
42
54
57
46
45
44
51
51
31
57
50
36
42
35
41
52
37
40
39
35
45
37
49
47
48
56
41
49
43
38
46
43
51
44
50
45
34
39
39
50
47
44
50
46
47
41
46
47
44
37
44
50
52
43
41
39
44
29
34
42
33
40
31
33
36
41
37
37
46
45
39
27
47
37
38
42
38
38
52
29
36
39
31
41
30
30
30
30
39
27
37
38
46
25
37
34
33
30
34
25
23
25
35
39
34
38
39
30
33
33
31
37
37
34
32
31
36
34
30
28
28
38
29
34
47
33
35
25
25
35
37
39
30
37
27
33
26
29
28
29
18
19
26
21
19
26
26
33
25
23
31
24
20
18
21
18
24
22
20
22
14
14
19
11
18
18
16
21
25
15
22
16
12
11
26
18
16
22
13
19
15
11
27
12
18
12
16
22
20
20
18
16
23
29
21
23
17
25
31
18
29
29
21
31
23
40
33
30
26
46
36
30
45
36
43
42
39
55
69
55
63
56
66
74
68
76
89
86
96
93
106
116
114
104
105
113
113
137
129
134
126
154
123
140
134
166
135
161
151
136
133
163
144
139
124
123
124
134
109
119
127
99
112
101
119
106
80
75
78
72
60
71
61
55
41
48
57
44
34
50
34
35
31
29
34
21
24
26
28
31
23
17
19
28
19
23
18
22
20
20
19
13
17
15
20
6
12
12
12
13
25
10
21
10
10
13
10
17
16
12
18
12
13
17
13
10
18
15
14
15
8
11
16
15
9
13
10
13
17
11
7
14
8
16
11
10
14
12
15
12
14
9
6
9
17
13
11
17
11
8
12
13
5
14
13
16
10
15
13
8
14
13
7
8
11
16
12
12
11
15
14
14
12
13
9
9
9
10
13
14
8
11
12
8
14
$ROI:
43
143 193
144 194
424 531
429 529
440 544
440 545
440 549
443 544
443 553
490 516
604 1134
679 1395
690 1434
772 934
800 953
827 855
828 856
840 1946
849 1974
857 2002
872 900
880 1058
887 915
914 1083
1010 1038
1208 1258
1345 1375
1418 1448
2436 2526
3229 3279
3607 3645
6449 6521
6459 6531
6463 6535
6464 6536
6467 6539
6471 6543
6482 6526
6489 6513
6497 6521
12997 13047
12999 13049
13000 13050
