$SPEC_ID:
GAMWIN
$SPEC_REM:


$DETDESC:

$DATE_MEA:
11/04/2025 14:57:41
$MEAS_TIM:
62591.51 63979.23
$MCA_CAL:
3
1.32118272781372E+001 1.29107522964478E+000 0.00000000000000E+000
$DATA:
0 2047
0
0
0
0
0
0
0
0
0
0
0
0
0
0
0
0
0
0
0
0
0
0
0
0
0
0
0
0
0
0
0
0
0
0
0
4808
4922
5140
5573
6091
6646
7183
7444
7853
8154
8405
9102
10400
11958
13635
15396
16392
16389
15327
14228
12505
11176
10185
9737
9592
9508
9384
9035
8285
7603
6819
5974
5319
4766
4416
4064
3742
3726
3662
3581
3559
3574
3462
3447
3419
3381
3429
3429
3440
3477
3541
3720
3797
3718
3932
3904
3820
3787
3798
3710
3648
3738
3678
3668
3702
3756
3708
3674
3774
3680
3740
3732
3739
3684
3558
3522
3544
3450
3355
3292
3249
3293
3175
3212
3293
3260
3450
3344
3443
3705
3844
4044
4035
4224
4298
4351
4246
4005
3971
3667
3709
3425
3406
3381
3202
3119
3338
3227
3306
3289
3369
3391
3210
3275
3234
3091
3047
3009
3025
2929
3215
3356
3489
3978
4274
4890
5421
6299
6840
7717
8341
8899
9251
9233
8871
8546
7913
7051
6069
5395
4547
4053
3541
3005
2798
2450
2411
2298
2197
2301
2307
2317
2285
2386
2484
2463
2488
2434
2503
2462
2574
2458
2563
2640
2696
2835
2971
3160
3351
3631
3753
3926
4083
4099
4046
3888
3625
3586
3259
2927
2728
2428
2148
1946
1863
1659
1701
1610
1574
1627
1643
1673
1837
1790
1942
2008
2188
2304
2401
2604
2763
2925
3032
3303
3491
3712
4069
4149
4434
4513
4744
4941
5040
4968
4973
4695
4474
4243
3944
3508
3228
2733
2487
2127
1810
1613
1369
1282
1179
1145
1093
1090
996
984
996
985
988
946
997
1018
986
976
975
994
1007
1003
1018
998
1011
1038
1028
976
1029
1007
946
1025
988
916
918
921
924
931
883
868
831
788
789
756
820
767
741
783
723
747
734
755
739
718
761
762
759
766
770
787
768
855
859
803
886
860
869
847
893
907
926
937
923
843
839
844
878
800
800
798
760
736
705
747
713
705
665
726
716
670
732
717
791
773
802
832
840
895
915
930
971
1024
1036
1016
1006
1032
1052
1015
1000
961
913
883
823
764
760
704
705
694
643
601
613
615
607
595
544
634
621
618
602
636
593
588
630
655
634
639
670
705
680
748
714
845
862
823
920
1015
1090
1117
1159
1330
1444
1427
1530
1631
1694
1797
1754
1800
1871
1919
1844
1912
1876
1945
1999
2025
2055
2033
2139
2231
2317
2378
2380
2413
2474
2389
2471
2458
2377
2286
2169
2040
1936
1751
1626
1497
1272
1225
1122
975
863
806
690
659
605
552
506
505
502
484
465
473
475
462
508
450
456
494
449
511
455
462
469
450
480
469
499
461
454
436
412
458
488
431
450
431
467
414
445
409
449
431
460
445
460
437
454
456
436
430
441
485
455
456
481
486
513
454
508
522
482
519
530
602
557
570
554
619
609
562
611
555
574
626
596
559
545
522
551
558
525
543
488
537
489
510
478
481
466
482
522
484
540
519
577
551
580
580
617
620
614
604
617
555
625
617
582
597
588
580
588
566
558
550
558
538
527
507
533
548
516
520
495
486
479
456
443
433
412
421
439
413
379
432
397
386
376
333
366
370
373
374
373
360
394
387
413
384
377
418
376
367
417
418
412
397
406
408
393
408
459
372
444
421
455
441
455
428
449
403
442
425
428
421
478
431
420
422
441
440
383
430
385
431
425
441
403
444
490
462
545
520
557
568
615
611
633
700
702
725
801
810
840
801
845
871
834
881
822
814
788
706
729
723
686
666
640
619
598
519
536
511
489
448
477
452
436
452
461
450
386
480
464
457
492
518
516
554
589
560
609
574
637
626
648
629
659
655
606
610
642
614
554
549
578
527
496
437
464
435
456
404
373
327
314
327
327
299
257
299
269
268
267
264
228
240
240
231
239
231
224
216
203
203
235
235
221
203
224
225
230
220
256
220
203
205
190
214
208
223
224
178
212
213
231
215
229
204
219
208
221
211
198
205
195
215
241
195
226
217
229
226
248
231
239
223
229
257
250
226
212
223
257
276
239
247
269
271
306
319
286
303
320
328
340
349
362
386
435
458
426
444
453
440
492
453
481
458
475
447
453
468
431
441
423
421
426
390
370
363
371
368
343
324
288
290
299
253
281
281
235
237
292
248
242
234
210
224
194
206
239
197
209
220
226
191
192
210
188
179
184
217
217
170
195
174
179
180
185
161
191
189
187
173
204
223
168
183
200
201
191
221
211
200
219
231
227
189
205
189
223
244
241
232
240
249
248
263
268
291
263
275
271
273
272
245
261
285
248
267
235
263
268
253
242
223
217
251
212
209
219
220
219
168
182
198
179
189
205
173
196
183
164
183
195
161
168
165
181
181
166
169
167
154
159
136
130
143
145
145
146
137
151
144
142
140
160
133
145
125
145
138
144
148
145
126
136
152
158
142
152
127
147
141
143
151
133
144
114
157
154
161
136
132
144
159
165
147
143
160
149
176
142
165
196
163
200
183
212
199
196
192
214
213
225
186
191
194
202
205
226
232
216
238
218
212
211
198
230
204
195
223
211
225
206
184
234
217
196
202
191
193
215
198
192
203
199
196
181
211
203
191
224
229
232
232
229
265
249
255
273
268
253
288
298
305
302
329
337
368
371
345
351
354
397
419
379
392
392
385
406
382
339
416
365
322
349
332
334
308
315
285
263
273
239
254
200
241
223
198
192
185
208
178
186
189
175
166
202
165
162
163
166
157
132
147
145
142
159
163
137
142
148
124
117
128
125
122
110
132
120
131
124
116
117
105
116
110
105
120
129
89
108
128
105
116
109
112
107
111
109
108
105
125
111
112
139
144
105
143
135
133
145
124
127
127
122
137
133
138
133
153
123
169
134
146
144
147
140
119
149
146
138
134
146
131
121
142
140
123
108
130
116
108
142
99
115
119
93
106
105
119
113
105
113
100
103
118
103
88
94
98
112
92
113
94
84
97
84
84
84
74
97
96
81
83
85
93
89
99
67
76
75
99
69
85
66
97
85
89
61
64
92
79
72
90
78
84
85
82
91
74
81
80
88
95
90
99
94
84
102
100
95
97
98
92
103
111
111
111
126
127
140
118
145
132
134
122
146
157
138
164
168
170
183
157
187
182
190
194
192
206
184
178
230
200
188
213
206
226
232
206
166
198
216
217
185
180
194
178
153
179
161
138
163
129
134
121
112
116
107
115
113
98
100
99
109
91
83
69
81
66
73
72
78
63
71
74
70
72
64
69
67
76
76
62
70
65
77
77
79
60
73
69
74
70
75
76
74
82
87
82
65
77
75
69
72
71
65
83
61
83
55
60
70
68
49
48
57
59
65
60
57
56
62
70
63
53
72
54
73
66
53
53
48
59
57
58
46
48
42
45
46
32
49
72
55
59
45
49
58
41
51
41
71
48
54
52
43
51
49
47
44
45
50
43
44
46
47
38
52
41
45
50
43
38
39
43
36
47
46
49
51
43
58
52
48
49
61
50
50
47
31
52
37
46
54
30
39
47
50
44
50
46
49
37
44
36
45
43
38
49
41
43
42
41
43
39
46
47
37
52
44
46
46
34
46
46
48
47
47
52
51
41
37
33
45
44
30
51
36
53
31
52
38
41
35
43
56
43
46
40
34
40
48
49
39
38
39
39
41
47
45
50
63
49
58
49
57
71
59
81
62
62
69
74
67
64
65
79
81
79
75
81
91
86
73
77
78
80
89
84
78
77
96
82
83
98
83
83
80
90
68
72
83
87
72
62
72
77
65
81
57
54
75
59
60
42
51
72
59
67
59
52
58
61
52
63
50
61
71
56
39
72
53
72
59
66
59
58
72
75
67
67
61
67
65
67
84
79
75
72
91
74
97
76
73
67
96
80
86
76
81
89
67
98
77
90
78
71
83
75
66
84
72
56
59
76
57
62
56
51
79
72
65
75
48
67
52
57
55
57
37
57
63
51
56
68
53
50
49
52
54
54
45
41
58
47
50
49
62
67
59
43
49
45
50
52
51
49
46
55
49
54
49
43
54
61
45
42
47
34
52
48
50
38
55
53
37
47
51
56
40
31
58
55
44
45
51
69
52
43
53
64
49
43
44
44
46
46
43
47
46
47
44
45
52
44
42
59
51
32
37
45
41
48
38
32
48
48
52
35
35
47
38
44
50
41
46
38
36
42
40
40
30
39
42
36
28
45
28
38
37
37
27
39
46
32
36
32
28
33
23
36
33
44
33
28
33
38
35
34
34
34
23
45
30
34
31
34
35
34
34
35
29
34
31
34
29
35
29
35
31
22
28
34
31
20
34
29
26
27
20
21
23
15
21
28
19
23
24
33
27
17
16
28
20
15
21
23
14
17
24
16
22
20
23
20
26
18
15
14
19
18
18
25
18
24
11
22
21
16
25
27
21
27
19
16
23
20
20
18
18
27
28
26
25
28
33
25
24
32
34
42
35
37
34
51
25
46
33
45
55
58
56
52
59
63
69
77
74
93
81
78
80
91
82
101
105
122
120
100
129
146
140
146
140
150
135
160
156
151
147
156
177
162
146
138
154
152
157
156
139
146
172
150
133
121
139
117
131
127
99
127
107
94
85
62
84
75
84
84
65
63
48
57
45
40
45
38
32
40
24
31
32
27
19
33
30
10
23
25
21
21
21
16
26
21
13
18
20
21
10
17
11
14
14
18
18
15
13
21
12
19
16
25
19
10
15
17
24
12
12
17
10
21
18
16
12
5
13
12
16
15
14
20
13
17
10
11
10
21
11
16
9
18
17
17
8
20
10
8
10
13
16
14
10
19
8
20
16
10
15
6
13
10
12
17
15
18
11
13
18
10
14
18
11
19
16
15
14
15
6
14
9
11
16
14
10
13
16
10
11
9
9
8
17
15
10
$ROI:
43
143 193
144 194
424 531
429 529
440 544
440 545
440 549
443 544
443 553
490 516
604 1134
679 1395
690 1434
772 934
800 953
827 855
828 856
840 1946
849 1974
857 2002
872 900
880 1058
887 915
914 1083
1010 1038
1208 1258
1345 1375
1418 1448
2436 2526
3229 3279
3607 3645
6449 6521
6459 6531
6463 6535
6464 6536
6467 6539
6471 6543
6482 6526
6489 6513
6497 6521
12997 13047
12999 13049
13000 13050
