$SPEC_ID:
GAMWIN
$SPEC_REM:


$DETDESC:

$DATE_MEA:
10/31/2025 14:20:48
$MEAS_TIM:
231673.57 232727.57
$MCA_CAL:
3
1.32118272781372E+001 1.29107522964478E+000 0.00000000000000E+000
$DATA:
0 2047
0
0
0
0
0
0
0
0
0
0
0
0
0
0
0
0
0
0
0
0
0
0
0
0
0
0
0
0
0
0
0
0
0
0
0
1448
1305
1347
1341
1356
1446
1562
1604
1775
1677
1718
1776
1870
2023
2264
2434
2496
2537
2632
2581
2494
2417
2333
2184
2140
2248
1966
2010
1920
1766
1634
1650
1471
1372
1261
1283
1165
1204
1162
1233
1238
1179
1128
1192
1152
1156
1158
1131
1167
1190
1218
1111
1179
1156
1171
1237
1228
1189
1180
1197
1192
1199
1219
1222
1248
1186
1230
1168
1170
1280
1162
1240
1222
1202
1226
1191
1208
1147
1190
1170
1116
1161
1171
1167
1128
1158
1162
1137
1175
1160
1160
1271
1262
1363
1368
1320
1392
1303
1329
1230
1185
1206
1174
1063
1163
1109
1163
1162
1199
1192
1122
1136
1183
1121
1110
1143
1107
1137
1162
1120
1144
1120
1150
1163
1135
1212
1185
1333
1306
1354
1446
1446
1480
1525
1482
1505
1431
1402
1308
1282
1159
1123
1182
1027
994
1059
968
981
930
929
926
936
925
958
933
930
922
962
954
935
985
959
1019
1009
942
903
1025
1014
966
1050
1064
1090
1037
1143
1118
1112
1028
1057
1074
955
978
920
856
892
811
793
696
718
734
739
697
706
798
741
721
673
719
754
750
758
793
819
789
818
841
868
903
919
1000
985
1135
1104
1081
1135
1158
1115
1068
1087
1016
933
961
917
779
823
743
738
654
627
602
568
603
544
566
491
546
524
525
542
493
528
563
494
490
509
495
504
560
483
513
508
505
517
522
511
544
486
497
460
437
477
477
460
462
481
466
473
425
470
442
442
429
427
443
429
425
435
428
444
447
429
445
474
427
447
443
448
423
418
449
402
427
462
443
421
401
468
454
451
417
417
461
479
413
471
446
418
436
430
454
412
418
381
420
391
414
469
445
489
494
519
499
498
546
543
566
614
621
647
594
664
663
638
640
639
613
583
562
548
545
462
452
432
417
421
364
357
374
344
331
325
334
349
339
334
358
325
329
329
320
341
325
322
331
347
310
330
347
348
344
358
343
334
341
363
375
364
377
370
401
332
381
398
404
451
410
427
402
415
463
469
441
464
448
468
454
509
556
538
530
574
567
572
557
542
586
537
513
514
430
478
445
445
401
382
359
333
337
323
317
279
295
280
285
293
282
286
271
260
289
267
270
276
233
258
264
289
254
282
281
277
255
276
266
261
269
278
275
243
244
264
273
242
262
241
240
248
199
256
256
249
255
241
253
235
214
209
247
286
246
243
243
264
267
222
252
249
288
257
284
250
258
224
264
258
257
215
274
253
266
252
209
262
231
249
247
229
253
253
242
217
244
227
265
243
231
247
253
223
250
251
273
242
247
234
283
256
248
256
235
267
244
254
255
276
251
273
224
241
247
254
242
259
242
215
241
253
217
239
250
229
211
241
248
223
220
234
244
210
238
225
213
235
225
231
221
231
217
227
210
231
250
219
236
264
241
237
245
235
261
233
210
251
254
262
269
269
239
285
283
267
294
291
266
313
327
353
347
330
370
381
395
358
414
389
370
400
405
388
393
378
315
327
355
333
312
329
303
264
289
289
237
268
257
252
241
221
262
238
237
259
265
232
275
252
244
242
235
237
251
249
230
229
251
228
216
244
223
246
216
207
210
210
223
208
216
194
205
221
213
204
191
204
220
216
228
225
227
185
201
208
205
219
227
221
185
194
239
208
197
212
202
196
209
192
182
199
203
180
196
169
200
196
162
158
177
191
179
148
159
166
148
182
152
164
156
180
181
160
144
162
141
153
161
148
158
165
154
147
148
138
164
144
128
145
154
183
158
168
167
150
144
150
144
138
158
139
156
156
141
147
160
148
167
166
164
158
127
148
169
162
151
136
165
158
144
150
169
148
152
164
131
143
162
158
155
153
175
163
151
152
157
186
185
163
179
174
176
193
163
166
174
176
204
185
167
180
182
185
163
193
170
179
179
187
195
154
171
177
168
165
159
165
160
153
167
157
163
178
150
158
157
132
132
142
153
146
144
131
159
144
142
138
150
133
134
149
128
136
135
140
130
134
154
136
152
130
132
129
137
146
129
147
124
128
134
131
151
124
145
128
137
116
123
142
137
144
150
129
158
151
150
157
126
148
155
135
143
145
159
171
130
158
162
129
154
146
135
144
119
116
147
133
148
135
112
122
137
144
125
136
142
116
130
127
118
134
125
128
122
92
132
129
126
143
118
116
118
114
134
144
127
122
123
110
129
127
144
129
111
117
107
105
120
106
122
129
132
116
108
104
125
125
130
105
110
113
107
120
126
122
110
137
97
104
138
116
117
97
116
135
133
132
109
136
117
128
124
127
106
111
145
136
129
126
118
116
122
126
116
124
132
128
146
137
146
138
129
139
128
141
128
144
142
143
134
166
127
157
126
143
133
133
153
144
137
132
122
149
149
143
123
147
136
150
138
143
143
141
135
157
162
161
173
169
176
190
189
185
195
204
223
215
221
246
219
257
263
260
256
273
243
254
275
313
273
273
308
264
258
266
287
269
255
256
250
234
253
224
237
198
211
195
194
185
181
203
178
173
160
147
163
123
140
125
146
108
141
130
119
131
109
93
106
137
93
102
115
105
96
109
99
111
104
102
101
103
103
101
86
83
97
86
84
101
88
85
77
78
79
87
74
84
91
72
74
81
78
94
87
57
75
78
73
56
61
52
79
81
59
55
65
75
71
62
70
67
67
62
57
58
63
61
52
58
72
51
59
59
61
68
56
50
50
62
60
48
60
55
59
46
55
66
49
61
52
46
57
48
53
50
44
42
52
52
54
52
56
48
65
49
61
58
47
40
58
57
52
48
50
44
42
54
43
50
49
59
39
48
45
46
50
66
48
64
51
44
57
59
47
54
42
52
60
39
54
41
59
54
50
50
46
51
53
58
42
55
49
56
56
65
58
48
54
39
58
54
62
55
48
61
70
52
61
57
68
54
67
86
54
71
80
58
87
82
66
82
69
66
63
72
76
77
62
84
76
48
55
72
65
86
78
77
68
50
68
76
78
65
56
55
62
64
65
59
56
68
56
56
64
51
48
55
46
55
44
45
52
46
55
55
46
47
50
48
53
46
49
50
30
45
32
41
46
47
38
56
50
33
29
48
41
49
35
36
54
44
46
39
31
36
31
29
31
35
47
42
32
37
44
40
41
41
44
39
39
38
33
33
35
33
31
34
21
44
29
34
41
28
40
21
34
41
39
40
34
37
43
33
41
36
40
38
33
31
31
27
39
34
40
32
34
27
29
27
31
24
29
39
33
36
26
30
36
29
44
36
27
30
29
33
37
29
51
26
27
34
35
30
31
29
42
29
31
39
26
26
34
25
26
25
32
36
36
26
26
42
40
35
26
31
41
30
31
45
40
31
29
38
37
30
38
43
32
42
34
34
31
26
39
37
39
47
45
27
27
33
31
28
36
38
33
29
31
37
31
28
38
32
38
29
41
36
27
27
35
45
27
29
28
28
32
36
26
38
35
38
26
26
34
28
27
33
24
31
30
34
35
26
30
35
38
23
28
37
23
33
22
39
25
30
33
37
25
20
22
30
33
29
48
33
36
41
39
41
36
23
33
32
27
40
37
38
39
43
51
34
45
33
29
44
38
30
39
49
37
42
43
56
32
43
39
32
45
37
36
49
46
38
53
46
36
44
45
39
52
48
40
44
33
34
35
35
46
38
38
50
35
46
41
46
37
45
56
40
38
47
42
50
46
46
43
49
43
33
33
40
43
46
43
32
26
53
49
39
40
43
44
43
43
45
37
39
51
40
23
41
27
41
49
32
41
40
31
34
31
41
44
43
35
47
38
37
26
35
40
27
33
47
42
36
31
36
39
32
32
29
32
35
47
36
28
35
36
34
38
32
31
31
36
29
30
30
28
28
31
36
27
32
32
23
27
34
36
39
27
36
40
46
34
26
30
28
35
27
39
31
34
41
30
23
37
37
33
29
34
40
32
21
41
26
31
46
32
39
30
25
34
35
20
34
42
27
35
28
28
38
32
35
38
29
30
27
33
22
37
26
31
26
39
31
38
23
33
30
31
38
27
40
35
32
34
37
27
38
35
36
32
32
31
43
34
30
30
41
49
37
41
36
45
29
30
32
30
42
42
38
48
37
44
41
39
32
41
34
52
37
40
41
46
32
25
30
32
36
44
33
38
42
38
32
43
32
33
35
39
35
47
31
30
46
33
44
39
37
31
24
33
35
33
27
36
32
27
42
34
33
24
40
41
38
40
24
34
37
30
31
33
35
29
48
24
45
34
33
35
29
28
29
36
32
43
26
39
43
33
25
40
31
34
32
34
35
39
33
28
39
44
37
58
41
51
32
29
36
50
28
39
42
41
37
50
48
47
46
44
51
37
49
54
42
40
45
53
55
41
46
54
45
39
44
55
52
45
51
56
53
41
33
38
46
49
50
36
53
47
47
41
46
42
39
48
46
45
40
35
45
33
38
42
39
32
50
37
43
35
28
36
39
37
29
34
24
34
20
30
38
25
30
31
42
44
26
32
33
25
32
28
38
38
29
29
41
37
36
41
30
30
36
31
27
29
34
27
31
37
38
29
22
29
38
36
30
41
22
37
29
29
37
35
36
24
40
41
36
29
35
37
28
38
41
44
35
27
17
37
28
33
33
20
30
29
34
25
36
30
40
30
43
27
28
33
33
30
29
28
35
31
25
22
30
32
25
34
31
36
30
41
38
39
41
44
34
32
$ROI:
43
143 193
144 194
424 531
429 529
440 544
440 545
440 549
443 544
443 553
490 516
604 1134
679 1395
690 1434
772 934
800 953
827 855
828 856
840 1946
849 1974
857 2002
872 900
880 1058
887 915
914 1083
1010 1038
1208 1258
1345 1375
1418 1448
2436 2526
3229 3279
3607 3645
6449 6521
6459 6531
6463 6535
6464 6536
6467 6539
6471 6543
6482 6526
6489 6513
6497 6521
12997 13047
12999 13049
13000 13050
