$SPEC_ID:
GAMWIN
$SPEC_REM:


$DETDESC:

$DATE_MEA:
11/03/2025 07:00:56
$MEAS_TIM:
27234.90 28028.38
$MCA_CAL:
3
1.32118272781372E+001 1.29107522964478E+000 0.00000000000000E+000
$DATA:
0 2047
0
0
0
0
0
0
0
0
0
0
0
0
0
0
0
0
0
0
0
0
0
0
0
0
0
0
0
0
0
0
0
0
0
0
0
2604
2696
2837
2951
3144
3459
3683
4021
4081
4261
4490
4753
5329
6165
7088
7898
8517
8469
8221
7484
6798
5832
5441
5190
4975
4930
4868
4766
4386
4031
3577
3175
2996
2495
2313
2091
2009
1960
1945
1777
1828
1858
1824
1823
1831
1802
1751
1728
1745
1794
1842
1853
1885
1922
1934
1976
1909
2004
2032
1880
1917
1889
1950
1937
1927
1864
1979
1964
1924
1860
1966
1925
1851
1838
1929
1911
1761
1790
1747
1778
1722
1656
1657
1658
1672
1724
1694
1774
1764
1793
1836
2048
2128
2168
2166
2278
2213
2185
1968
1996
1920
1818
1764
1743
1654
1632
1683
1617
1764
1696
1660
1717
1673
1704
1655
1620
1570
1587
1470
1556
1587
1623
1744
1881
2043
2326
2582
2861
3307
3607
4046
4109
4333
4473
4456
4333
4060
3786
3336
2872
2504
2251
1879
1697
1493
1349
1288
1170
1183
1250
1198
1169
1199
1243
1269
1293
1274
1292
1306
1263
1302
1296
1356
1329
1420
1400
1540
1659
1780
1896
1977
2137
2106
2184
2101
2104
1998
1924
1801
1677
1499
1409
1251
1150
993
937
879
851
809
787
868
834
835
953
961
992
991
1097
1186
1212
1383
1405
1525
1653
1702
1903
1953
2052
2287
2363
2471
2634
2617
2736
2697
2637
2615
2453
2206
2144
1814
1691
1414
1346
1141
1029
864
764
720
691
607
600
589
545
537
495
549
496
493
528
529
516
543
506
517
535
521
494
501
572
561
544
550
552
541
579
536
526
512
519
511
503
447
447
444
427
475
421
442
424
395
411
403
391
407
395
400
384
436
384
406
414
387
391
390
417
429
446
456
450
504
430
461
457
464
464
452
423
475
455
444
438
400
440
401
387
406
387
372
384
397
360
344
351
324
383
354
399
362
458
425
402
413
445
474
539
488
520
460
511
519
512
550
494
432
448
419
417
406
395
416
397
328
347
312
330
338
332
302
299
323
330
336
329
312
304
299
320
327
318
312
314
356
319
366
374
401
441
409
469
488
497
531
600
641
696
728
778
842
809
829
900
876
925
915
965
956
1023
1003
1016
997
1063
1126
1115
1118
1300
1239
1290
1322
1402
1302
1305
1339
1298
1267
1215
1210
1066
980
938
894
763
674
588
574
480
431
375
367
299
325
270
298
279
263
237
287
231
234
245
246
238
237
253
287
243
246
234
266
241
235
294
263
232
279
253
262
255
258
224
237
241
238
249
229
252
222
240
218
240
212
243
229
234
235
213
240
287
256
247
242
221
280
308
265
274
297
282
258
292
291
293
287
312
310
296
317
294
273
284
290
325
295
275
256
286
279
256
281
256
266
245
276
237
291
253
261
295
280
281
279
287
298
311
310
301
307
362
347
345
331
346
318
319
298
302
298
305
316
291
275
288
292
265
272
274
277
249
252
234
263
252
238
240
233
206
216
217
199
220
193
224
190
222
201
197
193
213
211
181
207
211
186
204
202
186
203
213
209
223
226
218
200
222
231
234
231
214
238
251
254
216
216
237
216
243
236
220
214
232
245
210
224
221
232
227
197
226
207
226
235
215
244
236
256
254
260
265
263
312
297
335
276
342
328
375
398
376
396
421
415
410
423
417
408
433
420
400
365
366
332
303
334
298
320
291
282
252
246
273
226
264
236
213
259
231
215
259
248
296
261
296
282
277
290
301
311
313
318
320
299
328
344
318
329
297
333
324
280
283
262
260
258
231
242
217
237
216
187
203
207
149
174
163
159
188
151
137
125
150
124
150
132
117
114
110
118
136
121
138
127
128
117
122
116
121
144
120
109
151
133
125
120
109
117
133
136
116
105
117
118
118
117
128
122
118
110
129
131
139
137
119
148
130
117
120
145
131
139
130
127
121
161
154
147
146
130
130
139
142
148
147
167
181
155
153
192
188
202
200
180
230
212
217
218
240
261
241
233
280
297
258
259
271
246
283
265
270
274
233
259
268
258
257
213
242
202
193
199
179
181
166
171
185
158
169
153
157
159
164
117
152
133
159
123
115
119
149
112
137
137
121
119
130
134
132
124
134
112
109
119
118
126
121
120
111
119
115
133
119
117
135
118
108
113
130
159
114
123
137
110
111
127
123
130
142
149
155
146
119
146
143
171
147
158
164
169
157
166
168
174
142
169
168
146
155
146
132
142
163
150
147
137
131
142
113
125
127
101
113
125
100
114
87
112
111
100
95
100
96
105
102
98
86
80
113
100
104
80
66
92
81
85
94
98
95
76
73
82
73
76
73
81
71
80
89
99
71
65
81
81
92
84
76
97
67
82
64
71
64
74
68
87
84
75
59
74
72
83
89
77
76
71
86
84
76
90
89
107
101
116
101
94
103
102
88
99
113
114
111
100
113
114
121
113
101
121
101
126
119
122
123
125
115
116
114
136
116
109
124
121
113
127
131
120
117
119
114
128
112
107
123
113
117
122
128
116
126
123
135
153
143
155
131
164
198
167
184
219
218
214
255
252
284
291
332
306
293
321
331
338
349
341
366
326
323
335
334
330
328
326
330
314
307
264
256
264
232
206
231
213
210
173
200
188
161
149
158
134
148
140
96
96
109
89
89
74
95
95
75
80
80
92
66
77
74
69
53
83
77
72
81
79
70
71
61
53
53
64
64
65
63
65
61
65
59
55
68
52
52
51
69
46
63
57
58
57
51
48
72
65
51
63
60
69
59
65
71
61
70
76
53
67
68
79
65
59
72
74
65
73
68
81
70
64
61
68
64
75
69
63
59
66
70
57
69
73
63
67
66
73
67
61
50
57
61
50
56
37
56
46
40
44
49
52
43
54
42
45
61
45
47
58
50
44
49
35
45
46
45
40
36
36
44
48
46
53
41
42
33
42
29
35
41
52
46
32
33
38
22
37
35
50
51
32
39
47
43
32
45
40
39
48
47
48
34
57
45
42
46
52
44
62
69
57
59
72
65
64
66
74
66
66
65
88
81
93
91
73
107
90
87
108
103
106
98
96
125
101
103
112
110
106
104
113
106
122
117
127
92
97
97
117
108
110
106
112
117
90
92
102
80
90
90
78
55
68
63
66
58
49
48
33
49
38
45
49
45
33
41
36
31
27
39
44
31
39
41
35
38
37
35
44
36
40
31
43
39
42
39
38
37
31
41
35
30
42
40
36
45
34
37
35
31
39
34
35
36
37
50
30
39
25
35
38
35
37
33
26
37
31
32
25
35
23
18
29
33
36
24
39
24
25
23
31
22
33
23
30
27
22
27
27
23
22
21
28
18
17
25
20
18
22
23
19
34
22
23
23
28
26
26
23
23
27
20
23
21
21
23
18
30
19
27
15
19
23
14
25
20
32
11
22
23
22
20
22
22
20
14
21
35
17
17
21
28
22
25
18
27
18
26
21
23
29
30
15
22
16
24
28
25
32
24
20
13
24
28
16
33
15
20
20
22
16
27
21
28
13
20
21
20
22
26
21
23
18
20
22
31
17
19
19
27
21
20
21
28
13
24
16
18
27
29
18
19
23
16
22
21
29
29
25
22
12
18
21
15
22
29
28
27
35
34
30
36
39
32
40
32
37
25
42
49
41
50
32
41
31
44
39
40
44
42
45
32
38
39
27
29
42
26
50
29
24
28
29
30
35
29
42
24
33
34
35
28
31
23
31
25
22
24
26
20
35
33
36
22
35
27
25
21
29
28
27
37
31
28
35
41
27
48
35
45
31
36
44
39
41
41
28
40
39
43
45
54
44
40
42
50
45
30
36
35
42
35
47
32
38
39
40
45
30
29
37
31
39
34
28
26
36
29
28
30
24
21
28
18
38
26
21
32
25
23
34
28
30
17
23
17
20
27
27
30
21
25
23
14
24
18
22
22
21
21
25
28
21
18
28
21
28
32
19
29
18
19
15
15
19
22
13
13
23
24
29
24
26
23
19
27
13
25
22
25
24
29
22
33
19
25
31
21
27
16
11
28
25
19
22
20
24
18
24
31
33
30
30
13
24
21
14
20
16
17
19
22
17
21
27
19
24
17
15
25
21
18
25
21
12
18
20
17
19
20
17
15
25
15
18
19
18
10
16
28
9
21
10
21
15
13
12
17
19
13
16
21
16
17
23
18
21
13
17
14
11
16
20
18
18
19
15
16
8
20
15
20
17
14
15
16
8
15
19
17
18
15
11
12
12
16
9
18
13
12
13
13
15
12
11
16
13
9
11
11
13
12
10
9
8
8
15
9
9
5
8
5
11
15
9
12
12
5
4
11
6
8
8
7
10
23
8
9
11
11
6
9
7
7
10
10
11
17
13
11
13
8
11
11
15
9
9
4
13
15
22
24
17
19
22
17
20
20
19
31
23
24
17
37
20
40
35
45
42
36
53
49
47
47
67
46
56
49
61
69
69
69
57
67
67
63
71
73
74
66
77
69
79
82
83
68
67
69
65
66
77
72
72
63
86
47
58
54
49
49
38
49
42
44
39
32
27
24
27
36
29
21
30
28
12
18
22
18
17
20
11
15
9
16
13
9
11
8
9
7
9
8
11
5
4
6
9
10
6
11
10
7
9
7
11
8
6
8
9
11
7
13
2
7
12
4
5
12
11
3
8
7
6
2
9
6
9
4
4
7
4
6
8
5
9
7
5
3
7
9
6
5
11
5
1
12
4
7
4
6
7
7
4
4
8
7
7
3
7
5
12
4
9
5
6
7
6
5
5
4
3
6
1
4
3
10
1
10
5
11
3
4
2
8
9
5
10
5
5
$ROI:
43
143 193
144 194
424 531
429 529
440 544
440 545
440 549
443 544
443 553
490 516
604 1134
679 1395
690 1434
772 934
800 953
827 855
828 856
840 1946
849 1974
857 2002
872 900
880 1058
887 915
914 1083
1010 1038
1208 1258
1345 1375
1418 1448
2436 2526
3229 3279
3607 3645
6449 6521
6459 6531
6463 6535
6464 6536
6467 6539
6471 6543
6482 6526
6489 6513
6497 6521
12997 13047
12999 13049
13000 13050
