$SPEC_ID:
GAMWIN
$SPEC_REM:


$DETDESC:

$DATE_MEA:
08/25/2025 06:25:51
$MEAS_TIM:
28243.39 28611.32
$MCA_CAL:
3
1.32118272781372E+001 1.29107522964478E+000 0.00000000000000E+000
$DATA:
0 2047
0
0
0
0
0
0
0
0
0
0
0
0
0
0
0
0
0
0
0
0
0
0
0
0
0
0
0
0
0
0
0
0
0
0
0
1189
1218
1272
1355
1500
1541
1686
1847
1784
1896
2031
2208
2490
2730
3309
3693
4025
4245
4081
3768
3319
3040
2683
2530
2471
2467
2394
2375
2154
2086
1951
1662
1420
1269
1236
1048
1050
999
994
956
971
897
912
842
856
883
860
839
818
877
854
966
926
940
959
994
1067
963
980
982
979
970
890
942
921
908
922
947
908
954
986
901
949
940
968
895
916
898
856
872
830
864
797
777
799
813
789
850
801
893
918
926
1005
936
996
1005
1068
1039
968
1000
900
926
840
843
849
835
834
842
877
911
929
912
895
905
881
839
831
813
818
801
790
788
859
902
953
1015
1182
1349
1550
1693
1831
2075
2249
2374
2422
2485
2365
2306
2070
1817
1581
1398
1171
1017
871
794
738
675
606
606
619
594
604
590
641
647
624
649
678
621
657
670
634
660
685
697
671
662
749
777
780
856
881
889
996
1010
980
920
881
876
770
752
694
593
589
540
480
408
440
424
406
422
445
428
435
481
482
497
553
616
605
662
716
789
778
816
887
839
935
1004
1052
1073
1145
1203
1200
1140
1145
1098
1125
988
1016
867
800
732
641
592
485
469
425
371
331
314
303
288
285
277
265
256
260
262
241
277
276
269
281
273
259
260
282
273
281
320
284
258
275
236
286
296
263
254
272
252
238
255
253
266
219
222
231
224
212
234
199
217
199
219
247
201
210
198
186
220
225
182
203
207
203
243
233
247
232
228
247
242
252
272
277
245
257
247
248
255
238
215
206
216
226
209
214
206
226
195
207
194
206
196
224
202
210
200
197
224
224
236
274
250
232
277
279
278
273
297
302
303
293
278
273
276
258
248
236
225
199
215
203
185
163
169
176
143
159
177
148
158
202
163
161
153
149
162
168
159
178
204
164
200
192
203
193
221
210
235
247
268
286
305
319
382
374
437
390
484
420
439
489
495
498
488
534
529
520
522
524
524
506
505
508
500
546
528
588
564
580
576
577
596
584
581
508
482
532
426
418
406
354
302
269
270
229
201
166
173
177
186
157
158
140
159
133
125
124
130
139
141
128
110
119
140
123
146
140
128
124
109
135
148
137
151
153
127
121
116
142
136
118
109
127
121
137
123
123
129
125
101
120
110
122
135
140
133
132
124
112
123
147
137
127
143
121
143
152
142
138
140
162
153
175
185
174
175
172
166
188
162
153
181
161
143
161
152
146
173
137
127
139
135
122
134
135
123
140
127
138
155
126
138
141
154
167
176
156
141
153
169
183
168
161
172
157
146
129
167
146
158
164
151
154
157
151
122
142
126
143
123
129
124
125
110
116
132
111
104
120
110
88
106
97
99
114
95
113
88
108
103
102
119
106
113
105
109
114
115
88
105
122
129
116
115
126
147
111
115
105
113
120
135
121
135
130
134
117
121
126
130
114
122
122
109
129
132
120
132
120
137
104
99
118
120
122
138
144
138
153
151
176
182
180
171
167
190
230
221
219
208
253
245
234
232
233
274
227
223
201
206
216
187
166
165
190
191
147
152
142
139
126
123
106
127
115
124
124
116
127
132
117
141
118
134
133
162
132
158
187
167
189
201
177
195
170
156
161
177
146
171
172
162
157
141
141
136
138
140
110
106
98
101
102
86
96
94
76
75
71
64
58
56
71
76
64
75
65
64
58
66
76
75
62
47
55
66
65
79
55
68
53
59
58
47
48
65
60
55
69
56
47
58
51
61
70
71
63
66
49
76
52
55
50
51
49
59
73
62
75
67
55
59
60
61
67
79
47
77
66
70
79
69
79
67
54
80
87
65
78
89
76
83
99
93
102
113
91
87
101
107
117
116
103
113
109
122
114
125
116
127
127
97
113
113
111
127
83
90
103
82
111
75
77
76
104
78
73
80
70
73
69
63
72
52
55
77
63
46
49
61
58
65
49
52
57
61
64
53
54
59
59
63
55
53
60
61
48
61
45
54
53
57
52
51
50
53
58
59
53
61
47
61
46
47
59
61
70
55
67
57
57
62
73
65
58
62
73
68
69
58
74
73
67
79
57
74
81
66
82
69
76
52
63
68
66
56
54
49
56
63
59
52
63
61
52
56
54
47
45
56
49
57
39
36
48
46
56
47
50
58
50
42
38
37
56
40
22
47
46
38
31
36
44
37
46
38
38
43
48
32
41
42
40
50
41
37
47
37
34
40
42
46
41
28
46
44
46
38
35
35
41
32
47
48
40
23
42
48
41
43
42
53
47
54
43
40
47
43
43
61
49
61
57
48
60
50
53
56
61
56
48
53
52
59
50
55
62
66
61
67
57
51
61
43
46
48
46
52
43
52
52
51
57
56
50
62
64
61
56
54
59
54
56
77
61
63
65
52
63
71
71
72
102
84
104
90
96
93
102
98
108
99
134
121
113
119
152
120
149
131
147
142
115
131
134
124
105
134
120
100
102
96
98
95
77
96
80
83
77
69
74
68
66
43
77
50
60
44
55
58
47
34
33
55
40
42
45
34
37
41
45
42
35
34
36
39
36
29
32
41
37
32
34
36
32
23
26
34
29
30
35
34
31
28
30
45
21
30
28
39
30
24
34
37
29
36
32
38
34
34
33
34
32
35
29
37
37
31
44
41
46
42
37
37
41
39
40
41
38
39
45
42
34
25
33
28
44
32
31
38
35
31
33
35
38
44
31
33
36
24
30
21
35
27
22
24
21
24
36
30
22
22
33
29
31
25
30
22
27
28
28
20
24
25
23
20
28
26
24
24
17
19
24
25
18
28
21
25
20
22
22
24
20
17
22
17
25
25
29
22
12
20
24
27
20
22
26
29
18
30
22
26
19
18
29
25
34
45
34
30
20
25
19
26
33
49
27
40
31
37
32
36
40
44
43
38
42
41
34
40
41
39
52
39
49
50
58
42
51
54
54
44
52
49
49
42
53
51
46
56
45
41
48
44
38
45
41
35
32
30
41
38
34
26
35
30
29
23
32
26
19
18
20
20
15
20
18
20
18
20
19
18
15
12
16
14
21
19
16
18
20
29
17
15
21
25
19
26
20
17
27
18
24
21
16
20
14
12
20
23
23
21
20
11
21
20
25
22
15
21
21
17
14
20
27
20
14
17
23
16
22
10
17
13
21
22
11
21
12
12
20
16
13
16
15
15
15
22
7
9
13
11
17
16
12
12
17
8
12
11
12
16
16
9
15
19
16
14
10
15
16
15
6
8
14
13
10
14
21
16
19
13
18
21
9
16
14
12
18
15
12
13
9
15
13
17
16
18
12
18
18
13
10
14
12
13
17
11
10
6
13
13
14
12
16
10
17
10
15
15
12
8
13
13
7
15
18
10
9
15
11
9
14
10
9
8
15
11
9
13
10
6
18
7
11
11
10
12
6
12
14
12
12
11
16
14
18
8
11
13
10
12
9
10
10
19
14
17
16
17
16
14
14
20
13
15
13
20
14
18
17
13
26
18
15
19
20
29
27
22
32
21
16
23
15
28
26
21
22
30
22
24
25
24
37
17
19
33
23
15
24
16
20
16
19
25
19
14
20
15
21
24
15
13
27
21
18
10
18
19
18
23
20
10
13
11
21
20
20
16
25
9
15
17
17
13
15
27
13
18
19
22
19
31
20
29
17
21
21
16
18
23
29
17
25
27
27
20
26
20
20
23
13
20
14
28
20
25
19
21
21
15
24
18
14
18
24
21
22
23
15
22
18
8
14
17
12
9
20
11
9
19
12
21
18
23
15
17
21
8
17
14
16
22
14
15
7
14
13
16
21
16
16
18
21
16
12
14
12
16
17
15
9
17
18
19
17
16
16
18
17
19
14
12
15
18
19
18
11
6
8
8
12
14
8
14
10
18
13
15
14
15
15
12
16
10
19
17
16
13
20
14
11
23
12
19
14
16
13
13
16
13
17
7
10
17
15
15
24
14
10
19
9
12
15
11
12
7
12
18
14
7
14
16
9
12
17
15
9
15
14
11
14
13
13
14
14
17
7
5
11
9
15
7
13
7
10
11
10
14
11
18
6
15
9
8
8
8
8
8
7
8
9
13
7
9
19
12
8
8
15
9
9
7
14
8
13
9
4
6
6
18
10
8
12
8
11
13
8
7
14
7
5
10
9
8
7
14
5
4
9
6
7
9
14
11
3
7
10
8
5
3
6
3
7
3
5
7
6
9
2
11
7
10
5
11
11
11
8
6
8
10
9
5
6
12
7
13
7
6
12
5
12
7
14
13
14
11
12
13
8
13
10
13
15
13
19
15
21
24
12
25
28
25
28
29
26
25
36
30
42
25
26
35
30
43
44
38
35
45
52
43
68
47
55
54
53
41
57
44
40
33
47
45
41
41
44
44
38
33
28
36
30
18
26
42
30
24
28
13
18
21
20
22
13
22
18
15
15
13
14
11
16
14
12
9
7
7
11
11
6
6
10
5
7
3
11
8
6
3
5
5
6
4
7
8
8
4
10
6
6
4
5
6
6
5
6
4
6
3
8
8
7
4
6
3
5
11
5
3
6
6
6
5
5
5
2
9
3
4
7
6
6
5
2
2
3
3
9
3
4
8
7
8
4
7
3
3
7
4
8
6
2
3
5
7
7
8
9
2
8
5
3
7
2
3
3
7
6
$ROI:
43
143 193
144 194
424 531
429 529
440 544
440 545
440 549
443 544
443 553
490 516
604 1134
679 1395
690 1434
772 934
800 953
827 855
828 856
840 1946
849 1974
857 2002
872 900
880 1058
887 915
914 1083
1010 1038
1208 1258
1345 1375
1418 1448
2436 2526
3229 3279
3607 3645
6449 6521
6459 6531
6463 6535
6464 6536
6467 6539
6471 6543
6482 6526
6489 6513
6497 6521
12997 13047
12999 13049
13000 13050
