$SPEC_ID:
GAMWIN
$SPEC_REM:


$DETDESC:

$DATE_MEA:
08/19/2025 10:42:52
$MEAS_TIM:
74041.90 75015.04
$MCA_CAL:
3
1.32118272781372E+001 1.29107522964478E+000 0.00000000000000E+000
$DATA:
0 2047
0
0
0
0
0
0
0
0
0
0
0
0
0
0
0
0
0
0
0
0
0
0
0
0
0
0
0
0
0
0
0
0
0
0
0
2806
2495
2547
2567
2554
2697
2779
2912
3114
3232
3300
3513
3876
4583
4981
5880
6470
6704
6464
6100
5451
4937
4507
4073
4043
3983
3871
3823
3564
3369
3062
2699
2433
2166
1997
1956
1767
1747
1794
1663
1637
1604
1670
1554
1492
1676
1559
1595
1515
1531
1582
1683
1721
1662
1669
1665
1712
1630
1649
1652
1618
1581
1627
1583
1579
1666
1593
1618
1645
1577
1650
1596
1569
1476
1558
1551
1485
1502
1589
1454
1514
1510
1503
1359
1376
1445
1472
1449
1468
1523
1503
1635
1721
1764
1799
1789
1851
1808
1751
1783
1739
1646
1624
1621
1590
1530
1522
1502
1496
1576
1546
1526
1560
1558
1587
1574
1501
1509
1507
1487
1486
1451
1423
1574
1794
1865
2022
2093
2435
2685
2964
3295
3488
3660
3609
3697
3590
3534
3075
2823
2583
2285
2009
1736
1576
1494
1268
1244
1192
1221
1192
1107
1120
1144
1121
1182
1172
1183
1177
1184
1242
1147
1146
1243
1288
1279
1305
1338
1388
1391
1557
1570
1677
1763
1713
1782
1834
1686
1686
1653
1506
1446
1366
1247
1049
1094
941
951
928
877
862
914
836
885
911
928
994
1017
1007
1071
1112
1228
1192
1277
1345
1382
1545
1630
1695
1803
1759
1837
1933
2085
2066
2070
2073
2132
2028
1986
1800
1680
1549
1407
1309
1274
1028
953
895
803
729
666
669
684
634
629
626
636
645
601
600
571
592
557
638
606
629
707
589
642
648
630
646
659
612
590
640
614
627
662
586
594
614
596
666
570
569
555
517
532
582
529
565
548
536
504
548
489
500
535
525
506
533
575
477
525
534
507
578
555
573
558
593
572
550
562
568
557
629
579
557
557
606
545
539
528
508
479
482
491
464
494
447
454
491
431
440
444
490
427
442
483
498
522
466
574
585
558
577
558
582
631
563
559
575
583
556
518
521
468
511
403
442
423
428
431
387
391
381
328
353
341
385
357
341
347
329
339
341
330
362
325
345
327
363
384
374
365
411
402
428
433
442
488
524
524
573
557
576
665
685
684
667
746
833
750
784
804
804
776
848
812
833
826
826
841
858
952
982
956
969
985
996
1044
1054
1040
1002
993
940
910
878
835
789
663
684
644
604
524
483
485
522
517
483
444
482
513
493
604
659
711
812
900
913
959
1126
1201
1261
1377
1415
1529
1642
1669
1683
1649
1654
1669
1619
1495
1424
1345
1241
1165
1146
1048
873
773
694
630
607
517
473
428
372
368
369
334
337
316
285
276
288
269
260
260
273
287
265
312
288
286
295
296
274
294
324
311
277
291
292
287
315
314
281
291
299
294
286
306
259
249
269
263
285
279
276
247
290
257
252
259
285
261
260
313
261
306
316
301
280
293
284
323
290
288
325
318
288
261
278
292
277
266
282
291
283
298
256
285
267
277
282
272
288
269
226
259
268
251
248
230
233
226
211
237
223
223
251
209
210
216
215
202
245
197
240
214
224
226
251
208
233
232
250
231
241
235
250
255
234
249
237
252
256
274
262
273
288
271
284
298
296
253
293
293
299
312
255
288
300
266
276
280
268
268
237
266
265
218
249
263
270
312
285
291
316
323
329
346
335
355
344
360
344
370
386
382
405
387
414
399
399
378
362
370
333
348
325
341
310
324
281
273
281
267
277
243
275
274
233
262
249
259
259
290
312
290
275
277
299
298
284
324
330
326
326
293
306
315
290
337
311
303
318
324
291
307
280
276
269
264
273
260
254
248
208
227
219
216
198
181
212
188
201
185
158
189
184
180
176
194
172
168
190
177
168
165
196
165
155
150
165
164
156
177
173
158
167
162
163
182
176
147
183
170
183
182
169
171
159
173
177
169
191
163
171
150
173
170
207
152
184
158
183
209
186
145
186
168
182
177
189
174
183
194
197
181
187
183
175
201
189
200
190
224
215
187
219
229
230
232
236
248
237
261
268
271
267
262
266
276
275
270
265
260
290
290
269
262
261
274
242
273
261
223
233
233
222
220
220
213
219
208
191
190
180
204
212
210
186
204
177
206
193
215
179
159
171
193
171
192
183
183
166
164
179
160
173
183
144
169
172
174
176
185
175
184
172
179
189
158
170
157
172
212
179
176
189
156
183
173
209
202
219
169
193
190
177
190
180
201
183
185
193
200
206
205
180
186
193
166
184
195
180
173
185
162
167
166
157
175
147
151
152
160
154
120
132
143
139
119
140
109
155
134
125
124
115
115
113
113
122
122
126
101
104
102
109
119
82
106
90
91
119
113
98
93
114
94
97
92
104
86
87
79
112
85
97
89
77
103
104
93
79
94
100
90
94
103
82
83
88
83
78
83
71
88
109
85
81
94
93
104
70
88
105
95
86
106
105
114
100
113
101
115
101
129
103
103
104
105
108
112
102
119
97
104
123
135
114
130
111
115
128
124
115
106
142
115
132
130
138
130
150
144
132
137
138
141
154
134
151
166
159
175
184
195
218
212
206
252
262
265
285
329
363
323
385
378
441
472
494
481
481
544
575
570
612
681
694
677
699
667
671
703
713
751
703
729
701
641
649
633
603
534
510
538
467
436
438
405
386
365
311
296
306
275
254
222
192
183
169
155
154
139
131
128
105
107
128
101
99
86
95
82
79
73
67
72
61
76
66
74
61
71
50
68
68
58
74
75
70
60
58
48
50
57
46
59
62
63
50
47
55
53
38
40
66
53
47
65
62
50
42
55
54
50
57
73
59
60
53
65
73
60
57
51
53
78
59
54
76
54
65
69
57
67
58
67
54
65
51
54
44
57
52
53
47
44
57
60
58
48
56
50
52
56
51
40
39
40
48
48
51
44
50
45
50
36
36
41
41
45
35
37
40
42
40
32
37
37
42
48
45
44
43
44
39
42
44
37
40
41
32
38
34
43
33
28
36
36
46
33
42
40
40
33
49
39
44
40
41
27
35
44
37
49
44
44
46
41
46
37
50
51
41
57
60
58
60
60
52
57
60
67
60
56
50
83
71
61
86
78
72
94
70
60
97
66
92
73
76
94
92
85
73
77
78
100
88
80
81
74
80
87
81
86
93
73
68
63
66
74
73
61
62
64
53
50
45
57
44
52
45
40
30
33
42
37
32
35
32
43
36
36
39
30
31
38
41
36
37
28
38
40
32
29
17
27
32
31
37
45
44
42
36
36
37
36
32
42
29
30
37
38
34
27
30
35
30
33
27
30
30
33
27
37
24
31
30
28
38
29
21
28
32
29
26
36
24
29
19
25
30
23
27
20
16
27
33
23
17
21
28
21
28
26
17
26
27
21
16
30
20
22
22
23
21
25
25
17
26
24
27
22
22
22
28
23
22
25
23
17
33
24
21
20
27
19
20
22
18
21
28
21
27
31
22
23
24
26
11
19
25
27
13
27
27
24
16
17
18
34
22
26
18
21
23
27
25
24
19
26
23
34
26
20
14
17
31
17
23
21
16
23
18
25
18
28
17
32
32
28
18
15
23
23
38
24
20
16
29
13
17
19
24
24
15
26
19
21
16
25
23
19
22
15
21
15
24
20
24
14
26
16
16
25
21
27
26
23
39
33
28
24
29
19
28
25
32
33
36
29
30
33
30
34
34
32
45
37
34
38
26
35
39
39
37
44
31
29
36
48
30
43
30
37
31
31
42
37
33
40
30
33
26
29
31
29
36
27
32
21
29
27
39
25
32
27
32
22
28
34
25
28
15
28
33
35
33
36
29
32
36
29
43
26
34
29
34
43
40
44
35
34
36
31
34
37
39
43
34
45
34
35
42
32
38
34
34
40
37
28
26
37
42
32
33
35
36
28
28
32
19
28
33
29
24
32
35
31
32
20
34
26
35
30
22
22
24
31
26
28
31
22
23
18
24
20
27
24
28
25
22
32
31
30
24
26
21
28
27
24
28
18
28
28
19
24
33
25
24
26
24
21
26
20
26
26
23
34
25
30
31
38
22
28
26
24
27
27
27
22
14
27
25
19
26
20
23
20
28
23
33
30
26
24
19
24
15
16
19
27
22
31
23
27
32
23
26
25
22
14
23
24
21
29
28
30
23
23
16
20
22
25
16
19
19
18
12
21
20
13
25
24
21
19
18
14
32
24
28
21
21
23
21
20
21
24
20
21
9
12
25
24
17
16
20
26
25
20
16
18
21
30
19
17
15
16
18
18
26
25
29
22
12
16
20
18
18
21
20
13
24
17
14
14
18
14
14
11
17
18
18
11
21
11
14
18
16
17
13
13
7
23
11
12
16
13
18
12
13
11
24
18
15
19
14
10
14
17
15
12
18
15
19
18
7
19
13
24
22
15
15
19
16
9
17
17
18
22
14
17
12
17
15
19
17
23
20
22
16
23
19
24
26
24
19
23
26
24
31
25
30
27
38
37
32
35
33
36
45
40
31
42
54
49
62
47
46
60
53
55
73
63
62
72
76
80
83
61
67
69
75
71
82
55
51
65
67
58
58
61
58
56
47
47
59
58
51
47
46
40
43
39
35
33
45
32
34
25
31
35
30
20
22
31
18
19
26
20
23
15
23
20
12
16
12
14
15
17
20
18
12
12
14
16
9
13
11
10
18
10
14
15
5
15
14
14
13
9
16
19
14
14
11
16
11
19
13
12
10
7
17
12
12
11
9
13
6
16
12
13
11
4
9
13
7
12
16
9
17
13
12
13
13
12
6
11
12
11
17
13
6
16
14
3
11
10
13
16
16
15
12
10
12
11
12
12
16
5
7
12
19
$ROI:
42
143 193
144 194
424 531
429 529
440 544
440 545
440 549
443 544
443 553
490 516
604 1134
679 1395
772 934
800 953
827 855
828 856
840 1946
849 1974
857 2002
872 900
880 1058
887 915
914 1083
1010 1038
1208 1258
1345 1375
1418 1448
2436 2526
3229 3279
3607 3645
6449 6521
6459 6531
6463 6535
6464 6536
6467 6539
6471 6543
6482 6526
6489 6513
6497 6521
12997 13047
12999 13049
13000 13050
