$SPEC_ID:
GAMWIN
$SPEC_REM:


$DETDESC:

$DATE_MEA:
08/22/2025 08:21:23
$MEAS_TIM:
248543.96 252206.61
$MCA_CAL:
3
1.32118272781372E+001 1.29107522964478E+000 0.00000000000000E+000
$DATA:
0 2047
0
0
0
0
0
0
0
0
0
0
0
0
0
0
0
0
0
0
0
0
0
0
0
0
0
0
0
0
0
0
0
0
0
0
0
11089
11517
11963
12785
13532
14630
15852
16653
17781
18228
19209
20415
22831
26363
30814
35216
38322
39829
38678
35531
31715
28207
25724
23696
23210
23230
22385
21980
20717
19090
17301
15348
13643
12257
10864
10075
9564
9329
9135
8912
8640
8430
8392
8075
8349
8133
8114
8126
8142
8302
8237
8618
8886
9021
9177
9315
9362
9282
9163
9036
8750
8874
8835
8745
8689
8684
8916
8790
8782
8715
8730
8815
8881
8791
8553
8475
8264
8299
7995
7910
8058
7862
7827
7472
7682
7562
7754
7646
7815
8047
8409
8888
9139
9206
9565
9847
9751
9868
9546
9205
8931
8571
8390
8049
7982
7868
7886
7800
7953
8248
8317
8284
8068
8332
7949
8116
7937
7655
7593
7594
7785
7718
7964
8547
9232
10135
11754
12846
14688
16443
18616
20293
21612
22685
23052
22981
22165
20751
18668
16865
14877
12916
10724
9509
8067
7243
6594
6113
5870
5674
5556
5648
5847
5782
5844
5989
6175
6262
6173
6204
6200
6244
6111
6213
6348
6429
6672
6829
7219
7727
8165
8423
9052
9322
9452
9627
9416
9067
8866
8215
7851
7294
6529
6043
5519
5010
4686
4367
4392
4021
4182
4038
4097
4222
4370
4718
4812
5069
5270
5652
5978
6465
6779
7110
7429
7817
8324
8813
9400
9937
10236
10560
11040
11330
11430
11680
11403
11199
10692
10178
9633
8482
7784
6836
6162
5381
4699
4355
3881
3432
3222
2962
2824
2694
2713
2645
2571
2604
2616
2478
2570
2583
2577
2568
2566
2638
2667
2546
2551
2598
2702
2591
2650
2695
2653
2609
2560
2531
2572
2520
2556
2480
2408
2461
2365
2316
2233
2239
2122
2119
2122
2061
2013
2055
2044
2009
2072
2019
1961
1949
1950
1993
1957
2033
2045
2039
2074
2239
2168
2116
2276
2272
2366
2364
2262
2441
2420
2446
2471
2400
2335
2262
2230
2125
2179
2179
2083
1976
2005
1950
1913
1939
1923
1832
1854
1901
1802
1988
2034
2023
2011
2172
2140
2281
2461
2437
2494
2646
2702
2770
2713
2752
2703
2807
2694
2733
2666
2521
2476
2282
2300
2133
1960
1901
1848
1732
1793
1654
1690
1678
1609
1592
1580
1559
1616
1637
1555
1662
1612
1644
1654
1639
1649
1684
1744
1743
1821
1896
1925
2108
2193
2325
2493
2609
2757
3080
3139
3299
3645
3937
4060
4233
4372
4529
4586
4784
4812
4796
4775
4726
4860
4938
4683
4949
4931
4908
5149
5354
5321
5495
5573
5719
5727
5802
5712
5672
5578
5264
5069
4757
4501
4258
3802
3561
3293
3031
2752
2515
2292
2089
1938
1732
1627
1506
1503
1421
1487
1309
1294
1357
1247
1285
1354
1343
1333
1430
1400
1359
1456
1440
1424
1419
1502
1460
1440
1527
1441
1446
1490
1366
1393
1365
1355
1382
1268
1283
1288
1282
1330
1256
1240
1232
1249
1223
1148
1191
1189
1242
1185
1188
1158
1279
1239
1305
1276
1274
1250
1363
1302
1319
1395
1442
1442
1515
1574
1637
1558
1591
1627
1538
1640
1562
1631
1654
1540
1501
1555
1438
1492
1423
1413
1374
1331
1342
1311
1363
1285
1315
1282
1302
1319
1343
1384
1412
1415
1451
1496
1489
1461
1530
1533
1545
1500
1597
1506
1544
1526
1533
1526
1417
1463
1436
1466
1466
1382
1333
1358
1362
1402
1257
1331
1417
1351
1290
1288
1196
1171
1270
1157
1059
1111
1071
1115
1090
1050
1065
954
1005
1033
985
1080
989
1006
1018
1037
1056
998
1026
1087
1043
1072
1146
1101
1099
1208
1141
1181
1170
1176
1112
1129
1186
1178
1168
1248
1231
1254
1298
1219
1290
1222
1276
1277
1209
1267
1283
1223
1224
1184
1148
1142
1135
1136
1148
1185
1148
1203
1260
1225
1307
1337
1319
1458
1503
1581
1682
1718
1819
1870
1936
1992
2154
2160
2186
2200
2183
2262
2341
2212
2186
2152
1995
1970
1943
1865
1848
1734
1752
1600
1547
1420
1428
1322
1260
1253
1273
1235
1231
1202
1226
1197
1236
1258
1314
1304
1360
1429
1446
1493
1499
1624
1529
1670
1712
1689
1733
1772
1760
1623
1726
1636
1612
1653
1596
1545
1474
1340
1321
1236
1192
1191
1147
1095
1015
986
928
916
873
846
808
792
749
708
745
724
754
710
669
720
681
651
610
629
606
612
598
627
631
629
632
601
599
616
621
626
618
609
629
566
599
623
566
604
589
628
612
603
602
583
625
635
635
647
655
623
665
647
586
670
606
623
663
651
654
650
692
650
710
659
673
686
723
692
691
674
736
752
726
734
802
785
844
821
809
852
922
916
970
1049
995
1051
1042
1018
1166
1135
1183
1160
1210
1180
1226
1179
1174
1223
1187
1132
1199
1089
1033
1127
1092
1028
999
943
960
845
844
857
808
811
766
811
773
730
699
649
696
745
704
637
681
680
704
653
619
649
623
573
659
599
591
607
611
612
616
592
631
598
583
560
628
576
559
551
565
568
588
566
533
570
631
607
566
613
604
620
639
603
613
631
631
656
690
636
681
676
682
658
654
735
687
713
751
711
773
775
717
701
769
746
727
753
712
771
705
663
710
643
645
661
606
606
593
585
590
542
584
532
557
506
496
548
515
527
516
457
495
500
473
482
466
458
455
480
490
452
440
446
462
411
472
411
458
394
408
444
382
421
399
369
396
427
377
388
392
372
379
392
386
423
390
375
407
373
419
360
383
382
369
360
379
370
381
380
392
412
376
390
426
378
404
437
449
461
420
419
416
430
468
480
445
454
485
520
507
540
528
480
527
493
575
567
538
534
597
533
585
552
585
591
564
565
566
537
569
497
559
546
558
564
551
555
536
522
532
555
563
555
558
559
615
567
585
599
634
606
643
666
680
725
771
801
834
863
846
949
1037
1078
1121
1123
1218
1230
1275
1385
1377
1486
1529
1515
1493
1571
1598
1563
1651
1746
1668
1684
1587
1593
1503
1515
1456
1416
1390
1315
1191
1190
1079
1097
1061
1024
925
906
834
798
704
697
642
599
613
556
562
520
482
536
493
438
425
462
452
442
423
419
418
404
388
391
379
353
359
372
355
347
359
333
367
336
303
302
311
303
272
307
287
287
281
282
265
307
257
289
285
286
275
239
305
305
317
303
277
274
311
285
316
282
335
329
299
329
327
334
344
354
369
333
337
337
386
384
368
366
348
340
396
363
365
355
340
342
381
358
363
309
342
338
291
333
300
326
319
343
294
275
333
324
282
307
299
325
282
300
245
267
266
266
230
265
264
248
276
235
256
262
214
249
239
231
235
221
231
249
238
197
195
228
224
207
217
220
198
212
191
179
226
184
185
227
189
209
192
199
223
179
180
194
194
193
159
195
206
210
215
210
207
233
204
270
235
232
261
249
274
237
221
289
258
283
269
293
275
301
311
307
349
314
336
326
356
367
399
420
408
397
429
453
467
432
463
513
483
475
502
504
486
502
487
530
519
510
475
495
480
486
504
528
503
485
479
466
401
378
368
359
352
332
337
329
276
332
251
269
229
260
236
256
209
203
193
193
190
197
210
210
193
190
192
162
159
145
173
178
163
193
171
180
179
169
184
175
174
193
189
211
207
189
190
198
192
184
178
197
175
183
174
188
192
166
160
191
172
180
163
161
176
177
166
169
175
132
152
146
153
160
171
141
159
148
135
147
131
130
161
162
155
114
128
120
142
121
109
139
112
155
137
141
129
143
153
124
143
126
140
116
123
139
133
128
125
122
131
120
137
107
138
143
123
125
119
148
125
133
132
123
133
142
130
123
132
121
115
114
104
120
132
131
117
149
121
126
123
122
129
123
127
117
97
119
127
106
152
124
108
107
118
114
115
132
108
127
103
140
118
122
114
104
111
122
119
132
126
107
102
107
125
131
124
113
105
112
133
121
128
136
129
133
115
113
123
116
114
142
129
142
126
119
127
99
124
119
110
128
117
132
119
134
111
147
129
130
113
142
137
124
139
112
120
141
127
143
139
160
164
142
166
156
158
172
155
178
180
186
186
179
202
209
217
208
209
190
191
195
208
224
240
218
249
236
241
203
238
226
212
219
199
210
188
188
224
199
161
187
179
185
188
194
170
166
167
161
161
155
170
164
167
171
147
154
166
144
170
161
154
145
154
136
157
159
164
165
175
153
155
181
177
182
180
187
196
192
218
153
177
214
194
202
202
208
225
190
218
207
199
200
219
204
180
213
181
212
203
194
177
202
185
160
162
212
183
174
178
176
179
169
147
151
166
165
132
161
151
171
177
156
139
132
168
160
141
157
127
138
148
126
134
130
124
157
127
134
142
169
138
132
142
138
139
135
118
117
146
121
153
124
142
151
156
147
156
122
149
160
128
133
125
120
153
128
126
151
160
142
154
133
152
137
141
134
142
157
146
139
144
124
151
136
133
144
160
131
137
114
137
113
112
135
130
128
121
136
125
113
128
125
115
123
118
119
130
130
149
118
127
127
109
106
104
110
139
121
122
110
124
107
102
132
98
103
89
109
102
96
111
87
109
90
100
102
122
97
83
98
116
93
108
104
102
89
90
85
96
107
108
107
81
96
99
94
100
89
100
97
103
91
97
101
99
96
98
88
102
93
86
74
96
89
71
93
83
83
92
79
79
93
84
91
88
78
67
67
72
72
81
76
60
75
76
76
81
62
59
50
59
71
72
51
69
97
73
55
61
66
59
58
49
82
53
63
63
62
57
56
59
57
83
78
70
76
67
66
71
82
74
79
66
86
61
81
76
73
67
89
75
83
77
80
73
91
120
98
111
126
121
121
121
124
133
121
138
150
151
141
171
198
182
195
206
202
232
233
239
248
258
286
296
297
310
351
334
348
371
388
395
380
430
374
430
408
414
444
394
429
463
416
392
414
432
386
405
403
388
341
366
376
346
324
368
318
289
259
254
260
229
218
219
230
222
191
173
174
161
161
139
115
127
114
92
109
99
76
81
76
90
69
84
70
80
60
60
73
63
65
58
65
70
50
64
61
60
48
65
47
53
64
51
47
49
44
56
51
60
52
59
55
59
42
50
57
53
43
53
52
48
47
53
48
46
54
52
49
47
49
37
51
51
47
41
45
55
45
43
48
58
47
46
47
48
42
53
63
45
55
44
53
46
43
47
41
46
50
58
42
47
57
51
40
38
43
48
46
52
56
53
56
34
38
$ROI:
43
143 193
144 194
424 531
429 529
440 544
440 545
440 549
443 544
443 553
490 516
604 1134
679 1395
690 1434
772 934
800 953
827 855
828 856
840 1946
849 1974
857 2002
872 900
880 1058
887 915
914 1083
1010 1038
1208 1258
1345 1375
1418 1448
2436 2526
3229 3279
3607 3645
6449 6521
6459 6531
6463 6535
6464 6536
6467 6539
6471 6543
6482 6526
6489 6513
6497 6521
12997 13047
12999 13049
13000 13050
