$SPEC_ID:
GAMWIN
$SPEC_REM:


$DETDESC:

$DATE_MEA:
04/23/2025 14:55:25
$MEAS_TIM:
59126.34 59281.83
$MCA_CAL:
3
1.32118272781372E+001 1.29107522964478E+000 0.00000000000000E+000
$DATA:
0 2047
0
0
0
0
0
0
0
0
0
0
0
0
0
0
0
0
0
0
0
0
0
4393
3944
3821
3552
3587
3532
3538
3524
3388
3479
3363
3263
3254
3136
3046
3194
3353
3433
3698
4055
4278
4429
4687
4683
5042
5426
5793
6539
7499
8181
8812
8834
8572
8048
7168
6480
5912
5554
5500
5398
5369
5175
4836
4533
4300
3935
3482
3172
3028
2731
2739
2624
2529
2487
2547
2529
2488
2399
2431
2426
2443
2435
2360
2491
2461
2533
2621
2601
2636
2689
2740
2636
2542
2656
2598
2430
2454
2499
2528
2530
2438
2393
2397
2450
2498
2442
2423
2422
2341
2313
2337
2193
2234
2189
2162
2185
2192
2165
2101
2150
2185
2124
2133
2150
2233
2324
2417
2361
2441
2541
2502
2444
2510
2369
2336
2219
2124
2147
2084
2069
2103
2225
2067
2115
2199
2209
2174
2171
2220
2027
2049
2094
2068
1977
1974
2028
2072
2218
2440
2597
2895
3198
3694
3941
4482
4680
5099
5276
5197
5254
5038
4737
4201
3773
3535
2971
2560
2325
1892
1799
1621
1632
1570
1532
1496
1431
1571
1559
1540
1533
1557
1558
1577
1642
1562
1650
1574
1622
1555
1590
1624
1673
1677
1723
1913
1893
2004
2077
2133
2265
2094
2016
1968
1903
1763
1599
1522
1467
1331
1227
1205
1125
1080
1029
976
1101
1108
1108
1136
1145
1235
1273
1287
1352
1365
1497
1609
1685
1718
1873
1922
2030
2167
2096
2137
2285
2329
2387
2370
2411
2300
2372
2228
2121
2004
1760
1551
1517
1292
1124
1128
979
932
862
802
778
738
662
665
737
657
684
714
681
668
702
703
706
679
687
644
687
684
673
693
698
676
654
688
700
714
696
679
634
639
661
640
651
608
582
574
618
565
576
568
525
560
550
539
548
548
542
612
551
560
548
519
582
563
568
541
610
574
559
613
587
624
630
633
624
650
645
609
645
595
608
595
594
589
533
547
512
574
505
539
539
526
521
518
504
504
480
538
520
582
604
608
591
661
593
674
710
719
695
746
696
705
792
725
639
664
673
646
639
595
609
563
550
488
509
461
475
473
467
419
442
397
467
426
423
435
464
422
461
431
463
397
464
468
498
515
499
500
544
564
651
618
656
657
698
754
817
876
909
981
979
1014
1068
1106
1051
1100
1057
1167
1114
1078
1089
1096
1121
1050
1115
1144
1120
1183
1126
1177
1185
1184
1173
1177
1145
1128
1104
1082
958
965
884
812
778
747
667
632
587
528
466
443
429
388
381
415
394
361
327
391
353
388
325
348
327
335
352
360
349
351
368
345
364
375
340
322
315
350
396
353
353
373
363
368
344
316
339
328
373
329
319
317
309
325
374
315
318
322
325
330
345
360
354
371
340
344
384
360
353
363
349
381
364
443
418
413
419
405
412
410
428
434
424
433
410
393
384
412
361
391
402
347
394
336
378
361
330
348
362
350
351
375
356
355
390
393
378
371
372
386
408
408
390
407
384
378
407
397
399
407
406
349
403
375
396
387
413
315
357
347
375
313
367
341
342
330
328
351
346
354
313
353
301
317
297
304
283
279
297
317
295
305
258
265
299
292
297
300
273
286
311
301
314
308
322
298
342
320
314
324
305
281
305
330
313
272
321
330
299
332
346
314
326
292
294
282
301
296
262
326
293
273
301
294
279
293
324
308
314
319
314
353
376
372
430
431
439
449
441
459
532
521
584
518
580
508
574
533
601
545
571
531
482
528
473
438
485
403
454
422
375
410
371
365
355
344
360
322
342
355
335
321
341
396
371
394
376
407
392
417
442
371
426
417
434
443
454
471
478
436
416
476
464
475
439
401
393
380
348
348
339
333
290
326
283
301
300
257
259
265
272
242
243
254
263
237
235
224
224
226
232
232
232
229
240
214
235
214
203
226
234
182
223
246
217
230
223
235
226
215
192
214
215
242
226
239
205
183
228
230
201
248
214
235
214
225
225
259
217
228
236
258
233
222
252
242
244
204
242
237
239
224
243
230
249
226
239
233
244
268
275
246
286
270
266
289
306
282
286
312
300
330
329
322
344
327
325
327
341
372
345
330
320
334
325
316
328
340
357
331
333
310
299
286
290
330
250
254
284
249
277
262
264
254
254
270
246
273
219
278
258
238
269
279
234
223
243
249
215
221
247
224
248
260
246
233
255
244
239
231
235
229
239
238
250
230
208
207
233
269
213
231
229
253
256
249
236
262
251
247
248
242
243
225
212
230
246
206
247
247
284
249
239
236
245
267
227
275
244
246
253
240
233
229
243
234
209
232
203
209
194
180
203
178
172
189
160
182
182
135
160
133
139
145
139
136
122
156
157
126
147
139
129
151
119
118
122
121
128
112
154
117
105
104
133
120
100
126
118
114
118
103
107
95
104
91
107
96
86
113
99
100
130
94
109
110
89
94
104
97
101
96
104
93
102
96
103
85
104
97
101
95
89
117
99
117
131
109
97
91
110
107
105
109
119
125
131
109
147
137
107
138
123
136
111
116
128
127
113
113
126
146
121
125
139
133
122
141
143
111
125
141
145
132
151
168
148
183
160
170
165
188
214
191
202
246
240
306
303
297
310
353
403
370
475
497
581
566
640
639
715
677
748
827
825
958
890
1000
1000
1032
1096
1122
1051
1106
1080
1113
1108
1039
1025
1000
964
967
895
849
786
763
676
655
608
566
577
454
465
403
364
352
304
269
253
213
237
215
189
174
147
158
139
128
123
112
110
99
95
114
94
101
85
75
97
84
75
72
87
85
49
82
61
75
77
62
67
79
59
80
63
56
70
58
46
47
64
57
56
53
71
83
57
69
69
61
56
67
65
60
52
89
78
76
56
81
64
79
84
71
67
101
79
64
93
63
92
82
100
88
82
98
79
84
76
83
79
83
68
85
86
75
90
90
73
75
67
81
63
62
72
72
70
61
61
65
58
59
59
59
66
53
43
45
50
54
58
51
63
55
48
58
47
61
59
39
49
55
50
51
53
57
59
46
61
50
52
48
47
52
37
45
35
58
49
43
36
49
31
40
42
39
53
50
45
59
42
55
55
51
54
44
55
47
51
47
57
45
61
44
53
62
59
43
70
71
61
62
75
76
68
67
68
61
79
78
87
94
83
91
69
95
103
81
93
104
99
109
86
118
95
101
85
108
103
90
110
107
96
104
97
74
93
92
90
95
74
74
78
70
70
69
84
72
72
70
59
55
52
51
56
47
43
45
49
34
42
32
48
48
33
47
41
44
39
47
41
32
31
39
39
28
37
41
39
40
47
39
47
33
52
50
47
50
51
25
41
50
38
38
54
34
48
46
35
43
51
43
43
52
38
44
48
47
43
39
39
33
30
37
28
36
42
28
34
26
37
37
35
24
27
32
32
26
43
35
32
26
36
24
37
22
26
31
43
31
39
26
28
36
33
22
31
40
30
36
26
43
36
23
46
26
37
30
38
28
27
24
31
29
25
32
25
37
37
29
36
25
29
34
25
33
39
29
31
38
38
32
29
32
24
22
21
33
21
20
33
30
23
25
30
31
21
21
27
25
24
27
29
27
29
30
22
28
37
30
34
36
29
31
20
19
25
35
37
30
33
31
30
42
30
29
29
32
26
23
21
27
28
30
24
31
25
25
17
25
20
29
33
37
33
24
27
33
24
28
29
28
36
29
25
31
30
40
34
33
37
35
35
38
37
28
33
46
41
40
54
53
47
50
46
39
45
44
52
57
41
48
42
55
58
50
57
49
61
53
46
55
44
58
52
49
41
44
40
41
47
35
40
36
47
54
34
40
33
36
39
37
28
31
29
25
40
46
35
23
28
38
39
38
28
46
32
35
46
46
37
44
42
34
34
43
31
57
35
35
47
42
36
35
39
52
40
48
39
44
48
45
48
54
53
38
43
35
43
43
55
48
39
46
44
42
44
32
43
44
47
31
34
32
32
42
31
28
40
42
27
34
29
29
36
31
28
38
29
35
21
46
29
33
33
29
35
28
29
43
25
38
33
34
37
29
30
24
42
30
33
21
22
36
33
37
27
30
43
23
35
33
34
33
26
27
29
29
37
40
43
39
32
32
26
41
33
26
23
32
23
46
33
24
25
36
35
36
42
27
44
25
27
21
25
31
34
26
31
19
38
37
31
35
20
31
27
20
37
25
33
40
33
29
32
31
27
24
21
30
21
36
33
27
37
23
39
26
23
30
29
23
23
21
24
23
25
19
22
31
25
17
30
24
17
17
29
22
29
27
26
18
11
26
25
27
21
22
15
11
25
25
25
18
21
34
20
20
20
26
20
10
12
19
21
21
25
22
15
16
27
22
18
16
27
26
20
20
23
21
18
22
16
21
19
12
12
20
19
7
12
14
19
16
19
15
7
13
14
18
10
9
14
18
18
17
10
21
11
14
15
19
16
16
12
13
13
20
17
18
18
13
17
18
14
11
17
28
13
15
12
25
18
18
14
16
16
24
19
20
24
27
25
17
20
22
24
22
33
15
23
22
26
32
32
41
36
35
37
48
50
56
55
53
45
68
46
64
58
68
84
70
78
60
88
78
80
85
90
96
87
83
102
97
101
110
89
114
76
101
100
84
79
88
94
89
74
85
95
92
78
83
67
63
58
76
43
52
59
46
51
41
35
44
35
35
33
23
28
25
29
32
22
22
30
18
23
11
16
11
17
15
16
14
20
16
12
16
17
16
11
10
12
13
14
9
13
25
17
9
14
4
6
13
14
9
12
19
11
12
21
16
8
8
9
15
10
10
6
13
14
12
9
11
11
20
13
16
5
11
13
15
6
21
17
16
13
8
15
9
7
13
12
19
17
14
12
7
6
11
8
10
17
21
8
17
5
11
7
14
14
4
14
7
$ROI:
39
424 531
429 529
440 544
440 545
440 549
443 544
443 553
490 516
679 1395
772 934
800 953
827 855
828 856
840 1946
849 1974
857 2002
872 900
880 1058
887 915
914 1083
1010 1038
1208 1258
1345 1375
1418 1448
2436 2526
3229 3279
3607 3645
6449 6521
6459 6531
6463 6535
6464 6536
6467 6539
6471 6543
6482 6526
6489 6513
6497 6521
12997 13047
12999 13049
13000 13050
