$SPEC_ID:
GAMWIN
$SPEC_REM:


$DETDESC:

$DATE_MEA:
04/09/2025 06:58:58
$MEAS_TIM:
27114.88 27193.53
$MCA_CAL:
3
1.32118272781372E+001 1.29107522964478E+000 0.00000000000000E+000
$DATA:
0 2047
0
0
0
0
0
0
0
0
0
0
0
0
0
0
0
0
0
0
0
0
0
2093
1852
1792
1795
1709
1658
1737
1777
1735
1783
1751
1692
1645
1636
1658
1725
1812
1915
2039
2272
2360
2459
2558
2653
2815
3048
3183
3679
4095
4521
4858
4776
4621
4286
3805
3554
3132
3132
2983
2883
2932
2811
2715
2458
2244
2032
1935
1707
1583
1490
1387
1409
1451
1311
1360
1287
1350
1260
1297
1296
1267
1258
1325
1345
1362
1355
1361
1376
1380
1470
1420
1424
1475
1452
1342
1308
1380
1449
1318
1363
1357
1336
1324
1399
1395
1352
1280
1284
1220
1225
1299
1249
1261
1239
1187
1161
1207
1171
1196
1092
1222
1173
1167
1204
1252
1245
1252
1233
1393
1390
1348
1384
1330
1341
1211
1231
1213
1098
1123
1171
1163
1160
1168
1139
1125
1194
1221
1186
1148
1169
1117
1125
1102
1124
1044
1104
1125
1174
1296
1448
1575
1758
1980
2282
2517
2746
2815
2931
2905
2738
2651
2492
2216
2023
1793
1569
1296
1186
1038
886
905
836
789
831
753
791
750
795
844
810
832
807
870
863
786
757
841
827
812
815
955
872
956
1092
1086
1021
1133
1156
1122
1154
1076
1120
1097
1013
920
860
786
738
710
681
637
581
566
545
557
569
621
569
591
606
687
676
747
781
759
840
896
890
924
974
1068
1103
1167
1183
1340
1320
1310
1352
1318
1374
1319
1328
1214
1097
1035
907
846
789
662
617
540
531
431
411
429
403
384
364
337
372
375
385
351
349
382
364
361
362
343
339
392
345
345
400
327
320
352
349
386
319
367
344
340
292
315
306
319
326
324
327
290
289
262
259
277
278
267
257
268
257
266
251
252
297
292
278
282
289
258
281
287
270
294
306
297
310
278
363
307
334
298
286
320
297
298
303
313
285
270
275
276
260
283
263
295
251
245
257
271
286
269
270
270
282
274
266
309
307
298
362
343
374
367
345
376
354
355
397
366
355
347
315
324
274
256
248
288
260
230
244
211
221
221
223
209
219
212
217
211
229
213
205
216
242
218
222
197
220
235
242
259
256
249
320
321
321
330
361
356
422
397
462
522
505
514
515
569
580
546
563
604
562
542
618
576
556
585
562
614
646
587
659
648
625
646
677
646
645
638
645
587
565
575
523
488
433
435
362
375
359
272
276
278
228
231
212
203
199
181
177
175
197
175
164
162
153
185
178
176
145
168
192
160
148
175
177
178
173
155
174
149
167
178
172
159
161
179
149
151
170
150
179
174
160
161
156
159
177
164
147
157
155
166
177
157
159
156
183
166
163
200
194
183
191
201
199
197
207
193
201
191
210
232
211
210
197
209
197
189
183
196
184
180
188
165
186
162
174
192
170
164
173
187
173
160
189
182
185
190
206
194
185
184
200
193
243
217
193
201
213
186
195
191
206
203
208
220
174
171
205
174
160
188
196
169
157
183
165
140
174
167
152
146
155
134
138
141
147
127
131
148
147
140
152
131
145
143
136
159
137
140
149
152
149
154
122
133
136
136
144
137
136
171
144
155
137
145
154
138
165
156
136
132
133
137
143
132
129
141
135
158
129
136
146
151
137
146
132
134
170
165
172
166
177
156
193
181
203
221
215
223
242
240
253
246
270
270
263
284
274
277
278
278
256
255
242
262
249
239
206
189
212
185
213
165
166
175
167
160
164
179
153
172
163
163
165
169
177
189
167
182
187
204
196
196
230
237
234
218
233
217
209
203
211
215
208
216
201
188
211
190
165
156
136
152
138
134
132
139
123
123
95
120
111
121
98
98
124
107
99
104
86
87
99
92
106
95
97
96
97
96
101
91
85
83
114
104
99
99
94
74
105
98
98
101
93
87
88
92
102
90
103
97
114
96
101
98
89
85
110
105
99
104
107
115
103
98
110
123
107
95
111
115
91
95
114
106
104
92
112
122
112
108
137
108
117
128
112
129
144
136
130
163
141
157
145
152
164
155
179
173
173
167
162
165
160
155
187
148
146
135
138
146
139
143
145
122
117
120
112
128
111
116
102
112
111
131
113
120
106
100
108
112
118
94
107
99
92
111
84
99
85
98
99
92
108
100
94
94
100
89
83
90
92
105
90
111
87
82
100
89
102
89
104
88
83
99
97
104
74
99
91
107
114
103
103
83
89
88
110
103
111
99
104
104
114
112
119
98
94
76
109
106
106
98
98
83
91
95
94
99
107
92
96
96
75
75
68
83
85
79
63
69
68
61
60
65
66
60
50
59
72
66
47
54
61
58
59
60
48
67
48
63
55
45
75
58
59
35
50
57
45
53
48
45
47
54
47
44
36
40
52
43
48
42
43
38
51
46
49
42
49
40
52
48
35
52
58
37
43
52
49
44
52
47
47
52
55
43
43
47
52
66
55
70
62
42
55
62
57
55
66
68
54
58
72
64
55
77
64
65
62
53
68
68
68
70
77
68
66
65
74
76
57
84
76
91
65
72
73
70
89
80
86
93
86
91
93
116
103
118
133
132
162
148
184
167
177
190
204
242
249
231
276
272
291
288
383
323
329
368
364
376
362
354
343
358
357
381
364
324
353
318
331
323
324
307
283
240
230
224
177
181
177
167
153
132
132
128
106
119
85
98
88
73
60
64
79
68
56
65
39
45
39
47
63
40
36
46
47
39
42
32
29
34
32
48
36
31
36
42
36
29
35
34
26
24
32
29
40
27
34
29
29
23
36
29
32
24
41
28
34
31
26
34
40
33
31
41
34
55
39
37
39
32
47
49
51
45
42
39
40
38
34
47
40
48
33
36
44
49
49
48
48
51
41
49
33
37
33
29
49
34
29
33
41
38
21
37
36
26
41
35
33
44
27
27
25
27
34
28
24
39
26
44
31
31
27
23
34
30
32
25
14
19
30
25
22
22
25
32
30
22
34
24
21
25
41
30
36
24
26
21
22
26
38
24
30
20
23
30
19
28
23
29
39
29
27
28
24
21
36
28
33
25
22
35
23
36
39
37
47
26
38
50
47
42
33
35
47
45
49
44
43
58
60
48
66
62
53
60
59
49
53
54
59
51
56
66
60
45
56
67
57
64
71
56
47
57
41
45
50
41
43
40
42
31
38
45
36
25
30
37
28
36
25
33
24
23
22
26
25
26
27
25
26
21
27
27
22
16
20
23
26
25
17
17
18
24
18
17
20
24
17
27
22
19
23
27
15
20
23
13
25
32
22
20
21
29
19
25
19
20
14
19
19
20
22
26
18
21
24
23
29
17
14
22
16
16
17
13
18
17
17
21
25
23
19
18
24
14
11
14
13
21
19
15
19
15
13
10
24
19
14
20
10
15
20
13
10
15
9
14
11
14
18
14
15
13
14
16
13
7
14
23
15
16
12
13
18
14
20
18
19
19
11
14
13
12
26
16
26
29
15
18
12
21
17
23
19
13
18
17
16
10
15
16
18
13
14
16
16
16
19
19
21
11
17
19
18
27
18
13
24
19
12
14
9
15
15
14
15
14
10
19
14
19
22
19
10
12
14
19
15
14
20
14
14
13
21
17
15
18
21
17
12
17
20
14
17
18
19
15
20
10
12
27
11
16
19
21
13
20
25
18
16
17
22
22
26
22
27
18
25
14
20
27
27
25
20
24
28
26
27
31
30
32
33
17
21
23
26
36
30
25
17
28
25
29
25
19
17
21
21
15
18
22
22
20
21
15
22
17
10
12
21
18
18
18
19
19
18
14
18
15
20
12
21
12
21
11
23
24
19
22
22
24
20
16
22
24
22
17
22
26
25
25
24
29
24
23
18
27
19
12
25
26
19
25
28
17
17
18
26
22
19
29
25
21
22
22
15
25
22
17
19
23
16
29
19
19
24
20
12
18
14
17
20
16
16
10
15
17
19
12
20
21
18
13
23
11
17
21
10
18
13
14
24
11
17
20
17
16
10
18
15
21
15
17
14
14
21
11
16
18
15
12
25
20
18
15
19
17
15
13
17
15
16
15
11
15
17
18
13
12
15
17
15
17
11
13
12
12
20
12
16
16
12
23
17
16
10
14
15
22
16
11
15
18
12
16
14
12
17
8
9
8
12
16
19
13
18
14
11
15
11
16
19
12
10
11
9
9
13
14
11
9
15
11
11
12
10
13
16
18
15
10
8
9
10
16
12
8
15
7
16
15
12
8
10
15
10
16
7
20
12
6
5
16
12
14
8
10
15
25
13
11
10
15
16
10
13
11
10
10
11
10
4
16
10
4
9
11
8
13
8
9
11
8
8
4
7
12
8
5
9
7
7
9
6
17
7
8
6
5
7
5
8
7
9
9
10
12
7
6
6
8
1
10
6
9
10
10
6
5
5
7
10
4
9
7
8
7
7
11
10
6
10
12
5
10
8
18
19
7
10
15
7
12
13
13
11
16
15
12
17
27
29
22
20
28
22
32
24
29
38
31
31
37
30
40
32
45
48
43
39
43
46
49
56
44
52
50
55
43
55
47
50
66
51
54
53
55
36
46
44
52
36
47
49
37
49
44
38
34
27
32
30
27
25
31
26
28
22
16
21
17
16
13
18
12
9
16
13
16
13
13
8
8
3
10
6
8
3
4
5
7
6
5
2
11
11
5
6
7
9
7
3
4
5
5
7
7
13
4
6
7
4
5
6
6
7
3
5
5
4
4
6
3
8
1
3
9
7
3
5
3
4
5
3
4
11
8
7
6
5
7
10
2
6
6
4
5
4
3
7
4
9
11
4
9
6
3
6
6
4
4
5
3
2
8
4
2
3
7
1
1
$ROI:
39
424 531
429 529
440 544
440 545
440 549
443 544
443 553
490 516
679 1395
772 934
800 953
827 855
828 856
840 1946
849 1974
857 2002
872 900
880 1058
887 915
914 1083
1010 1038
1208 1258
1345 1375
1418 1448
2436 2526
3229 3279
3607 3645
6449 6521
6459 6531
6463 6535
6464 6536
6467 6539
6471 6543
6482 6526
6489 6513
6497 6521
12997 13047
12999 13049
13000 13050
