$SPEC_ID:
GAMWIN
$SPEC_REM:


$DETDESC:

$DATE_MEA:
04/08/2025 07:14:53
$MEAS_TIM:
27601.36 27701.90
$MCA_CAL:
3
1.32118272781372E+001 1.29107522964478E+000 0.00000000000000E+000
$DATA:
0 2047
0
0
0
0
0
0
0
0
0
0
0
0
0
0
0
0
0
0
0
0
0
2954
2592
2445
2500
2406
2446
2380
2475
2508
2390
2436
2270
2303
2358
2350
2507
2588
2793
3035
3330
3467
3779
3759
3963
4221
4564
4971
5757
6329
6999
7328
7451
7078
6515
5774
5265
4766
4541
4455
4304
4217
4095
3786
3620
3267
2908
2720
2502
2240
2214
2066
1984
2023
1965
1985
1966
1977
1853
1986
1928
1855
1994
1966
1954
1981
1990
2063
2112
2117
2182
2154
2113
2128
2087
2044
2032
2039
2085
1991
2010
2045
2046
2025
1991
1998
2016
1944
2055
1949
1933
1912
1879
1836
1797
1703
1748
1741
1714
1694
1769
1831
1822
1779
1900
1855
1876
1974
1940
2054
2023
1978
2013
1941
1852
1823
1700
1748
1769
1767
1719
1703
1759
1665
1705
1734
1716
1712
1791
1775
1722
1729
1665
1625
1614
1675
1732
1704
1836
1998
2307
2494
2829
3149
3371
3645
4035
4294
4396
4312
4381
4033
3817
3374
2973
2592
2294
1942
1702
1568
1366
1262
1166
1206
1148
1206
1173
1219
1186
1287
1172
1204
1218
1307
1201
1186
1303
1220
1235
1220
1227
1280
1288
1414
1466
1577
1657
1635
1702
1637
1742
1692
1574
1485
1481
1383
1282
1193
1106
1018
915
923
840
832
832
848
817
873
892
943
977
1007
1019
1070
1099
1203
1297
1273
1400
1420
1481
1583
1583
1720
1787
1865
1990
1956
1998
2004
1987
1958
1825
1731
1676
1542
1378
1212
1105
1016
892
806
714
671
627
590
533
543
542
495
450
548
512
524
500
518
537
481
512
473
528
496
521
488
525
522
557
539
494
540
476
524
527
479
515
498
462
448
487
472
463
443
469
415
427
423
422
382
387
435
395
396
414
422
378
385
396
397
430
416
423
433
434
455
419
457
465
470
497
470
451
460
483
464
461
497
430
454
434
405
440
390
375
369
411
383
366
379
352
365
398
393
378
403
378
406
399
431
442
474
499
504
516
511
510
553
550
525
516
520
468
499
441
444
448
436
390
390
368
335
333
349
328
306
347
315
340
323
331
319
310
315
311
326
319
322
321
347
379
380
385
339
424
412
422
438
507
486
565
598
594
649
707
763
768
808
816
817
860
900
907
922
866
937
870
922
865
847
827
837
896
872
917
864
982
905
968
1014
912
950
906
850
859
813
756
741
702
560
540
530
438
412
394
343
308
309
288
302
266
271
286
262
241
274
259
236
245
259
256
233
243
257
229
265
250
254
260
245
254
249
255
235
246
267
237
251
218
251
230
227
225
266
229
241
239
243
225
273
248
252
235
251
243
219
232
233
274
255
272
252
277
262
313
273
262
289
287
278
290
293
314
305
300
293
323
298
313
305
289
309
278
304
271
277
261
294
261
270
267
228
242
227
250
233
260
270
263
281
256
272
297
298
275
283
327
265
299
306
291
311
285
282
296
309
300
289
277
271
285
256
291
265
289
251
254
256
253
228
251
249
240
249
251
214
201
209
228
196
211
203
192
194
187
199
192
213
207
211
192
189
233
233
222
224
211
196
229
204
204
229
220
242
207
215
226
200
213
208
220
194
205
215
212
219
218
222
210
211
213
203
194
182
173
220
182
194
198
196
206
210
196
244
222
255
286
283
293
321
342
325
356
373
366
366
439
404
415
438
417
436
390
477
419
398
385
392
363
342
354
336
308
320
271
276
266
277
273
243
263
258
206
238
241
261
243
275
262
238
316
284
288
295
294
335
353
331
356
351
359
346
375
383
369
316
310
342
301
281
330
288
265
281
279
246
228
232
214
223
207
187
170
171
160
162
168
150
155
154
154
131
160
139
170
149
143
131
133
143
134
136
125
147
132
143
137
146
143
147
125
149
135
129
163
125
162
134
170
140
156
142
131
122
155
165
134
143
152
131
142
142
167
133
140
136
139
141
133
166
177
153
154
153
159
163
151
162
174
162
189
167
152
151
172
182
198
163
186
192
184
201
159
213
221
207
201
216
223
228
224
235
220
260
233
254
245
226
248
230
214
252
250
210
208
188
245
207
221
183
186
183
197
174
179
173
175
156
158
168
148
166
142
198
159
154
140
165
185
167
156
163
158
161
145
125
140
136
146
163
155
153
154
138
137
124
147
147
124
140
167
145
139
169
147
153
113
142
138
142
140
155
144
160
156
145
160
147
178
146
163
167
158
160
158
174
145
147
177
162
173
123
135
155
166
156
167
159
147
127
144
140
123
160
133
117
114
126
101
112
97
110
109
100
118
103
95
89
86
106
104
99
101
83
75
86
82
99
88
81
70
80
72
82
67
95
81
75
72
74
86
83
86
90
59
75
81
68
70
76
68
70
82
57
56
70
62
68
75
66
74
63
69
69
61
60
62
57
81
63
67
66
69
71
67
81
68
67
84
64
69
60
70
69
78
69
88
93
83
103
79
85
92
110
83
82
88
105
73
100
90
107
106
101
95
80
106
97
91
91
109
86
84
98
96
86
96
106
109
97
119
111
120
107
116
89
121
125
125
142
199
174
203
197
197
238
233
242
258
297
330
343
337
379
443
440
514
492
485
550
530
552
559
586
587
579
608
571
607
613
615
585
562
518
489
534
458
462
431
412
367
288
324
327
307
266
223
211
235
162
165
124
156
136
133
101
112
102
82
79
80
85
74
82
72
73
68
65
78
64
56
57
63
66
64
53
61
61
52
52
42
49
43
44
57
46
50
44
50
48
47
37
36
47
38
52
53
53
48
40
44
42
48
35
60
39
55
33
52
51
55
77
67
57
50
63
59
50
58
72
59
56
61
67
59
65
51
59
66
62
70
62
75
55
58
76
53
60
64
59
40
57
62
47
47
43
54
64
47
56
54
59
52
47
45
39
45
48
48
58
49
44
43
32
42
51
44
47
32
50
41
43
41
35
38
43
39
43
31
34
44
45
37
37
38
25
29
38
35
36
35
47
35
33
33
30
38
28
29
32
33
24
35
34
41
36
33
39
38
28
42
39
39
44
44
45
42
37
55
46
51
52
50
46
56
56
62
56
51
54
72
55
57
57
80
69
75
65
58
74
85
78
86
74
83
70
86
79
91
108
65
69
72
76
87
84
68
86
76
80
71
69
68
63
71
54
46
57
70
58
50
45
34
37
45
44
39
44
44
30
35
24
38
27
35
33
38
33
31
31
39
34
20
30
29
25
28
36
28
30
33
30
33
24
36
34
35
47
30
31
31
35
29
31
28
24
38
27
28
40
26
28
36
37
30
31
36
26
17
26
27
27
28
33
21
28
36
22
32
32
28
35
27
32
31
14
16
27
24
19
24
31
24
27
19
29
25
32
34
23
38
21
19
28
25
22
31
22
21
16
24
23
21
32
24
31
20
29
13
21
27
29
18
21
20
16
22
21
15
18
22
24
30
25
17
18
23
20
25
26
21
30
31
25
20
18
33
23
17
28
22
25
24
15
15
20
17
21
25
17
24
20
28
26
18
26
27
16
36
29
22
18
19
28
24
24
22
13
21
22
27
16
16
16
24
20
20
15
21
20
22
17
27
25
17
28
25
21
20
24
24
19
22
16
23
22
29
16
26
22
15
19
17
19
28
27
32
17
21
25
17
20
33
23
21
23
25
35
33
27
28
37
32
31
41
31
30
37
38
27
31
32
44
45
45
32
43
43
38
35
31
40
32
23
35
44
34
24
38
32
32
41
32
38
39
34
29
22
31
33
21
27
29
31
30
28
24
20
31
29
19
29
26
30
30
27
28
25
34
20
26
38
20
24
27
30
19
33
29
27
26
32
34
32
28
25
29
36
33
37
27
28
33
36
35
44
40
39
36
47
34
45
32
31
45
33
26
36
41
38
37
29
38
27
26
26
23
30
23
32
31
30
25
28
37
31
29
27
30
23
25
21
20
28
22
26
23
21
24
29
35
17
31
15
19
27
26
26
33
18
26
27
12
30
25
18
18
17
26
16
25
28
23
13
28
27
24
34
27
25
27
24
19
16
28
22
26
21
25
21
22
9
28
23
19
29
25
16
27
22
30
15
23
17
23
22
25
26
19
16
19
21
29
26
8
25
21
17
21
23
24
22
21
28
21
21
21
25
13
18
17
20
19
16
19
17
28
12
15
27
16
21
17
13
11
11
17
14
17
15
17
15
27
19
18
16
12
18
12
21
15
14
17
20
16
17
13
15
13
15
15
13
25
12
13
14
14
20
14
12
20
7
11
13
18
15
12
15
14
16
19
17
18
12
19
13
10
16
13
11
16
17
15
12
10
15
12
10
18
8
12
10
13
16
6
11
12
9
11
14
13
9
11
9
6
11
9
7
10
14
9
12
9
6
8
11
7
12
5
8
7
9
8
10
13
14
11
8
7
15
9
8
9
10
14
9
14
23
14
21
7
12
14
14
9
15
18
16
22
17
21
15
31
33
27
34
22
24
25
41
41
41
34
35
45
43
55
33
49
64
47
45
62
71
69
50
60
73
59
66
62
83
70
98
86
88
73
73
70
72
72
84
72
64
83
75
47
73
63
64
55
48
60
63
50
49
49
39
42
50
39
35
33
31
34
28
25
27
25
10
27
18
20
15
15
12
11
23
12
12
7
9
13
12
13
13
14
12
6
5
9
6
7
6
7
10
2
3
10
12
10
8
11
2
8
10
8
12
9
9
8
10
4
10
9
3
8
4
8
6
10
3
10
6
4
8
7
5
7
6
6
1
3
0
2
7
6
11
8
13
6
7
4
10
7
8
10
8
5
4
9
6
11
4
7
3
8
8
6
5
8
4
4
10
5
3
5
5
2
9
$ROI:
39
424 531
429 529
440 544
440 545
440 549
443 544
443 553
490 516
679 1395
772 934
800 953
827 855
828 856
840 1946
849 1974
857 2002
872 900
880 1058
887 915
914 1083
1010 1038
1208 1258
1345 1375
1418 1448
2436 2526
3229 3279
3607 3645
6449 6521
6459 6531
6463 6535
6464 6536
6467 6539
6471 6543
6482 6526
6489 6513
6497 6521
12997 13047
12999 13049
13000 13050
