$SPEC_ID:
GAMWIN
$SPEC_REM:


$DETDESC:

$DATE_MEA:
04/24/2025 07:24:35
$MEAS_TIM:
27744.93 27834.66
$MCA_CAL:
3
1.32118272781372E+001 1.29107522964478E+000 0.00000000000000E+000
$DATA:
0 2047
0
0
0
0
0
0
0
0
0
0
0
0
0
0
0
0
0
0
0
0
0
2735
2348
2273
2098
2115
2152
2150
2235
2226
2175
2094
2057
2119
2083
2137
2132
2206
2340
2557
2789
2903
3011
3064
3247
3438
3724
4138
4551
5284
5759
6118
6149
5987
5439
4918
4359
4068
3931
3869
3778
3723
3606
3437
3252
2950
2668
2414
2120
1932
1971
1877
1792
1730
1745
1759
1664
1703
1678
1636
1717
1634
1615
1679
1676
1748
1714
1755
1816
1813
1819
1885
1892
1746
1780
1699
1792
1738
1749
1723
1715
1748
1711
1693
1742
1667
1719
1717
1682
1661
1660
1627
1606
1599
1542
1527
1555
1518
1541
1549
1479
1498
1511
1521
1518
1626
1588
1642
1677
1769
1739
1809
1737
1690
1727
1617
1614
1601
1506
1484
1517
1466
1465
1436
1461
1500
1476
1505
1510
1521
1489
1521
1385
1391
1381
1408
1452
1458
1627
1673
1908
2128
2178
2582
2826
3070
3449
3559
3672
3604
3441
3439
3183
2832
2567
2228
1941
1765
1436
1342
1119
1118
1077
1015
1048
984
1025
1035
1084
1044
1053
1060
1092
1077
1003
1069
1037
1104
1090
1063
1136
1108
1158
1221
1273
1327
1466
1467
1541
1649
1530
1559
1440
1371
1261
1207
1057
1009
926
791
833
809
732
717
700
741
756
730
773
835
837
872
908
911
1007
989
1089
1135
1117
1244
1280
1300
1432
1462
1668
1591
1704
1727
1750
1773
1713
1753
1625
1595
1471
1326
1168
1105
945
838
803
718
628
606
522
527
494
479
474
449
467
433
449
462
470
441
461
443
410
451
443
432
438
456
467
455
437
462
466
416
465
463
391
468
410
429
441
394
420
416
386
374
354
371
356
333
379
352
344
347
344
342
351
348
357
340
326
365
359
348
383
346
398
376
370
403
392
421
427
425
380
404
401
387
454
398
394
335
414
357
371
360
329
353
351
333
330
337
327
350
318
314
353
365
349
392
359
367
399
406
419
446
432
461
494
454
450
438
463
450
420
381
417
377
388
375
354
313
319
313
306
312
290
286
277
260
286
309
261
293
280
252
269
267
306
305
354
282
300
330
303
335
332
332
394
357
404
411
449
498
547
567
587
644
695
684
700
727
740
775
775
776
755
715
753
787
751
722
778
806
800
806
886
833
824
835
897
909
869
848
849
814
865
726
660
665
611
585
517
455
409
396
343
336
286
288
243
276
260
227
198
217
224
240
220
225
205
221
220
223
215
194
182
210
204
240
223
229
207
200
253
233
237
224
212
202
210
209
250
207
203
221
245
212
218
211
216
228
234
213
195
210
221
213
209
251
218
208
215
210
221
227
263
260
252
269
253
264
310
286
250
270
311
247
259
299
285
259
246
260
229
244
254
276
261
258
259
229
240
217
226
241
216
247
232
227
233
253
245
256
251
232
286
292
268
292
293
270
240
255
269
292
257
275
246
288
241
254
267
251
255
270
235
252
245
222
219
201
241
212
211
221
202
216
191
194
191
218
191
194
164
208
181
179
164
192
191
201
191
192
222
167
189
196
192
212
208
209
215
216
197
204
201
219
169
182
195
200
173
185
190
192
209
204
189
191
222
161
185
190
162
194
197
162
173
202
216
147
189
204
197
223
227
202
226
225
266
249
281
289
300
314
336
336
353
351
380
385
347
385
377
383
384
370
346
337
326
330
278
313
266
279
279
264
247
261
254
234
220
243
227
222
225
209
232
224
233
237
247
257
235
280
224
282
261
277
326
294
293
286
283
290
318
263
291
280
276
253
238
261
251
221
216
203
219
223
176
178
175
179
165
144
160
165
164
156
143
150
134
133
143
167
132
126
136
131
129
133
121
128
137
131
136
136
158
138
150
128
102
126
136
122
123
105
140
150
157
125
134
138
128
135
133
141
141
146
158
141
141
144
149
143
131
138
141
126
140
142
133
156
152
144
137
142
142
116
161
145
124
143
161
162
157
173
183
147
162
179
157
172
191
221
210
187
204
221
180
234
234
224
195
206
209
245
232
211
234
251
225
223
217
214
215
212
208
179
194
176
173
194
176
183
177
157
174
163
146
180
138
160
157
157
151
156
150
140
150
131
144
147
124
125
126
144
131
138
143
130
124
150
115
143
139
151
138
143
135
140
132
140
139
164
145
144
158
148
163
148
143
141
166
134
159
138
147
140
175
153
126
156
153
138
127
148
124
147
177
159
166
129
156
156
139
159
143
126
132
136
148
126
128
128
115
122
109
126
117
104
103
109
125
99
108
89
105
78
82
81
108
94
71
84
74
81
73
91
86
68
82
103
78
86
83
91
72
61
79
62
59
71
65
57
79
69
65
59
74
63
65
72
66
71
72
62
58
66
76
67
54
73
60
64
56
57
65
65
73
74
59
67
44
64
72
55
61
76
79
49
59
94
69
59
69
65
66
73
74
76
81
70
65
95
87
91
83
89
112
92
85
97
73
88
78
89
77
88
78
89
100
88
92
96
101
93
81
86
97
112
103
96
92
99
99
107
116
138
132
141
157
149
171
197
165
205
219
258
270
307
305
332
394
373
361
427
438
463
491
545
566
563
590
600
588
596
621
559
616
572
590
572
560
524
529
487
507
483
429
412
373
374
324
329
274
270
289
223
211
177
177
173
150
118
144
114
127
101
96
90
71
71
85
53
78
45
62
57
81
62
68
56
65
57
59
49
47
43
60
52
50
41
42
45
56
43
33
33
32
35
42
28
45
46
34
47
42
39
44
49
41
46
39
49
51
41
51
39
43
47
53
49
50
57
47
54
70
61
63
56
58
67
55
55
60
56
38
56
49
40
57
58
51
53
59
55
62
51
51
47
56
53
52
54
46
55
49
44
31
45
47
39
42
34
45
47
35
53
51
53
40
44
54
31
23
47
35
29
36
37
37
46
42
32
34
27
35
30
36
21
24
26
42
22
36
36
23
26
28
28
33
29
40
31
21
36
29
26
38
36
32
29
36
30
28
31
32
43
37
31
29
22
35
40
44
39
37
48
44
38
41
52
44
40
48
48
38
41
49
67
35
65
44
75
43
60
63
57
73
70
61
70
76
66
73
70
90
72
71
71
73
86
59
90
74
84
58
76
66
64
57
70
73
59
53
44
62
57
45
55
51
52
35
34
32
39
31
35
34
32
28
35
41
36
22
22
24
26
27
25
24
26
30
35
32
33
32
25
31
30
25
26
25
25
24
32
27
27
33
25
28
35
42
25
19
30
32
25
29
35
33
21
28
30
34
31
18
26
30
19
20
25
32
26
20
25
20
21
26
25
22
23
28
18
19
16
17
29
28
29
19
21
15
21
13
27
19
18
23
22
15
18
11
22
22
16
22
16
20
25
16
23
10
21
26
14
27
14
20
17
17
25
24
16
17
20
27
21
24
13
12
30
25
19
19
16
20
22
25
20
17
17
17
24
18
21
25
18
20
20
19
22
26
22
14
10
24
14
17
22
32
18
23
18
14
16
19
22
19
22
19
10
14
22
17
15
14
15
24
23
18
22
21
18
12
19
18
19
15
16
12
11
23
15
11
14
15
16
9
26
19
28
17
21
19
18
16
23
19
20
24
13
22
23
17
24
19
19
31
18
8
15
25
24
30
28
28
21
19
25
26
27
27
19
29
24
32
30
36
33
33
30
40
32
44
35
24
37
33
38
21
31
28
33
26
36
37
36
34
29
27
28
27
25
29
18
27
17
25
28
31
17
26
16
22
21
32
13
26
18
23
22
24
28
25
26
17
21
20
23
27
19
31
19
29
25
18
27
31
27
23
21
20
22
30
34
29
27
34
30
30
23
23
29
24
36
34
23
38
32
33
21
23
32
29
23
34
28
29
25
32
33
30
24
30
31
23
26
19
27
24
35
24
24
14
27
22
23
14
20
26
15
16
24
18
20
24
23
28
21
25
12
16
18
21
18
16
21
24
12
23
16
26
23
30
20
17
22
20
19
17
21
24
19
28
16
16
18
23
17
18
17
18
19
22
15
22
24
15
13
36
18
25
22
26
22
18
23
13
20
22
21
15
18
22
20
22
16
24
25
17
27
14
14
17
13
26
23
14
16
19
20
17
12
24
18
19
13
15
14
14
19
11
15
18
22
16
18
14
23
23
18
16
13
13
14
7
20
15
21
23
13
11
19
12
12
9
14
14
22
11
10
17
12
19
13
15
10
10
12
18
19
14
15
17
7
13
13
12
11
17
15
15
13
8
16
13
13
13
12
14
9
14
15
8
15
8
7
14
14
11
15
12
13
17
12
10
7
12
9
10
10
10
11
13
9
12
10
5
8
8
10
9
8
5
7
14
6
10
12
8
6
4
9
7
8
8
7
15
5
10
7
9
14
7
8
15
4
13
11
6
7
9
2
9
13
20
11
11
8
12
15
7
13
20
15
12
11
9
16
20
19
17
16
21
26
22
24
21
26
20
27
35
32
27
36
32
42
40
39
39
56
46
48
51
40
53
50
53
65
60
61
83
72
58
62
71
70
73
54
46
50
54
61
63
66
50
57
60
61
47
53
57
46
32
46
40
37
29
28
30
30
31
29
18
24
24
25
21
17
14
13
15
15
18
16
14
16
10
9
17
14
8
11
8
10
9
10
11
4
4
6
8
4
7
11
8
2
5
9
8
9
3
8
9
9
4
5
7
6
5
6
6
4
6
6
5
3
7
6
5
7
7
10
5
6
7
10
5
3
2
6
4
3
9
8
8
7
8
5
4
9
6
11
5
5
6
5
2
11
8
6
9
3
9
4
7
2
9
9
6
4
2
11
10
7
5
12
6
7
$ROI:
39
424 531
429 529
440 544
440 545
440 549
443 544
443 553
490 516
679 1395
772 934
800 953
827 855
828 856
840 1946
849 1974
857 2002
872 900
880 1058
887 915
914 1083
1010 1038
1208 1258
1345 1375
1418 1448
2436 2526
3229 3279
3607 3645
6449 6521
6459 6531
6463 6535
6464 6536
6467 6539
6471 6543
6482 6526
6489 6513
6497 6521
12997 13047
12999 13049
13000 13050
