$SPEC_ID:
GAMWIN
$SPEC_REM:


$DETDESC:

$DATE_MEA:
04/10/2025 07:27:34
$MEAS_TIM:
26887.70 26985.76
$MCA_CAL:
3
1.32118272781372E+001 1.29107522964478E+000 0.00000000000000E+000
$DATA:
0 2047
0
0
0
0
0
0
0
0
0
0
0
0
0
0
0
0
0
0
0
0
0
2858
2640
2504
2472
2513
2471
2527
2478
2483
2450
2481
2544
2480
2430
2532
2566
2766
2877
3072
3226
3475
3700
3725
3984
4278
4343
4826
5525
6300
6848
7456
7456
7101
6393
5808
5155
4875
4556
4519
4397
4241
4157
3971
3728
3385
3105
2686
2477
2353
2225
2118
2062
2011
2012
2035
1893
1964
2012
1983
1987
1992
1936
2027
1927
1986
2015
2041
2102
2150
2091
2086
2115
2112
2073
2100
2062
2035
1972
1982
2048
2064
2033
2005
1915
2157
2032
1976
1970
1906
1919
1965
1843
1797
1859
1787
1794
1700
1759
1759
1782
1705
1780
1831
1799
1817
1929
2028
1958
2083
2134
2057
2028
2005
1925
1883
1762
1835
1731
1686
1713
1673
1742
1720
1793
1708
1747
1799
1737
1697
1639
1627
1583
1611
1654
1652
1691
1715
1831
1970
2210
2452
2846
3135
3421
3729
3848
4280
4319
4249
4146
3922
3581
3303
2899
2562
2212
1884
1616
1415
1343
1232
1230
1147
1184
1173
1175
1219
1177
1239
1194
1228
1240
1196
1243
1256
1146
1322
1207
1204
1332
1300
1375
1437
1603
1648
1684
1769
1691
1760
1840
1815
1675
1516
1532
1342
1282
1188
1057
991
927
790
825
858
817
758
792
869
856
941
970
937
1020
1066
1125
1206
1236
1364
1393
1457
1509
1526
1711
1719
1897
1910
2058
2025
2077
2076
2133
2117
2004
1762
1697
1538
1373
1321
1076
984
921
809
750
682
607
567
495
543
505
487
473
558
524
555
514
486
467
492
508
494
471
522
500
485
481
473
534
499
521
490
523
498
523
523
484
478
475
517
489
432
448
445
432
389
427
443
416
363
389
396
399
407
412
376
360
384
406
400
422
377
399
450
426
385
400
444
439
490
481
481
472
474
497
469
449
447
447
435
408
413
417
381
380
387
359
355
358
341
367
371
390
425
363
387
396
409
439
442
460
447
455
502
522
527
514
524
595
494
484
490
504
434
458
426
432
385
390
351
340
356
326
326
309
301
364
309
308
317
314
311
311
348
311
307
305
304
314
344
325
339
330
405
417
419
435
446
477
534
538
504
620
668
685
751
751
719
801
807
863
846
841
819
837
905
927
874
905
940
902
846
907
983
947
1011
986
1002
1049
994
1037
1001
980
907
900
849
800
698
676
642
563
486
491
436
404
352
371
343
310
285
227
242
248
271
262
268
238
241
255
241
229
268
207
246
245
256
271
279
242
279
245
251
238
261
268
242
274
238
260
248
224
224
218
233
238
235
259
241
233
218
245
227
252
250
258
253
279
254
225
228
249
268
247
265
256
270
252
296
273
296
292
326
306
328
300
342
301
310
293
313
300
285
276
285
282
270
277
283
276
255
263
268
253
220
267
264
258
257
272
286
306
253
317
289
310
305
293
295
321
301
281
258
305
319
314
294
275
288
310
281
254
264
245
272
261
235
257
251
254
260
230
242
255
237
205
237
216
250
198
214
211
211
209
225
208
191
194
215
193
196
212
193
202
239
215
236
195
200
207
252
209
224
230
226
218
215
201
211
215
251
218
198
214
204
214
207
200
229
224
193
202
198
206
176
184
227
204
190
214
196
206
227
205
226
231
222
291
259
286
293
318
314
331
345
393
386
412
387
420
412
477
434
404
418
440
400
388
379
377
336
355
353
317
310
290
281
274
272
250
261
238
256
246
231
249
232
219
239
257
254
264
266
285
284
282
319
327
336
348
350
314
308
335
313
342
334
305
326
338
294
269
293
244
254
227
235
242
206
228
202
192
200
178
181
186
161
162
157
153
139
161
140
138
128
158
145
155
138
129
136
129
128
138
162
127
132
152
131
145
130
128
126
129
134
112
152
147
134
143
151
123
142
136
153
149
134
132
125
147
138
132
133
146
127
146
141
140
136
138
131
135
144
172
138
148
151
153
146
145
171
169
154
154
154
174
188
174
184
179
170
176
182
196
203
217
212
225
216
219
241
232
258
246
258
240
239
228
248
247
242
223
228
224
223
213
210
223
189
197
206
176
166
166
178
170
158
156
168
178
141
147
143
167
152
133
171
138
151
135
142
131
155
145
140
124
153
140
130
141
136
142
123
135
149
166
147
137
156
136
133
158
127
128
126
141
125
144
143
133
142
148
134
173
169
144
155
141
151
140
165
164
147
155
149
143
163
170
140
156
154
155
148
166
188
157
154
150
149
138
144
154
134
134
122
123
116
114
134
126
101
113
124
112
115
101
103
112
81
100
104
103
104
85
78
86
80
79
76
83
75
73
96
83
71
71
83
86
80
87
83
87
64
77
89
66
74
93
65
73
67
72
80
60
63
67
67
62
68
62
62
72
61
76
76
63
63
64
83
71
82
71
68
64
85
69
86
70
69
80
87
79
96
78
81
78
89
86
96
94
89
105
94
92
99
79
100
99
86
85
103
83
109
124
103
105
110
86
116
111
108
76
102
85
85
92
81
98
115
102
127
99
106
124
133
135
116
152
128
157
173
157
152
175
173
199
216
250
285
288
302
317
297
345
362
433
444
444
489
428
512
549
558
562
577
614
610
577
561
566
552
611
542
540
481
486
485
430
409
351
375
348
311
290
267
275
236
240
185
155
161
179
158
152
127
112
115
121
102
91
86
76
86
83
74
73
68
64
53
66
71
66
71
63
58
60
54
55
53
57
49
43
36
39
52
47
46
56
51
54
48
47
46
46
56
37
55
50
44
49
43
45
48
47
47
52
50
52
45
58
44
54
52
46
54
49
58
51
67
51
58
54
47
55
61
72
55
64
61
67
63
56
55
56
43
54
62
56
65
47
63
62
64
48
46
47
52
60
44
51
54
46
37
47
33
48
46
46
37
43
46
55
54
46
47
47
47
44
42
33
42
35
40
28
35
32
39
38
39
36
47
37
45
42
26
30
32
22
33
29
34
32
36
37
29
24
39
35
34
47
36
32
32
28
38
25
35
27
40
38
51
36
42
41
46
39
43
38
39
33
45
51
58
43
50
49
50
56
54
51
69
58
62
80
58
69
77
64
94
83
68
64
82
99
85
85
77
98
118
91
82
101
100
81
83
84
78
99
77
91
87
89
74
79
68
54
80
65
50
53
54
45
50
54
61
58
35
48
38
36
33
39
31
33
36
42
24
41
31
27
29
28
27
30
23
33
42
26
30
24
31
36
27
32
37
38
23
38
44
36
38
36
37
42
24
31
33
26
22
39
39
34
25
32
36
36
34
32
35
35
30
33
25
27
22
30
26
23
17
25
23
24
34
22
24
23
23
22
24
27
16
23
18
27
29
18
30
11
20
27
27
24
28
27
27
25
30
21
26
25
24
20
22
26
22
23
22
19
21
22
30
18
26
23
24
10
31
22
23
20
26
15
23
23
18
23
11
19
23
33
21
18
22
26
19
19
19
30
19
23
22
27
21
27
17
24
22
24
19
19
21
16
27
19
22
13
21
14
14
24
11
24
24
19
20
24
26
28
30
14
13
20
18
31
20
24
23
15
23
25
24
21
26
27
17
19
21
14
31
9
16
14
19
28
25
9
22
16
22
28
19
20
32
22
19
18
24
35
23
23
23
22
28
29
21
24
34
29
25
18
39
32
32
34
29
21
40
28
25
34
39
38
43
36
35
35
30
29
45
48
38
51
30
37
29
29
35
50
29
35
37
26
31
37
30
39
24
23
27
24
23
29
23
28
26
28
25
24
22
23
25
16
25
20
21
21
15
24
30
22
32
26
24
28
27
26
41
31
23
29
28
44
25
21
27
37
42
41
26
32
29
37
28
41
30
40
37
33
29
33
35
30
40
23
40
35
38
31
40
29
39
31
27
27
35
28
27
27
27
30
30
21
26
14
19
28
28
21
31
20
20
21
27
28
22
24
28
27
21
22
22
20
23
28
17
25
19
19
28
18
25
22
21
19
27
19
28
17
30
20
21
29
27
24
16
25
26
22
16
25
24
27
21
21
22
22
25
25
20
24
25
17
29
18
19
18
22
33
23
21
23
14
28
25
22
19
22
21
22
24
23
21
24
14
20
17
17
26
30
24
25
26
20
25
22
19
20
23
22
19
19
13
20
18
20
16
18
21
25
19
19
22
20
25
23
18
15
14
18
20
13
19
23
22
17
13
18
19
16
15
14
15
15
17
22
12
13
17
21
11
14
14
16
16
9
19
13
20
14
14
17
14
5
16
13
15
14
21
15
12
16
13
12
11
11
17
11
21
14
13
18
12
14
14
12
12
11
11
8
12
8
9
5
13
6
10
9
12
10
8
11
6
14
14
5
9
8
9
9
8
14
11
10
13
7
4
12
6
9
7
12
10
10
9
11
10
6
8
8
7
9
7
13
7
14
10
16
10
9
16
13
15
13
13
15
19
16
14
16
15
17
19
21
26
26
26
19
31
30
30
33
46
34
45
34
39
46
52
45
44
58
56
50
59
51
49
73
68
65
78
76
82
71
75
65
69
66
82
88
81
84
72
64
63
64
69
66
60
62
63
60
46
65
50
51
53
45
54
48
33
30
34
29
21
27
21
22
24
24
31
21
18
18
12
12
16
15
11
15
8
13
9
8
6
4
11
13
8
6
10
7
7
7
6
9
7
6
7
11
6
10
9
11
7
12
6
8
15
7
6
7
10
8
6
14
2
7
3
16
7
8
5
9
4
7
6
6
9
2
11
9
6
7
7
9
5
7
3
5
6
4
4
7
5
5
5
3
9
6
6
5
2
6
6
8
7
5
5
3
7
5
5
9
6
4
7
6
7
5
3
7
$ROI:
39
424 531
429 529
440 544
440 545
440 549
443 544
443 553
490 516
679 1395
772 934
800 953
827 855
828 856
840 1946
849 1974
857 2002
872 900
880 1058
887 915
914 1083
1010 1038
1208 1258
1345 1375
1418 1448
2436 2526
3229 3279
3607 3645
6449 6521
6459 6531
6463 6535
6464 6536
6467 6539
6471 6543
6482 6526
6489 6513
6497 6521
12997 13047
12999 13049
13000 13050
