$SPEC_ID:
GAMWIN
$SPEC_REM:


$DETDESC:

$DATE_MEA:
04/04/2025 15:02:45
$MEAS_TIM:
230304.32 230658.80
$MCA_CAL:
3
1.32118272781372E+001 1.29107522964478E+000 0.00000000000000E+000
$DATA:
0 2047
0
0
0
0
0
0
0
0
0
0
0
0
0
0
0
0
0
0
0
0
0
5416
5124
4811
4677
4602
4552
4592
4596
4623
4676
4723
4486
4078
3663
3502
3384
3553
3684
3929
4071
4459
4582
4847
4841
5016
5355
5608
6287
6903
7771
8163
8368
8366
7696
7285
6451
6042
5839
5702
5497
5436
5327
4955
4676
4337
3976
3679
3413
3042
2889
2833
2800
2740
2708
2619
2591
2652
2632
2633
2674
2642
2623
2677
2614
2582
2716
2741
2833
2681
2850
2762
2941
2858
2851
2773
2746
2773
2724
2808
2863
2733
2748
2834
2698
2773
2785
2756
2739
2571
2717
2684
2684
2532
2519
2533
2543
2482
2489
2507
2525
2546
2471
2487
2585
2620
2703
2763
2774
2750
2857
2923
2922
2794
2696
2592
2584
2511
2559
2453
2502
2443
2397
2304
2526
2480
2380
2276
2429
2363
2337
2312
2337
2258
2225
2229
2249
2323
2393
2495
2581
2863
2989
3325
3657
3895
4261
4506
4402
4701
4708
4570
4165
3878
3541
3325
3012
2548
2473
2192
2045
1949
1833
1809
1712
1776
1766
1728
1813
1807
1799
1859
1846
1861
1817
1836
1876
1746
1829
1845
1830
1950
2008
2030
2093
2221
2250
2371
2366
2533
2490
2515
2383
2293
2261
2108
1945
1851
1683
1533
1499
1349
1340
1287
1313
1291
1233
1215
1233
1333
1365
1375
1358
1471
1524
1568
1589
1637
1739
1733
1900
1935
2064
2115
2303
2412
2571
2676
2662
2923
2828
2866
2789
2656
2514
2390
2180
1976
1838
1666
1516
1353
1216
1155
1122
1010
972
903
936
884
894
902
850
910
903
911
851
883
882
834
857
830
873
838
795
794
800
863
794
832
801
815
771
812
839
763
814
772
784
800
749
751
726
728
710
686
682
657
705
702
692
671
655
661
646
614
709
664
634
676
656
683
711
715
734
714
764
742
742
774
713
732
736
747
706
766
724
711
739
759
760
698
714
647
676
684
682
676
648
675
708
641
682
715
783
749
722
773
816
842
842
887
928
960
954
974
920
896
987
982
908
914
917
831
795
798
760
693
645
604
669
610
678
569
569
591
595
578
592
567
566
554
539
542
564
543
555
529
533
560
516
602
603
566
672
602
650
663
656
701
788
803
800
835
883
939
904
946
1003
981
1035
1072
1077
1039
1017
1080
1127
1093
1123
1135
1160
1191
1267
1234
1336
1335
1429
1370
1369
1466
1419
1382
1343
1316
1192
1108
1034
966
939
893
842
777
712
655
608
629
552
524
541
496
495
465
462
445
435
421
414
447
418
430
449
426
433
464
437
444
452
475
458
442
445
460
407
461
422
437
446
421
411
459
423
396
398
465
415
374
413
398
416
389
404
396
410
367
401
406
407
432
393
433
386
410
382
396
441
436
464
451
452
433
465
438
460
457
456
439
491
438
459
401
455
485
456
426
430
446
435
385
419
417
406
439
394
424
458
454
446
477
457
435
441
461
427
474
437
492
479
475
481
477
442
481
446
484
434
459
407
482
423
443
433
416
431
442
406
396
426
431
438
398
435
365
416
402
349
362
347
346
382
330
405
380
338
330
338
391
345
364
365
395
357
357
360
324
340
323
338
335
345
359
318
326
351
324
322
352
341
324
335
336
329
339
344
299
356
311
341
316
328
330
340
325
294
282
303
320
312
303
282
324
276
275
286
352
369
336
377
345
391
405
397
379
409
448
435
426
483
464
480
494
446
518
512
470
511
483
498
460
460
424
455
444
449
415
406
426
373
372
390
341
342
340
333
325
335
367
363
330
342
340
362
374
339
341
391
382
377
370
403
373
384
389
397
391
432
358
386
395
408
388
347
344
346
349
325
329
313
313
298
267
304
307
279
259
273
288
220
233
249
267
247
237
252
216
234
206
238
240
236
197
237
248
214
228
212
232
220
217
242
255
210
205
239
214
223
209
221
216
218
241
219
234
249
233
237
227
221
224
256
228
234
231
231
228
233
238
222
230
241
217
235
218
252
229
222
246
248
244
220
220
210
237
226
254
251
249
273
261
255
287
259
265
302
296
271
327
297
334
331
326
353
351
321
339
326
355
359
362
329
328
355
338
310
315
285
346
297
308
287
300
291
271
267
280
249
210
257
255
224
220
231
229
238
244
248
225
245
189
220
200
223
225
202
179
230
192
234
218
210
214
173
190
208
198
205
214
209
218
204
182
214
212
203
197
190
196
182
215
204
200
209
218
208
216
172
237
212
224
211
214
235
214
236
239
195
233
206
235
226
212
224
215
223
205
225
235
222
244
208
210
204
220
238
208
185
210
185
201
204
194
169
167
186
189
173
182
155
172
147
163
145
172
181
176
182
183
172
140
166
159
152
141
169
155
151
129
157
139
160
130
150
159
155
144
141
134
140
136
146
143
135
147
132
116
140
120
170
157
118
131
135
120
135
138
130
146
136
150
138
136
123
122
124
130
143
117
161
149
157
141
158
124
132
140
149
147
160
167
163
144
161
184
169
162
146
181
188
158
191
172
157
190
179
159
158
167
194
180
188
181
175
172
157
185
149
173
184
168
202
179
160
192
163
200
178
173
182
184
198
182
219
222
211
244
211
225
244
223
264
260
270
289
270
358
347
386
306
392
389
414
429
415
423
472
479
477
487
506
483
472
499
428
462
474
473
408
428
447
354
365
355
340
335
349
333
298
307
274
258
227
238
214
214
217
207
169
193
167
152
139
171
175
153
154
150
144
146
140
140
132
120
141
130
150
127
125
111
122
124
122
126
129
99
119
115
115
121
100
105
130
99
97
120
119
108
122
108
92
105
112
89
112
104
113
88
110
118
128
133
109
104
103
107
108
110
110
95
119
100
117
109
122
134
127
120
121
97
126
134
142
104
123
128
97
106
117
103
113
126
106
111
115
101
107
97
119
103
116
104
107
109
101
96
95
112
83
102
105
95
81
81
90
101
97
102
90
91
100
84
80
90
84
90
97
88
96
100
72
92
106
84
109
102
101
94
89
67
86
87
84
87
92
81
93
83
84
86
73
93
85
82
85
94
70
76
88
107
77
83
108
99
89
80
102
91
95
120
98
117
96
104
111
117
89
114
96
107
129
97
119
132
124
130
111
148
128
141
130
132
139
139
142
150
132
158
174
159
147
145
136
163
148
140
154
161
153
134
153
157
150
136
146
138
143
129
126
116
140
106
115
92
122
96
101
104
104
110
86
86
90
100
79
95
88
92
89
69
86
82
83
63
76
73
75
65
66
80
79
89
71
80
81
65
80
66
61
68
58
70
69
86
66
64
68
89
94
64
63
77
81
72
82
66
71
73
72
82
71
69
68
69
77
67
66
67
58
65
72
54
65
63
67
65
67
52
55
77
71
57
67
58
56
68
60
58
63
65
65
56
63
62
63
56
62
65
60
54
65
40
50
61
52
57
52
58
47
60
56
46
55
62
57
61
56
52
64
64
46
52
64
55
51
67
65
50
63
69
74
59
56
62
52
60
66
60
61
61
50
60
54
58
62
67
46
62
50
50
71
59
62
49
58
54
52
63
50
55
68
47
43
53
55
64
57
66
62
59
56
54
50
57
54
69
59
62
56
72
55
63
45
51
45
56
55
64
61
59
49
62
58
62
63
52
59
51
54
66
55
62
59
61
53
49
59
50
64
57
53
50
47
57
71
51
55
55
63
64
67
57
78
59
76
55
69
70
63
53
67
68
56
71
52
59
56
56
68
73
65
75
60
67
63
66
75
70
66
67
74
62
86
55
60
63
60
69
61
65
56
52
55
62
61
62
56
59
57
64
56
44
64
59
62
55
64
51
65
55
59
52
54
54
48
58
49
57
50
67
55
61
57
81
67
69
60
65
54
64
49
67
68
57
63
55
81
76
77
55
71
68
78
77
79
72
65
66
57
59
62
70
72
68
65
57
61
63
59
59
58
57
61
54
50
49
42
60
66
50
70
58
52
65
46
53
48
52
55
55
49
56
46
42
53
41
57
52
45
57
56
50
55
58
40
52
62
50
48
51
39
44
52
55
46
59
56
51
56
57
55
57
61
54
43
51
51
60
53
31
39
46
59
44
60
41
50
49
68
56
42
52
55
59
54
59
51
58
53
49
31
39
42
53
63
49
42
59
41
57
56
55
45
50
48
46
34
58
53
48
51
71
48
61
41
49
65
54
50
44
38
52
49
39
40
51
47
61
43
50
48
45
42
49
37
42
56
49
44
51
47
41
38
53
44
37
38
56
43
35
32
45
40
47
42
41
40
38
47
53
34
47
54
35
46
49
41
63
35
40
38
42
46
47
42
41
39
37
42
37
54
57
41
51
51
45
33
45
40
31
36
53
38
48
48
31
24
38
38
23
37
38
39
41
43
35
32
45
32
28
35
37
39
33
22
36
28
35
52
27
34
42
35
40
31
44
36
37
45
39
29
30
33
36
42
43
45
40
37
40
39
38
34
34
40
42
33
46
42
45
42
35
37
53
42
51
33
41
39
52
54
46
49
54
37
64
55
55
51
60
83
56
65
67
55
73
72
83
81
58
78
87
92
86
93
89
75
87
98
95
88
101
95
104
106
117
102
84
118
98
121
105
94
80
84
81
95
77
88
79
71
94
68
88
78
71
60
69
78
70
60
69
56
49
53
43
51
51
50
44
42
45
36
49
45
33
38
39
36
43
43
37
28
35
34
39
46
38
30
36
31
38
28
27
34
30
39
40
36
38
28
29
41
35
36
23
35
27
39
33
32
26
24
33
38
37
36
22
24
38
31
34
31
32
31
44
39
22
36
32
31
45
31
34
41
34
35
29
32
44
35
32
35
38
37
28
26
29
31
26
32
35
32
32
38
48
41
27
25
36
31
$ROI:
39
424 531
429 529
440 544
440 545
440 549
443 544
443 553
490 516
679 1395
772 934
800 953
827 855
828 856
840 1946
849 1974
857 2002
872 900
880 1058
887 915
914 1083
1010 1038
1208 1258
1345 1375
1418 1448
2436 2526
3229 3279
3607 3645
6449 6521
6459 6531
6463 6535
6464 6536
6467 6539
6471 6543
6482 6526
6489 6513
6497 6521
12997 13047
12999 13049
13000 13050
