$SPEC_ID:
GAMWIN
$SPEC_REM:


$DETDESC:

$DATE_MEA:
04/07/2025 07:09:29
$MEAS_TIM:
27624.90 27729.77
$MCA_CAL:
3
1.32118272781372E+001 1.29107522964478E+000 0.00000000000000E+000
$DATA:
0 2047
0
0
0
0
0
0
0
0
0
0
0
0
0
0
0
0
0
0
0
0
0
2910
2540
2363
2351
2427
2470
2388
2428
2432
2393
2355
2337
2214
2148
2272
2303
2364
2675
2802
2946
3184
3283
3425
3534
3743
3996
4429
5001
5874
6443
6925
7099
6849
6186
5629
4988
4553
4347
4163
4146
4074
3962
3860
3477
3092
2895
2587
2343
2219
2066
1984
1893
1808
1834
1832
1771
1792
1745
1740
1827
1686
1680
1729
1811
1828
1723
1892
1924
2020
1934
1920
1960
1869
1884
1830
1794
1787
1923
1791
1852
1876
1800
1864
1715
1755
1786
1825
1770
1744
1681
1661
1646
1645
1587
1627
1579
1617
1584
1537
1615
1539
1549
1565
1625
1614
1636
1730
1752
1775
1748
1794
1775
1762
1710
1609
1687
1522
1540
1554
1497
1604
1544
1496
1643
1617
1623
1586
1684
1567
1522
1630
1566
1534
1493
1567
1587
1637
1680
1867
1973
2225
2536
2909
3285
3557
3894
4167
4430
4475
4326
4012
3676
3281
3000
2708
2292
1926
1588
1421
1288
1242
1121
1074
1094
979
1049
1066
1016
1109
1151
1122
1134
1106
1210
1152
1132
1202
1121
1191
1187
1205
1238
1231
1247
1363
1498
1503
1502
1619
1505
1508
1531
1425
1394
1284
1206
1097
972
915
897
836
788
800
796
800
751
716
764
850
903
859
943
977
1033
1124
1094
1210
1257
1329
1372
1452
1580
1586
1615
1698
1768
1847
1856
1839
1812
1795
1714
1619
1489
1376
1210
1150
1037
947
824
755
683
629
616
544
539
505
453
496
481
448
459
417
490
495
434
457
427
459
465
466
450
438
497
480
453
422
452
483
475
471
447
493
424
453
470
423
448
411
418
403
385
370
384
366
345
405
357
354
348
369
399
336
387
377
373
357
341
354
403
425
423
408
424
429
363
429
449
460
454
428
446
429
469
462
407
481
385
404
370
366
359
379
351
330
352
366
310
334
326
358
370
363
361
381
375
389
437
454
487
439
428
456
556
497
499
559
451
464
477
465
454
491
427
393
385
367
369
343
352
327
301
310
274
271
287
279
306
327
321
276
286
327
310
314
298
319
361
355
319
332
362
371
389
408
443
493
526
529
554
646
652
652
718
804
789
834
885
807
942
864
887
872
854
887
854
853
856
841
833
853
867
872
885
868
888
872
845
918
888
825
792
710
751
693
617
577
537
513
453
383
383
387
328
318
296
277
246
263
209
212
227
240
240
213
223
228
245
229
227
238
261
232
238
254
249
248
257
225
246
223
247
208
226
270
219
222
257
227
237
192
214
196
208
241
206
210
208
213
239
232
204
221
208
237
224
241
258
221
280
221
263
245
270
245
256
281
278
266
299
304
301
300
326
305
300
295
305
293
290
269
246
239
242
283
253
263
224
253
244
238
225
241
233
299
250
240
249
243
248
270
264
257
280
269
306
273
251
288
290
307
258
286
273
238
253
253
287
246
240
249
216
244
239
221
243
219
208
229
202
224
231
209
207
210
178
210
197
182
193
190
186
195
193
197
186
192
207
173
173
216
189
186
183
169
175
202
197
212
196
218
202
201
212
214
195
192
182
194
192
190
186
191
224
206
189
204
208
184
178
195
194
158
190
166
169
170
205
169
217
211
222
224
250
233
276
281
307
316
328
325
335
394
391
410
414
410
412
423
426
416
441
412
371
399
362
400
341
325
361
309
312
305
282
263
235
240
227
220
241
237
222
215
206
192
217
219
278
267
261
276
285
293
300
282
298
289
313
329
325
284
365
354
303
347
310
310
292
282
288
290
278
247
234
214
225
199
181
181
171
164
152
153
134
146
145
141
141
153
130
131
131
118
154
134
129
116
124
109
130
107
123
115
129
143
116
117
137
92
119
114
114
132
123
130
103
135
119
110
129
127
125
120
119
105
124
136
107
120
149
134
141
122
134
137
106
141
143
156
138
139
152
149
132
126
138
133
144
141
132
151
156
154
137
149
151
171
174
180
179
177
184
182
208
190
192
198
219
217
219
204
200
206
219
199
244
211
237
196
215
216
169
171
191
176
169
186
163
170
155
171
155
163
161
146
136
132
147
149
142
120
144
151
147
123
139
134
144
137
153
133
122
142
121
122
121
108
119
125
126
112
138
116
135
133
121
122
135
119
132
135
107
114
130
145
106
141
119
145
126
117
142
106
146
128
141
125
133
133
140
142
127
141
145
139
132
155
130
143
138
120
139
143
122
106
141
118
127
125
133
131
114
128
116
104
97
94
106
95
109
104
97
80
88
96
81
89
80
90
85
86
95
83
73
73
79
83
81
71
70
74
77
86
69
65
68
76
58
83
64
63
64
66
48
64
66
65
78
58
61
63
60
64
58
71
65
62
45
52
51
57
62
60
61
64
63
53
51
62
64
68
66
61
65
61
71
71
64
66
61
68
77
81
65
88
72
74
87
81
77
97
95
84
82
75
79
92
65
92
73
90
91
80
85
85
78
72
84
90
77
80
111
92
97
114
83
92
78
77
107
95
103
104
125
112
107
124
146
120
161
139
165
180
176
202
224
213
227
246
276
320
333
330
392
384
349
398
430
475
482
493
472
532
521
483
513
469
520
482
480
506
468
491
484
443
423
344
388
328
333
315
290
232
241
184
233
175
176
140
169
143
136
122
118
100
101
86
78
85
85
62
81
68
75
70
61
61
58
54
38
49
57
51
55
55
58
43
44
42
51
44
49
57
49
48
45
43
53
47
39
69
44
48
48
49
49
50
44
50
48
48
51
47
58
54
46
51
43
49
73
46
64
50
54
51
41
68
66
71
55
73
77
65
74
49
71
62
63
64
65
63
61
63
56
48
64
54
50
57
64
61
55
63
45
53
55
40
48
64
56
59
40
42
40
39
56
39
51
53
38
49
34
42
49
45
47
44
37
33
33
39
33
46
28
36
41
39
34
34
23
35
24
39
31
33
29
31
30
34
24
28
27
39
33
42
35
22
31
27
23
32
32
33
35
38
39
53
31
29
36
37
47
40
38
38
40
38
55
55
40
47
38
49
58
43
44
51
45
53
57
63
50
52
64
69
64
62
67
49
61
62
83
75
63
59
65
78
85
77
84
62
60
74
87
81
64
85
71
68
77
62
69
60
68
64
54
71
52
61
42
37
44
48
34
43
36
35
43
32
32
26
27
33
30
31
37
40
29
23
22
27
36
24
20
32
26
29
37
28
32
34
33
38
31
29
27
33
26
33
30
29
29
23
27
24
39
22
31
25
26
37
22
29
41
34
27
29
31
32
21
30
28
21
18
25
25
21
20
25
21
22
14
25
27
29
22
21
29
17
23
21
21
27
24
15
21
26
33
19
21
22
19
18
15
21
24
21
22
19
21
24
22
29
28
21
23
24
16
18
23
19
12
31
28
14
24
22
10
19
19
30
22
27
26
27
31
16
20
25
23
25
21
14
28
24
25
21
24
15
20
25
17
26
19
24
36
14
18
23
22
21
18
26
27
21
21
22
15
21
27
16
20
11
15
24
18
24
23
17
16
26
19
20
27
19
29
25
18
27
22
24
15
19
21
26
18
12
23
25
16
14
14
25
20
15
15
20
23
26
22
22
18
23
26
27
24
20
22
26
31
25
29
32
34
27
24
26
25
38
22
24
33
34
32
36
43
39
39
28
40
27
40
33
36
33
32
49
51
39
43
36
35
29
41
39
34
37
43
28
34
42
31
30
32
33
29
31
39
30
23
26
24
27
27
23
19
29
14
29
33
34
27
22
26
20
18
16
23
18
23
25
30
23
20
30
27
22
24
26
32
19
21
33
36
24
42
43
26
39
32
39
28
23
37
45
40
31
34
34
42
31
26
19
36
38
37
31
23
37
24
29
42
35
27
27
30
23
24
26
13
22
26
23
18
25
26
22
26
28
23
26
32
27
21
32
29
14
15
22
30
25
24
15
18
20
22
29
25
24
35
19
29
23
28
24
25
23
13
15
17
23
14
20
27
27
19
24
25
31
23
31
30
32
27
22
21
22
26
24
26
27
25
22
26
29
26
21
23
30
25
21
21
24
24
28
33
30
30
26
26
18
20
32
17
18
23
30
28
29
18
18
22
26
18
20
19
15
24
16
18
18
30
19
23
33
21
22
13
27
21
20
20
22
17
22
16
17
27
24
18
21
17
21
22
16
16
20
16
14
12
18
9
17
11
18
7
14
17
12
17
13
21
20
14
23
9
15
21
16
13
19
11
12
16
18
23
16
19
13
14
18
12
14
24
23
21
9
16
14
17
11
18
7
10
7
13
10
14
8
20
10
14
8
8
10
12
13
14
14
10
14
12
4
8
9
22
11
5
11
13
5
8
6
8
15
10
8
8
8
10
8
6
5
10
12
12
7
9
9
17
8
10
12
4
16
11
14
10
15
11
16
15
14
13
16
9
19
13
17
16
20
17
30
24
40
20
28
38
44
39
30
32
36
32
49
37
44
44
60
56
66
56
56
63
82
66
73
71
70
64
89
77
64
73
66
79
84
66
75
93
88
71
69
89
76
72
77
79
84
61
56
77
57
65
57
32
42
55
46
34
39
39
25
27
30
32
20
33
19
18
23
16
16
11
23
11
22
11
14
14
17
15
11
10
10
12
15
5
7
10
8
4
7
8
7
9
9
6
13
10
16
6
6
6
8
8
3
9
6
7
9
7
10
5
4
5
4
10
5
5
2
8
8
6
10
5
11
6
4
11
8
10
5
5
7
8
6
6
6
4
3
9
6
5
3
2
5
4
7
10
5
9
9
4
7
10
5
5
5
4
5
7
5
5
8
12
8
$ROI:
39
424 531
429 529
440 544
440 545
440 549
443 544
443 553
490 516
679 1395
772 934
800 953
827 855
828 856
840 1946
849 1974
857 2002
872 900
880 1058
887 915
914 1083
1010 1038
1208 1258
1345 1375
1418 1448
2436 2526
3229 3279
3607 3645
6449 6521
6459 6531
6463 6535
6464 6536
6467 6539
6471 6543
6482 6526
6489 6513
6497 6521
12997 13047
12999 13049
13000 13050
