$SPEC_ID:
GAMWIN
$SPEC_REM:


$DETDESC:

$DATE_MEA:
04/22/2025 07:13:54
$MEAS_TIM:
27659.18 27763.79
$MCA_CAL:
3
1.32118272781372E+001 1.29107522964478E+000 0.00000000000000E+000
$DATA:
0 2047
0
0
0
0
0
0
0
0
0
0
0
0
0
0
0
0
0
0
0
0
0
2822
2521
2414
2332
2370
2384
2385
2442
2444
2352
2395
2293
2248
2157
2321
2286
2410
2647
2782
3003
3294
3463
3472
3659
3750
4029
4584
5225
5741
6472
7038
7067
6803
6211
5556
4921
4580
4314
4215
4185
3988
3801
3834
3473
3057
2803
2623
2393
2177
1937
1958
1848
1833
1843
1805
1815
1800
1773
1712
1737
1670
1755
1749
1739
1716
1819
1807
1949
1928
1970
2020
1915
1916
1982
1819
1835
1793
1848
1719
1784
1748
1765
1826
1816
1821
1814
1793
1792
1816
1765
1667
1644
1612
1658
1613
1581
1545
1586
1502
1535
1598
1550
1584
1619
1622
1671
1646
1796
1824
1853
1842
1730
1751
1692
1642
1638
1609
1578
1509
1574
1492
1521
1609
1597
1605
1652
1682
1623
1589
1549
1459
1533
1472
1437
1480
1517
1613
1685
1880
2078
2340
2639
2997
3322
3589
3944
4070
4322
4281
4231
4028
3750
3489
2926
2570
2249
1902
1648
1365
1356
1119
1107
1119
1029
1034
1092
1052
1095
1135
1123
1214
1245
1188
1144
1131
1169
1165
1072
1131
1139
1179
1204
1315
1348
1347
1450
1433
1498
1617
1560
1525
1566
1421
1339
1262
1122
1080
985
980
829
832
754
742
765
784
782
787
789
848
884
900
1001
1012
1105
1094
1194
1260
1270
1397
1391
1521
1571
1512
1644
1690
1685
1775
1828
1758
1746
1759
1747
1683
1446
1396
1248
1160
1061
904
846
726
671
612
558
587
506
508
493
488
434
469
483
429
462
470
482
492
462
446
439
456
478
480
495
489
475
459
447
516
442
456
484
443
448
461
485
458
468
402
402
403
403
367
387
402
369
390
364
381
369
339
366
354
354
357
381
432
432
361
386
363
400
411
412
458
424
426
455
463
454
447
473
463
446
439
460
430
422
364
361
380
347
386
365
368
356
376
367
359
332
352
367
333
370
396
423
394
427
445
494
459
539
514
507
532
497
519
452
475
504
462
434
418
420
402
357
343
348
356
330
295
310
306
287
277
285
299
330
331
301
312
266
331
298
306
303
297
314
314
328
338
371
411
404
421
438
496
517
544
560
617
706
741
742
763
842
817
856
874
856
862
886
850
891
883
868
805
841
803
848
855
862
842
919
866
857
917
901
878
744
806
778
719
769
659
619
559
499
499
416
405
328
368
290
288
271
258
293
258
257
235
243
238
234
204
213
248
238
237
252
235
217
219
234
232
255
225
233
243
238
238
233
240
238
247
211
221
218
229
231
261
215
218
225
223
246
214
221
239
254
226
228
246
226
246
243
253
253
205
248
237
239
251
264
265
256
276
276
293
302
312
297
314
304
280
324
307
311
278
281
271
320
248
263
241
253
267
235
237
236
241
261
233
263
280
257
258
270
264
253
243
253
271
286
273
257
269
286
291
261
266
282
284
265
272
253
262
244
247
259
259
201
258
242
242
248
208
233
217
257
230
215
214
221
230
170
218
179
180
216
158
168
211
199
209
187
204
193
181
176
183
208
193
198
225
215
202
206
217
235
224
181
194
192
193
210
208
203
193
194
220
216
185
216
220
191
199
208
193
211
187
173
176
204
182
196
224
198
183
210
224
219
221
239
230
258
281
289
304
356
329
381
379
386
406
412
412
397
428
411
397
403
426
377
356
368
332
328
366
293
314
272
301
258
251
279
242
219
212
242
212
219
216
220
237
235
238
279
273
247
298
290
308
285
323
315
330
361
330
337
331
343
305
293
344
299
293
284
294
248
279
231
239
193
213
174
216
192
187
173
155
161
159
159
169
132
127
144
142
125
110
133
137
145
111
113
130
130
126
137
113
120
134
115
125
107
125
122
116
145
115
114
132
128
119
115
141
146
133
126
142
148
137
146
104
130
138
146
132
129
138
123
123
132
141
127
131
128
132
151
121
122
137
137
159
138
137
140
139
143
140
156
143
129
150
174
152
172
172
187
183
193
177
186
207
175
202
229
229
232
237
212
222
238
224
228
192
193
222
218
189
192
184
187
190
167
164
161
150
168
174
158
136
142
132
136
165
151
158
149
137
135
133
139
139
153
125
139
144
147
124
152
115
123
131
121
125
123
128
118
142
131
124
124
111
124
121
147
124
144
130
130
118
119
120
102
120
110
141
117
148
145
147
142
137
147
141
165
126
135
153
136
142
134
144
142
157
157
120
144
150
143
122
123
133
120
128
133
147
116
137
108
118
115
103
97
93
110
86
92
103
98
92
90
85
95
102
79
80
92
101
77
85
90
69
77
78
75
70
69
70
77
75
92
57
73
60
77
75
55
62
58
59
67
71
52
62
63
64
58
62
67
60
55
66
55
65
64
68
82
53
69
64
61
52
65
54
57
53
52
57
50
70
66
58
65
73
65
87
71
57
70
88
74
71
81
85
85
65
88
88
87
86
81
88
85
95
101
91
103
72
91
71
90
81
87
87
76
95
74
92
96
78
78
104
97
102
96
85
105
106
94
103
91
110
124
114
137
121
153
162
151
193
193
250
236
255
264
288
309
325
329
383
357
407
413
442
467
468
485
484
461
514
479
504
480
472
544
492
474
481
468
443
395
367
401
324
361
315
276
296
263
235
232
206
192
185
141
148
125
127
104
96
97
105
72
77
75
75
72
72
74
59
70
58
63
60
57
60
52
60
52
50
44
65
45
47
47
67
43
42
43
39
40
45
49
43
40
52
44
37
38
34
53
40
50
41
33
43
39
49
50
54
44
60
47
44
55
63
53
62
51
56
54
52
66
59
56
55
71
62
74
64
66
65
68
49
62
62
64
67
40
63
45
63
67
54
76
53
53
58
58
45
44
59
43
51
36
49
53
51
55
53
43
47
55
50
40
46
48
43
40
31
31
30
29
39
41
36
43
45
32
33
48
37
33
33
40
41
19
30
45
29
28
23
39
35
48
38
38
24
36
32
35
38
30
29
36
35
31
39
33
24
33
37
40
30
45
38
39
36
43
38
42
47
48
42
42
45
55
52
49
48
55
65
60
36
52
59
61
61
58
64
84
69
61
59
60
59
77
77
86
79
69
80
81
83
71
85
89
92
73
73
75
78
74
83
56
55
60
64
59
63
47
52
50
37
45
56
40
43
34
40
36
38
37
43
40
27
28
32
29
29
23
34
25
41
29
28
29
33
26
33
26
25
30
23
29
28
36
31
25
24
32
25
25
36
31
26
30
25
33
22
28
28
29
35
41
28
24
26
30
24
24
30
35
26
31
28
31
23
41
26
32
27
30
38
23
25
16
17
23
32
38
19
35
26
27
26
19
20
16
25
25
28
20
31
25
13
20
24
18
19
20
27
28
24
20
23
22
18
16
13
24
23
18
21
22
28
15
17
28
27
23
26
22
22
27
25
19
25
26
21
19
26
19
23
21
27
12
14
20
13
26
21
23
24
14
24
22
17
27
27
13
22
20
18
25
22
25
19
27
23
17
18
14
21
17
20
19
26
21
25
23
20
26
18
19
16
24
18
24
23
22
18
15
15
19
17
13
21
16
25
21
16
24
23
21
21
28
31
23
13
20
17
21
13
15
20
20
23
21
21
25
29
24
17
25
31
27
35
32
23
30
24
31
37
29
24
33
37
41
37
37
30
28
42
34
39
43
32
39
31
39
33
42
41
40
26
48
32
34
32
40
41
38
32
31
34
22
27
43
28
34
25
20
28
28
24
26
31
27
24
28
30
36
20
25
25
27
26
29
23
23
30
31
26
35
31
30
24
23
19
26
29
29
25
30
27
34
40
26
36
21
22
30
34
35
27
24
34
30
35
34
33
35
31
25
24
41
30
30
30
44
33
34
24
26
29
17
30
28
29
23
30
21
23
26
29
17
28
33
26
25
32
25
14
28
23
23
27
22
18
21
27
22
28
32
24
28
14
19
22
18
19
17
30
25
30
27
16
22
22
26
25
18
30
24
31
22
27
16
24
25
25
34
25
32
24
28
19
33
29
24
26
26
13
30
25
28
30
26
14
20
29
34
22
26
17
20
21
24
21
23
18
20
22
17
27
22
19
18
20
38
27
23
29
19
17
17
23
15
31
13
16
20
18
26
18
23
20
20
19
16
20
19
27
16
31
14
29
16
15
19
19
20
13
13
17
14
12
16
19
19
18
17
19
13
15
16
12
14
26
16
17
19
14
10
15
22
13
12
17
18
10
17
14
8
22
17
12
9
16
10
27
18
11
20
12
7
14
13
11
11
14
11
18
9
13
9
15
8
12
10
10
11
11
17
14
10
8
17
11
11
13
15
11
7
9
10
11
9
5
7
5
12
7
9
17
9
8
14
3
9
8
11
7
7
5
13
5
12
6
12
10
5
16
14
14
12
13
6
9
13
16
8
12
9
7
12
11
8
8
23
19
13
15
20
21
25
24
21
19
22
32
37
33
38
34
43
38
31
43
32
44
36
54
48
58
51
60
60
57
62
69
71
85
89
95
78
83
74
79
71
73
79
88
78
64
89
66
86
80
78
59
64
70
62
52
50
68
60
63
46
47
32
41
32
40
34
41
35
28
34
26
22
23
20
22
21
22
11
11
21
12
15
13
11
12
14
10
11
12
9
14
7
8
11
3
12
12
7
7
8
13
10
8
8
11
12
10
7
3
7
7
11
8
8
9
4
10
11
6
8
4
6
5
9
7
6
6
4
4
11
5
6
7
6
7
7
7
9
9
9
13
5
8
8
7
7
6
6
6
9
7
9
9
5
7
9
8
5
5
6
6
8
5
7
7
11
2
7
7
5
1
8
6
$ROI:
39
424 531
429 529
440 544
440 545
440 549
443 544
443 553
490 516
679 1395
772 934
800 953
827 855
828 856
840 1946
849 1974
857 2002
872 900
880 1058
887 915
914 1083
1010 1038
1208 1258
1345 1375
1418 1448
2436 2526
3229 3279
3607 3645
6449 6521
6459 6531
6463 6535
6464 6536
6467 6539
6471 6543
6482 6526
6489 6513
6497 6521
12997 13047
12999 13049
13000 13050
