$SPEC_ID:
GAMWIN
$SPEC_REM:


$DETDESC:

$DATE_MEA:
04/23/2025 07:05:50
$MEAS_TIM:
28003.63 28107.84
$MCA_CAL:
3
1.32118272781372E+001 1.29107522964478E+000 0.00000000000000E+000
$DATA:
0 2047
0
0
0
0
0
0
0
0
0
0
0
0
0
0
0
0
0
0
0
0
0
2871
2614
2412
2362
2496
2418
2437
2454
2458
2383
2302
2257
2253
2181
2308
2331
2393
2691
2822
2997
3231
3378
3413
3646
3796
4183
4589
5178
5904
6581
6922
7116
6865
6221
5606
4917
4436
4365
4177
4121
4019
3985
3654
3420
3025
2777
2495
2215
2170
1999
1888
1805
1864
1832
1791
1747
1730
1678
1675
1808
1747
1610
1795
1781
1789
1815
1932
1917
1918
1908
1956
1970
1922
1915
1873
1848
1840
1810
1761
1781
1807
1780
1760
1821
1793
1779
1810
1720
1693
1630
1657
1752
1566
1602
1602
1591
1536
1577
1543
1526
1594
1596
1595
1609
1652
1672
1668
1761
1789
1823
1863
1767
1731
1714
1637
1674
1608
1566
1603
1652
1569
1597
1630
1556
1671
1598
1667
1589
1562
1551
1571
1504
1542
1495
1540
1599
1607
1744
1954
2137
2357
2681
3106
3459
3692
4000
4267
4516
4434
4263
4069
3706
3331
2844
2520
2162
1909
1649
1516
1335
1208
1126
1079
1085
1141
1044
1098
1097
1071
1147
1153
1205
1195
1100
1134
1188
1159
1153
1160
1178
1174
1281
1261
1414
1488
1464
1497
1577
1549
1643
1556
1485
1408
1378
1232
1178
1032
938
905
869
812
809
774
789
760
797
819
848
902
914
923
994
1008
1108
1180
1244
1305
1388
1387
1494
1483
1539
1648
1653
1782
1828
1823
1839
1852
1795
1732
1689
1611
1456
1382
1279
1146
1078
886
806
708
616
589
589
512
530
491
505
521
497
462
457
438
485
481
463
484
472
508
466
501
514
499
497
544
439
490
495
447
483
453
453
464
468
450
465
458
421
424
404
422
415
399
400
398
377
382
370
405
362
398
364
375
402
389
358
354
384
360
422
398
403
401
462
411
436
443
438
449
463
477
466
422
462
443
398
392
389
414
402
393
359
367
376
348
336
348
325
352
395
362
370
376
417
391
390
460
450
448
501
461
503
499
534
509
503
512
518
494
514
474
445
438
400
412
378
335
361
331
289
321
329
295
312
301
300
252
303
295
320
321
297
293
297
338
309
297
315
323
352
369
357
403
405
475
458
509
533
572
629
643
701
720
758
777
810
890
864
883
909
838
937
821
854
838
840
810
866
866
831
873
824
831
861
871
953
835
933
863
795
813
758
701
735
616
594
529
500
483
454
430
366
364
326
303
296
297
295
260
235
222
264
233
276
256
250
242
235
231
207
213
233
226
232
236
252
248
243
266
224
229
237
244
238
236
230
219
248
226
220
228
240
234
258
207
210
223
226
227
230
246
250
203
206
249
219
276
238
231
283
271
290
256
258
269
279
318
291
319
320
321
293
297
285
291
304
276
302
313
282
283
250
269
289
268
250
231
264
226
250
260
239
227
236
264
250
276
252
252
276
268
275
252
275
283
270
275
289
310
270
272
278
287
256
259
268
243
252
250
288
268
260
255
239
264
266
267
237
225
223
208
226
194
184
224
214
183
191
188
166
212
194
191
191
185
199
201
202
195
198
199
204
228
204
198
205
232
200
212
225
238
192
199
210
212
218
196
222
218
205
216
191
227
188
183
206
203
172
186
211
187
180
192
204
222
210
184
174
228
233
230
244
230
253
284
295
274
316
331
322
331
378
374
387
426
391
448
435
433
462
454
411
422
430
383
369
364
367
319
302
330
297
277
275
270
243
260
252
240
237
239
238
254
217
229
232
252
234
249
242
279
284
298
290
313
338
340
316
343
337
334
343
344
342
342
311
289
305
304
271
238
259
212
234
228
227
238
160
190
176
175
164
135
137
144
138
157
143
180
146
136
127
120
121
127
130
118
126
120
116
127
117
143
124
128
124
111
116
130
124
118
129
130
150
123
110
146
125
124
136
136
116
147
119
108
149
133
121
115
135
124
134
149
135
144
123
150
137
126
156
131
135
157
149
137
156
137
129
176
156
135
162
163
160
160
164
196
166
179
178
174
195
187
193
193
205
212
210
216
223
188
191
212
198
194
218
232
209
234
222
197
192
187
204
167
175
187
183
187
153
164
143
155
144
173
146
140
149
136
153
129
135
131
163
148
156
126
125
148
137
120
137
114
133
121
117
131
128
129
129
108
114
107
126
129
135
144
114
140
108
139
139
149
143
128
125
139
149
119
121
140
138
129
122
155
147
148
130
153
132
151
175
131
127
166
151
141
151
152
158
142
141
146
137
127
128
133
150
136
123
130
120
123
108
123
103
92
101
95
107
102
103
84
82
90
82
86
83
95
81
76
71
94
76
73
83
75
79
76
78
55
72
64
72
70
72
74
56
69
64
59
69
56
67
74
61
70
75
65
60
67
53
71
61
53
67
51
80
67
62
59
57
61
58
71
65
57
66
71
75
57
52
62
82
66
68
67
72
69
68
80
85
75
86
86
89
74
94
87
89
94
76
89
87
93
83
90
87
73
89
90
79
80
83
100
92
99
95
97
89
92
96
79
85
89
80
92
76
91
113
124
117
112
103
118
113
134
139
157
165
169
186
194
222
258
235
253
250
290
315
342
329
372
368
423
418
430
451
445
508
470
542
569
480
449
480
542
496
530
514
420
441
461
414
385
338
379
299
318
300
311
266
199
212
190
198
180
148
133
148
126
139
106
93
99
80
94
77
65
79
82
75
71
71
64
44
66
55
54
52
61
55
52
48
47
45
44
52
43
56
36
55
48
36
54
41
45
50
38
38
47
57
54
52
43
41
45
44
46
44
53
45
51
52
51
46
52
65
60
64
53
53
64
68
73
59
53
57
53
70
70
71
68
56
58
55
55
75
62
54
68
61
61
74
77
58
62
66
55
67
58
49
59
51
47
42
52
44
63
52
60
47
65
47
39
45
60
41
46
48
38
55
55
43
51
41
28
45
49
42
33
39
32
41
33
33
39
34
44
20
49
27
39
33
40
33
30
26
41
28
34
29
28
32
28
19
36
44
33
24
44
31
39
34
48
34
34
33
40
59
37
36
43
50
44
32
39
57
52
48
49
53
55
65
47
51
52
49
41
76
67
63
67
66
80
57
68
89
80
73
59
81
74
83
83
72
85
88
76
78
85
92
73
80
71
76
64
50
81
59
66
52
56
52
52
63
45
42
40
41
36
37
32
50
36
39
43
28
27
25
24
35
32
31
38
26
37
21
25
24
22
28
27
29
27
30
25
37
30
26
26
21
29
26
33
26
28
25
32
26
26
35
23
39
37
28
34
30
30
32
27
38
37
29
30
31
31
24
17
12
24
34
42
22
21
18
23
31
29
32
20
19
34
37
22
26
37
17
25
20
26
30
21
22
24
19
20
24
22
26
18
25
22
22
30
20
27
21
26
23
24
16
28
25
17
25
15
22
22
30
27
23
22
21
17
24
25
18
22
20
18
21
17
18
15
33
29
18
30
20
26
27
30
8
25
20
24
20
19
12
22
19
29
16
31
18
26
18
16
24
17
20
22
26
25
24
27
22
31
31
24
21
16
26
26
25
31
15
20
18
14
20
28
24
22
17
18
29
15
22
24
21
19
17
21
26
15
22
21
31
25
26
14
30
21
25
20
26
22
22
25
27
39
26
21
27
20
37
25
25
31
24
29
27
27
24
27
36
36
27
38
30
47
38
39
45
33
32
35
34
36
32
36
46
39
38
48
32
41
40
51
37
43
44
31
39
37
25
41
26
29
47
35
26
28
24
22
38
28
30
28
21
20
24
33
25
19
30
29
33
22
32
23
22
35
31
28
37
26
21
23
25
32
37
22
25
40
34
31
42
37
31
37
27
28
29
51
28
29
30
29
35
38
27
24
38
38
32
30
37
40
40
29
27
33
25
30
29
42
31
30
29
34
29
23
27
30
36
25
22
24
30
20
25
17
23
18
24
34
20
24
21
26
19
23
34
22
16
26
25
27
24
24
32
17
25
13
32
26
18
30
17
23
21
28
20
26
25
26
17
33
19
33
28
32
37
26
27
15
27
21
20
19
23
22
26
17
21
15
21
21
19
14
18
31
33
19
17
26
22
16
22
24
20
14
19
27
24
19
23
18
19
19
24
23
24
15
29
24
13
16
23
29
21
28
29
27
22
25
21
18
25
22
20
28
19
25
13
17
21
22
18
32
20
24
22
19
22
13
18
23
17
18
24
13
18
22
16
10
14
15
22
14
17
17
10
18
9
13
17
21
10
21
16
14
20
13
8
19
15
21
17
17
15
10
11
14
16
13
15
14
13
11
12
13
17
11
10
9
7
11
10
12
10
17
9
9
10
18
15
12
12
5
13
8
9
8
12
5
6
11
6
16
8
10
11
13
7
8
11
6
7
13
9
8
8
9
8
11
9
10
7
10
6
12
10
10
7
16
6
11
11
17
13
10
4
7
16
14
18
21
13
15
14
15
24
17
21
21
20
23
24
15
20
41
33
45
35
25
47
34
36
45
39
40
59
60
66
57
66
58
65
73
71
77
71
88
77
83
91
59
76
88
65
106
80
94
85
70
75
91
73
82
71
74
64
72
52
57
67
47
45
54
47
35
56
32
41
33
33
26
34
24
30
33
23
26
22
16
18
12
12
17
10
26
17
11
10
9
10
15
6
9
9
16
7
8
12
12
10
12
10
2
10
10
4
7
11
13
10
11
13
7
8
8
7
8
3
6
7
9
7
7
5
10
7
8
4
10
8
6
6
7
9
8
7
5
5
3
8
8
10
2
10
8
10
10
7
7
6
7
5
13
8
4
4
5
9
4
6
1
8
4
5
8
8
4
13
6
5
3
9
9
7
6
9
7
$ROI:
39
424 531
429 529
440 544
440 545
440 549
443 544
443 553
490 516
679 1395
772 934
800 953
827 855
828 856
840 1946
849 1974
857 2002
872 900
880 1058
887 915
914 1083
1010 1038
1208 1258
1345 1375
1418 1448
2436 2526
3229 3279
3607 3645
6449 6521
6459 6531
6463 6535
6464 6536
6467 6539
6471 6543
6482 6526
6489 6513
6497 6521
12997 13047
12999 13049
13000 13050
