$SPEC_ID:
GAMWIN
$SPEC_REM:


$DETDESC:

$DATE_MEA:
05/05/2025 13:47:36
$MEAS_TIM:
63580.37 63722.28
$MCA_CAL:
3
1.32118272781372E+001 1.29107522964478E+000 0.00000000000000E+000
$DATA:
0 2047
0
0
0
0
0
0
0
0
0
0
0
0
0
0
0
0
0
0
0
0
0
3706
3294
3138
3184
3120
3278
3175
3162
3044
3032
3064
2991
2845
2936
2861
3021
2952
3147
3277
3580
3661
3862
3913
3978
4280
4235
4672
5109
5630
6081
6374
6339
6387
5872
5500
4880
4596
4426
4294
4292
4224
4214
3857
3798
3545
3302
3039
2719
2609
2589
2487
2439
2353
2406
2318
2180
2315
2321
2247
2147
2185
2101
2237
2225
2198
2322
2329
2357
2302
2301
2328
2312
2380
2388
2269
2214
2198
2156
2187
2202
2196
2205
2106
2185
2171
2127
2194
2142
2089
2049
1961
1975
2010
1976
1891
1991
1934
1845
1871
1822
1846
1849
1836
1848
1840
1889
1989
1975
2012
2018
1993
1998
1986
1868
1902
1858
1826
1793
1766
1731
1721
1759
1824
1830
1790
1810
1823
1909
1882
1903
1725
1836
1794
1856
1778
1797
1928
1873
2039
2237
2336
2558
2790
3140
3362
3523
3813
3941
3999
4049
3834
3625
3228
2891
2638
2376
2019
1889
1664
1594
1467
1367
1385
1296
1335
1316
1321
1282
1327
1322
1340
1289
1401
1350
1350
1368
1307
1305
1322
1380
1302
1358
1334
1385
1459
1506
1467
1450
1574
1545
1440
1590
1457
1323
1305
1253
1235
1169
1105
1021
950
972
1015
932
1006
911
929
979
919
1044
1032
1019
1107
1094
1159
1215
1286
1303
1317
1425
1475
1447
1473
1554
1547
1669
1648
1653
1723
1635
1607
1502
1497
1452
1325
1301
1155
1074
981
937
827
797
767
758
723
668
718
649
653
637
615
630
608
664
618
601
627
627
589
609
678
612
563
563
601
558
564
533
585
595
597
598
583
601
583
601
558
566
581
582
493
518
533
526
501
528
478
524
477
476
503
505
529
496
485
481
508
503
523
499
535
525
534
509
524
545
532
601
545
597
507
558
585
519
528
493
496
497
504
452
505
464
456
462
491
464
493
459
472
486
475
466
469
480
498
566
553
561
555
590
575
588
663
648
637
680
705
631
619
635
595
566
550
515
513
566
487
484
462
424
455
446
423
432
398
408
427
376
417
395
423
380
375
369
413
374
396
423
398
432
428
418
430
461
475
526
486
569
575
577
637
665
703
744
753
795
796
783
833
812
849
870
865
832
802
851
808
773
771
821
728
773
774
778
797
834
804
776
766
770
753
743
737
697
674
687
595
602
511
517
471
484
424
383
397
365
364
362
325
362
330
350
282
357
309
326
343
306
312
345
331
364
341
358
313
326
300
328
319
332
332
350
318
317
326
330
293
311
314
310
310
313
328
314
293
321
324
311
332
290
316
345
290
338
331
304
347
332
335
336
308
325
337
352
333
326
366
344
401
349
358
387
367
388
340
383
361
339
370
370
347
360
360
334
352
336
351
316
348
306
317
313
302
333
329
326
332
311
343
339
373
323
351
323
341
346
369
389
331
361
364
365
355
335
355
343
326
322
319
367
324
346
299
355
304
331
344
330
324
328
319
312
292
294
317
304
251
302
289
291
288
269
259
266
293
319
275
281
256
286
282
318
310
298
276
300
270
275
259
298
318
285
318
333
291
273
265
281
289
280
271
281
282
315
296
276
326
277
265
269
271
287
279
251
306
267
297
288
276
303
326
296
304
296
337
304
341
363
323
355
388
419
416
439
396
465
453
468
478
470
444
467
453
490
421
440
434
429
379
449
414
365
383
380
375
327
340
327
344
310
320
317
319
322
357
309
343
326
347
344
334
341
391
381
391
390
384
413
421
378
440
444
384
413
394
410
415
401
357
318
346
363
334
358
342
305
299
262
267
286
292
276
250
264
252
272
218
259
229
231
264
239
245
238
218
224
223
245
255
242
245
248
268
215
208
250
257
265
230
219
269
243
219
259
224
231
275
268
235
248
242
227
241
228
242
229
243
237
274
249
255
233
239
248
267
269
243
285
272
252
273
250
263
262
256
231
232
244
266
264
246
266
270
222
243
271
274
286
282
275
275
268
287
294
286
289
315
289
280
291
313
294
326
322
320
319
307
326
308
275
302
313
329
285
282
293
260
320
303
256
288
290
303
245
285
263
274
283
300
290
282
257
266
286
262
275
246
234
270
255
295
261
273
249
295
256
279
289
270
261
289
260
260
274
296
252
269
288
267
279
276
272
261
299
271
306
248
249
271
260
270
273
264
271
272
266
253
276
276
273
254
274
269
257
262
275
254
257
268
247
246
243
258
248
237
225
232
264
240
233
228
199
223
201
199
188
209
193
170
196
171
179
178
173
170
139
149
172
120
147
129
149
164
143
149
138
135
129
124
137
121
100
119
129
124
120
96
114
110
110
115
103
88
94
110
117
93
111
84
99
91
107
84
93
97
88
85
105
84
101
82
87
90
103
106
89
93
92
95
84
75
81
97
101
81
80
87
83
100
83
96
85
77
102
96
94
87
94
103
79
99
94
105
108
131
110
93
115
100
99
110
103
106
118
107
104
119
113
121
129
140
108
138
130
138
138
125
153
147
148
155
161
173
175
181
209
219
257
259
291
301
332
356
374
422
489
481
571
534
662
688
690
803
846
862
907
1014
1056
1133
1197
1251
1298
1371
1265
1344
1420
1406
1434
1418
1335
1364
1337
1222
1229
1183
1136
1150
1052
981
931
823
821
778
667
654
581
576
498
448
446
299
305
293
253
242
212
198
171
166
159
128
119
118
103
92
89
101
81
81
89
53
76
59
58
55
62
49
68
50
57
47
53
50
45
59
46
54
43
45
51
64
57
35
51
45
47
51
39
52
55
40
41
43
53
54
50
61
49
52
54
50
62
53
53
55
59
51
61
50
71
62
59
72
53
71
79
54
70
55
51
59
77
50
60
63
57
50
50
63
49
59
49
51
48
50
44
47
54
58
56
44
47
45
42
51
55
63
47
48
46
34
44
41
50
48
45
52
39
53
34
39
42
38
46
37
32
39
39
52
39
43
38
44
36
38
38
30
40
43
30
38
42
35
31
29
30
48
46
41
30
42
46
40
40
40
45
31
39
41
39
38
44
39
45
31
27
38
53
40
53
49
35
49
50
37
44
52
50
46
52
49
58
52
64
56
58
58
64
58
59
44
54
55
62
66
78
60
51
65
65
65
69
83
73
58
82
74
63
76
77
73
64
66
47
60
54
57
54
43
48
31
40
49
51
48
41
39
47
42
35
41
46
31
40
36
25
31
31
23
31
26
19
27
27
42
36
36
32
36
41
23
24
28
27
43
25
31
32
34
30
38
30
40
31
54
28
38
25
35
29
35
38
30
35
39
25
38
29
24
33
33
32
27
29
25
25
28
25
33
34
24
24
32
16
22
41
32
31
27
20
26
24
21
26
27
30
28
27
24
29
23
27
30
19
23
17
19
23
21
26
17
26
29
26
19
30
23
28
20
18
25
23
25
20
21
28
24
21
29
16
26
29
29
25
30
26
26
19
26
27
36
30
32
34
18
22
31
26
32
23
25
33
20
36
12
26
23
18
26
27
31
30
23
27
30
21
27
16
32
23
19
15
17
29
21
25
27
21
20
26
17
41
26
16
26
27
29
32
32
17
33
25
24
20
19
26
20
16
26
19
29
26
29
26
24
28
19
28
22
22
30
21
24
18
21
30
22
20
25
25
26
29
32
27
25
19
19
27
29
37
31
32
38
35
36
23
32
28
26
35
38
40
39
34
42
39
47
38
41
35
43
36
46
35
44
35
32
43
33
39
37
42
40
41
35
29
26
43
30
28
28
35
29
20
27
31
26
24
27
35
26
31
32
28
28
24
25
38
18
27
31
25
28
27
22
33
20
30
35
30
34
31
29
24
29
29
30
24
31
21
30
29
33
24
26
32
40
33
23
25
44
40
33
33
34
40
25
35
31
28
32
31
26
36
26
29
32
28
30
30
31
24
21
24
19
30
38
29
11
23
28
22
35
25
30
25
33
30
28
31
28
23
24
21
32
24
30
35
28
34
22
22
24
26
30
26
20
23
37
32
29
24
26
22
36
20
28
21
22
30
23
26
23
23
24
27
26
29
26
20
38
22
28
17
31
25
27
24
19
30
19
22
18
27
24
22
23
40
34
23
21
23
19
22
19
8
31
21
36
29
30
28
25
28
26
21
24
21
22
25
18
27
13
16
26
17
19
17
23
17
27
17
19
17
17
26
24
23
31
25
19
26
16
19
17
18
22
19
21
17
23
16
17
25
9
20
23
25
23
16
22
32
18
19
16
15
20
21
17
14
18
20
20
14
22
18
22
16
29
18
12
16
14
14
13
17
16
11
16
22
18
21
13
10
15
16
20
13
14
8
18
9
8
15
17
6
10
16
16
22
5
10
12
11
18
18
11
12
11
10
6
6
11
19
16
14
19
21
19
17
19
15
10
9
19
8
11
16
13
16
12
18
14
18
12
17
17
12
21
12
12
18
18
19
19
12
13
17
19
16
18
19
17
23
21
21
25
34
21
15
23
32
40
31
37
33
40
48
41
44
55
43
62
56
55
50
41
57
50
58
79
68
70
78
64
68
75
80
83
73
70
86
86
76
68
67
76
63
73
63
58
68
58
57
55
49
55
47
56
47
34
41
51
35
36
37
40
28
24
30
30
27
28
22
22
21
27
27
16
15
13
8
17
15
20
15
10
10
23
13
14
9
8
15
7
18
11
13
14
18
8
8
4
14
13
10
12
7
12
11
5
10
8
11
17
9
6
15
13
13
13
8
14
12
12
12
11
15
8
10
13
13
8
12
8
14
9
4
16
15
8
13
19
9
8
9
11
12
9
14
8
8
12
8
13
14
10
11
8
13
8
10
11
7
16
8
12
$ROI:
39
424 531
429 529
440 544
440 545
440 549
443 544
443 553
490 516
679 1395
772 934
800 953
827 855
828 856
840 1946
849 1974
857 2002
872 900
880 1058
887 915
914 1083
1010 1038
1208 1258
1345 1375
1418 1448
2436 2526
3229 3279
3607 3645
6449 6521
6459 6531
6463 6535
6464 6536
6467 6539
6471 6543
6482 6526
6489 6513
6497 6521
12997 13047
12999 13049
13000 13050
