$SPEC_ID:
GAMWIN
$SPEC_REM:


$DETDESC:

$DATE_MEA:
05/07/2025 07:17:47
$MEAS_TIM:
27004.09 27063.04
$MCA_CAL:
3
1.32118272781372E+001 1.29107522964478E+000 0.00000000000000E+000
$DATA:
0 2047
0
0
0
0
0
0
0
0
0
0
0
0
0
0
0
0
0
0
0
0
0
1605
1329
1284
1311
1275
1277
1278
1318
1271
1304
1319
1208
1226
1190
1175
1156
1245
1362
1322
1414
1593
1609
1521
1666
1742
1857
1934
2142
2269
2450
2647
2684
2670
2463
2147
2055
1897
1849
1828
1729
1674
1726
1718
1538
1444
1394
1266
1086
1064
1100
972
951
988
1009
954
976
946
884
893
950
893
892
908
863
927
970
979
978
956
964
977
919
969
932
949
895
999
919
891
895
909
859
833
860
854
812
856
873
824
858
851
816
831
781
753
751
793
733
757
768
741
851
766
750
793
809
783
853
838
807
815
778
811
787
760
713
711
740
721
735
737
778
741
754
721
713
758
749
776
787
747
756
735
745
701
774
790
812
841
897
1011
1084
1186
1274
1425
1543
1520
1699
1650
1587
1568
1511
1339
1227
1119
925
829
735
735
632
589
525
555
503
552
536
551
553
571
540
535
564
543
553
558
593
578
559
513
526
530
565
558
545
588
602
573
595
641
602
604
577
579
547
548
504
503
453
435
427
398
427
401
403
357
370
387
394
426
407
437
408
482
477
476
457
513
545
561
575
610
605
632
623
623
600
640
648
628
587
650
593
566
530
530
476
411
418
380
361
339
287
281
266
278
247
329
263
237
250
245
251
229
223
249
255
248
231
250
229
226
226
232
241
250
235
255
235
224
247
238
250
253
253
246
239
234
260
241
193
200
204
217
214
175
195
190
210
181
179
212
205
184
206
207
206
197
225
229
211
226
225
215
214
223
236
229
217
220
255
228
238
236
230
212
235
219
210
211
171
190
205
202
219
195
193
170
177
193
199
196
191
179
235
206
237
194
226
236
229
258
224
250
263
257
305
267
288
277
248
239
247
260
205
206
186
217
208
178
182
196
156
176
198
184
170
168
166
175
166
158
168
171
180
169
154
183
159
165
161
180
209
173
188
192
214
211
219
241
241
286
284
302
307
324
351
343
327
339
332
359
345
343
348
356
306
321
309
328
309
329
288
323
312
281
306
298
318
309
306
292
279
276
273
266
244
241
206
209
174
189
163
180
169
149
146
139
135
138
121
129
146
156
149
133
158
129
145
149
133
148
136
138
130
135
130
138
133
153
148
161
131
122
135
142
118
116
127
119
127
134
123
145
120
128
122
137
134
129
118
126
136
139
137
141
134
153
128
131
146
139
138
127
144
144
156
143
143
165
164
174
130
155
149
136
159
143
122
161
148
139
165
133
138
129
128
125
152
174
130
131
133
142
133
139
141
126
159
155
131
148
135
133
130
154
141
142
138
149
152
133
147
135
133
127
137
160
139
159
141
142
140
134
144
132
111
127
134
141
123
107
121
119
122
130
135
135
129
127
117
139
111
121
109
118
116
120
133
123
143
127
108
115
121
123
105
119
117
118
111
110
130
137
95
137
107
139
123
124
136
111
128
109
104
125
136
110
121
120
113
110
116
104
109
105
105
112
124
117
114
117
125
112
112
135
134
142
154
150
152
174
169
160
181
178
188
216
172
197
189
211
218
203
202
173
177
195
210
175
154
159
162
168
131
129
162
147
132
160
137
123
136
140
155
141
127
158
139
134
146
171
141
137
145
153
169
173
176
158
156
181
161
146
158
187
192
156
159
167
167
133
146
154
113
142
119
128
113
104
112
122
104
114
116
103
98
90
99
101
109
86
117
111
94
89
110
121
104
85
97
100
95
89
97
116
119
107
84
88
102
100
91
101
93
91
116
97
112
100
103
101
122
106
89
101
107
95
114
87
95
110
97
107
106
90
118
98
91
95
111
91
113
118
84
98
96
107
103
106
98
124
98
99
109
119
134
109
115
111
129
128
120
114
121
115
144
98
122
119
138
135
122
117
115
119
141
146
116
123
135
117
135
133
147
116
119
121
125
111
119
105
116
120
120
120
115
115
118
119
90
107
101
124
126
112
107
101
105
117
103
106
108
102
109
113
112
121
109
115
112
117
101
104
119
105
120
108
111
123
122
122
116
114
109
118
124
125
123
121
113
106
109
105
104
107
116
105
112
84
107
126
116
117
103
92
113
102
107
102
105
103
98
92
98
84
87
85
95
93
77
71
83
71
73
83
76
77
68
77
78
69
82
65
63
66
64
63
63
63
54
51
61
68
50
56
46
51
66
56
42
55
52
47
64
49
54
34
43
41
61
37
51
55
64
37
52
47
44
46
31
41
44
40
51
46
39
48
41
44
52
26
36
38
42
29
32
44
37
31
36
22
40
30
32
29
36
31
29
41
43
26
37
37
34
37
33
47
41
31
49
33
28
41
44
45
36
38
34
51
42
29
39
35
36
42
40
49
40
49
37
49
60
45
53
43
55
53
69
43
54
70
78
69
86
77
84
96
101
96
116
138
172
160
166
206
208
213
224
245
279
280
339
369
368
403
446
424
464
481
538
528
538
541
538
558
584
583
524
572
542
525
523
491
513
500
443
463
411
351
352
346
285
299
266
228
225
219
193
151
129
122
122
107
97
84
89
68
78
46
54
43
46
45
40
33
41
34
38
39
20
41
31
20
25
22
32
18
39
27
15
14
17
29
22
26
19
15
26
15
14
18
18
15
26
19
20
19
14
15
25
20
21
25
25
13
20
36
15
19
35
11
16
17
27
19
27
32
24
19
26
18
24
28
27
30
23
23
22
36
24
22
29
26
19
20
23
24
26
17
12
23
22
23
25
27
23
23
23
22
15
22
29
26
16
19
17
23
24
18
18
22
20
20
15
19
18
22
10
22
21
12
15
20
21
18
22
14
12
13
17
13
17
16
17
25
8
11
15
3
17
16
12
18
15
10
11
14
21
16
15
13
17
15
19
13
20
7
24
13
12
15
12
11
21
15
15
23
17
20
19
18
20
15
15
18
19
14
20
21
17
27
21
25
17
28
19
16
18
23
25
16
24
29
23
21
25
23
29
21
15
28
32
32
24
21
26
22
24
24
33
33
19
16
32
25
21
15
16
21
23
17
19
19
16
15
8
15
15
12
20
8
14
21
11
11
19
19
13
17
20
13
8
13
11
8
12
12
15
11
13
9
14
10
8
12
15
11
10
16
14
11
10
11
18
12
15
18
8
9
12
15
15
11
12
11
14
16
10
10
7
10
10
8
8
11
10
10
10
4
12
12
4
8
7
16
8
9
13
13
9
10
14
12
11
10
7
17
9
16
10
9
13
14
12
14
21
7
12
11
13
15
10
15
7
6
10
9
10
12
9
9
5
7
8
14
11
10
8
7
15
15
7
16
9
18
11
12
8
11
11
13
12
7
15
8
8
13
5
13
14
18
11
8
12
10
8
5
12
15
7
8
5
9
11
13
11
8
11
17
11
8
15
8
5
13
8
7
11
13
10
7
6
11
13
7
10
12
11
13
12
11
15
13
9
11
10
14
20
15
11
8
11
8
12
10
16
12
12
6
8
14
12
10
10
9
2
10
9
8
10
17
16
21
17
9
14
18
14
13
8
12
17
14
15
13
14
17
16
15
11
11
15
19
18
13
17
20
14
15
15
13
29
17
10
17
8
16
16
16
12
18
8
22
15
14
15
9
20
8
11
9
13
20
14
14
15
13
12
5
11
11
10
13
9
8
4
10
16
11
8
11
11
13
7
9
13
3
14
16
16
12
14
16
11
14
13
13
14
11
14
16
16
8
16
13
12
11
12
17
12
11
14
10
18
12
7
14
9
17
10
21
13
16
15
12
22
10
15
13
9
9
10
19
14
9
7
8
11
11
8
19
15
8
11
16
11
15
14
15
12
5
11
11
9
14
13
9
12
14
16
12
11
8
13
7
13
7
16
16
12
18
15
14
13
13
8
11
10
10
11
9
18
14
9
10
8
10
15
6
6
14
8
15
14
16
8
14
19
11
6
9
11
12
8
4
11
9
6
21
18
16
17
12
8
13
8
8
14
12
14
16
8
8
10
10
11
8
9
9
10
6
8
9
10
10
9
4
12
14
15
10
10
9
6
8
7
8
9
9
10
9
13
11
9
6
7
6
9
5
3
6
9
11
10
12
6
7
8
9
11
6
4
10
11
3
10
9
10
12
11
6
8
11
3
10
8
10
3
8
5
9
3
6
6
10
8
4
9
11
10
6
6
11
3
8
4
8
4
6
5
7
4
5
5
6
7
4
10
9
3
5
10
3
4
7
5
10
2
5
6
3
5
7
7
6
4
6
10
5
7
3
4
4
9
5
9
7
7
2
5
4
6
6
8
8
10
4
7
8
3
5
5
8
5
5
11
9
7
7
10
9
8
6
6
11
12
7
12
13
10
11
13
16
22
26
16
24
21
24
22
16
19
27
19
24
33
26
33
31
20
24
17
28
26
42
29
31
35
32
35
33
24
26
33
28
21
28
28
21
24
20
30
30
25
16
25
20
23
16
15
12
26
11
22
16
12
13
8
9
17
5
9
10
8
5
15
7
17
11
4
5
5
5
8
5
9
5
5
2
6
9
9
5
2
3
9
7
3
5
2
5
4
1
1
6
5
7
3
3
3
10
3
8
5
7
4
5
2
6
5
8
5
6
1
8
5
4
3
4
5
3
7
4
5
4
5
6
3
3
3
5
4
7
3
7
4
8
3
4
8
5
5
4
4
1
3
2
6
12
5
5
3
6
2
6
4
6
$ROI:
40
144 194
424 531
429 529
440 544
440 545
440 549
443 544
443 553
490 516
679 1395
772 934
800 953
827 855
828 856
840 1946
849 1974
857 2002
872 900
880 1058
887 915
914 1083
1010 1038
1208 1258
1345 1375
1418 1448
2436 2526
3229 3279
3607 3645
6449 6521
6459 6531
6463 6535
6464 6536
6467 6539
6471 6543
6482 6526
6489 6513
6497 6521
12997 13047
12999 13049
13000 13050
