$SPEC_ID:
GAMWIN
$SPEC_REM:


$DETDESC:

$DATE_MEA:
04/28/2025 07:21:01
$MEAS_TIM:
27002.32 27080.18
$MCA_CAL:
3
1.32118272781372E+001 1.29107522964478E+000 0.00000000000000E+000
$DATA:
0 2047
0
0
0
0
0
0
0
0
0
0
0
0
0
0
0
0
0
0
0
0
0
2120
1929
1854
1831
1743
1813
1815
1826
1791
1839
1818
1692
1698
1681
1658
1784
1749
1931
2054
2226
2193
2413
2400
2578
2671
2850
3042
3546
3955
4541
4780
4793
4754
4277
3911
3452
3131
2947
2987
2902
2831
2827
2563
2499
2233
2084
1835
1735
1535
1390
1427
1426
1377
1306
1330
1359
1295
1307
1321
1197
1283
1281
1234
1213
1322
1288
1388
1345
1453
1425
1416
1393
1389
1371
1341
1344
1314
1254
1335
1193
1276
1281
1253
1316
1323
1277
1272
1203
1270
1207
1230
1235
1160
1190
1165
1139
1130
1092
1127
1070
1114
1178
1075
1078
1180
1136
1190
1278
1289
1300
1269
1248
1260
1253
1210
1101
1163
1163
1120
1103
1101
1053
1187
1126
1108
1168
1190
1166
1137
1118
1081
1155
1039
1082
1026
1099
1120
1185
1334
1502
1634
1894
2064
2281
2538
2767
2868
2927
2922
2771
2743
2456
2282
2030
1816
1446
1318
1179
1038
901
888
855
810
779
749
753
805
804
820
826
795
827
809
853
905
858
857
909
887
824
823
907
901
972
993
1031
1074
1133
1165
1119
1078
1064
1058
977
866
838
770
733
641
578
641
580
534
596
573
553
574
562
584
658
698
693
720
715
752
800
863
930
896
1014
986
1065
1111
1182
1221
1200
1228
1280
1227
1290
1200
1175
1079
1041
966
902
823
752
650
635
524
507
417
409
420
427
385
350
378
350
349
358
315
342
336
367
342
333
342
342
337
352
350
320
354
360
332
367
382
349
374
345
320
353
372
337
337
354
325
310
330
310
277
324
308
309
288
276
294
278
290
300
286
268
287
260
300
284
308
307
336
276
296
306
333
325
337
330
345
343
337
339
329
328
325
316
312
321
309
281
292
286
270
286
268
260
279
277
261
250
292
303
267
299
334
286
306
297
324
335
373
366
401
360
413
401
389
381
360
358
365
343
302
340
321
278
298
256
258
275
237
226
220
229
227
220
227
209
214
221
209
240
255
239
226
250
283
263
253
257
263
253
296
364
320
322
342
376
416
389
502
481
506
503
515
577
580
603
597
628
624
565
596
602
604
603
608
591
599
604
563
594
617
600
651
617
623
652
598
590
585
567
552
526
467
417
415
405
334
354
295
272
254
255
217
228
231
169
201
191
206
188
195
173
179
189
155
177
190
196
191
207
203
185
190
220
202
190
201
182
218
211
192
165
176
201
206
167
183
197
182
164
190
178
183
194
169
186
185
149
178
183
215
183
189
194
193
190
182
233
207
184
198
193
203
208
196
234
199
215
226
237
236
244
211
224
217
246
233
197
216
226
216
204
198
189
208
191
199
172
187
203
229
162
180
211
207
217
203
227
208
209
196
205
209
221
218
246
219
223
217
228
200
224
224
229
207
216
202
197
199
189
178
186
190
195
186
191
183
181
156
178
169
170
163
166
173
160
158
147
156
154
154
151
168
165
170
166
171
168
195
151
187
173
188
167
175
155
171
176
162
172
179
175
162
171
187
155
172
164
164
161
172
153
160
174
163
162
157
160
151
151
180
161
183
163
169
177
159
179
153
209
167
190
188
225
214
219
262
263
256
283
266
286
336
315
318
307
324
295
289
320
298
264
291
279
245
243
266
243
223
224
205
189
180
179
211
182
166
181
192
202
208
187
188
209
231
201
214
197
217
211
253
279
225
270
261
254
263
248
279
271
267
266
259
232
229
227
226
216
220
223
212
172
173
163
170
139
156
140
145
139
146
135
133
123
104
127
124
140
134
124
134
131
147
106
121
121
127
144
145
132
117
123
125
115
116
121
125
112
104
138
119
117
97
108
116
145
137
122
122
129
117
155
112
128
133
125
123
124
126
137
105
125
121
131
120
126
123
125
142
134
132
134
147
108
143
144
134
142
149
131
164
141
109
160
142
157
135
150
166
189
171
174
164
196
168
165
165
194
173
203
190
182
195
167
191
167
186
184
182
183
189
173
163
150
161
135
152
124
139
157
152
136
137
125
137
152
141
133
137
138
146
147
132
139
139
138
155
157
139
100
129
121
137
130
138
144
122
134
159
136
146
123
139
135
109
104
145
158
145
127
142
120
132
131
99
134
139
132
148
130
129
132
120
128
152
139
159
154
152
136
130
139
154
146
142
131
140
130
133
128
124
124
114
142
125
120
114
124
122
116
114
114
110
94
91
84
97
90
84
69
92
88
87
87
65
66
75
78
79
66
75
59
80
76
85
67
57
73
63
58
58
47
68
75
48
63
64
66
66
70
66
60
45
42
72
37
53
58
52
59
41
62
58
46
45
47
42
55
43
45
52
42
53
65
48
59
45
51
50
52
44
48
41
55
40
70
58
46
64
45
56
58
66
55
76
45
61
65
61
61
79
65
84
67
69
68
69
66
65
67
79
64
73
88
62
63
75
74
72
78
65
85
68
62
75
95
100
90
113
91
104
111
98
124
150
153
159
163
160
193
188
215
248
238
284
285
330
331
350
437
431
474
481
507
540
526
580
561
627
627
661
661
632
614
629
624
605
605
600
591
530
536
463
422
420
442
394
330
312
326
282
242
247
237
197
168
179
136
127
120
115
112
106
72
76
86
70
85
68
63
60
56
53
52
58
38
48
50
38
48
42
35
38
33
39
37
28
29
34
37
24
38
36
32
34
38
29
30
38
31
29
24
35
36
38
25
20
30
39
34
35
36
22
31
28
43
38
43
30
34
39
49
47
34
34
40
29
35
47
50
48
48
45
50
42
48
33
37
45
34
49
47
30
59
35
51
43
41
32
42
38
41
37
38
28
32
27
33
41
40
40
32
38
23
28
32
29
29
42
40
30
35
22
24
24
35
31
27
28
30
19
35
23
25
25
31
24
19
26
28
24
25
14
32
27
25
29
27
27
20
22
28
21
16
21
37
24
24
22
19
14
28
25
25
26
21
29
29
24
36
28
28
18
30
23
34
24
34
18
30
33
28
30
29
47
47
42
40
38
47
44
52
51
52
45
45
47
56
45
43
44
67
44
45
64
61
46
47
56
47
56
44
45
54
51
41
41
52
38
35
33
44
31
37
29
31
28
36
32
34
26
29
27
30
23
19
25
17
32
16
21
20
20
16
12
8
26
27
22
17
23
18
20
24
18
23
19
25
25
21
21
19
11
19
23
27
24
28
22
20
27
20
15
26
28
18
23
27
20
26
20
25
18
19
18
21
22
21
26
16
23
16
20
16
22
13
17
27
16
16
19
20
15
15
20
19
17
17
15
18
29
19
10
14
19
16
9
20
24
22
13
22
15
16
21
15
10
20
9
9
18
17
19
12
22
20
18
20
24
20
13
16
20
13
10
16
11
15
20
8
17
17
14
16
7
18
10
18
14
10
12
11
17
11
13
15
12
16
13
16
21
15
24
20
15
14
13
15
10
19
10
15
16
12
10
16
22
14
15
14
16
14
13
13
7
22
18
15
23
13
16
17
14
21
9
14
11
22
21
11
9
16
14
18
15
15
19
8
15
12
12
17
18
18
10
20
14
11
20
14
20
19
16
16
14
21
12
14
23
21
19
21
23
19
31
22
32
33
27
21
18
39
22
27
31
20
25
32
30
21
27
24
23
31
33
19
25
28
22
37
20
20
21
23
27
28
27
19
23
26
28
19
20
22
16
17
26
16
24
11
25
19
18
23
9
17
20
19
17
21
21
18
18
8
16
15
22
14
17
21
21
9
20
25
16
21
13
14
16
25
23
16
23
18
31
34
22
16
19
32
21
31
23
21
30
22
25
22
26
36
14
18
20
18
16
16
23
17
29
13
26
28
21
18
18
21
17
15
11
21
20
23
23
12
25
14
24
22
26
8
18
25
10
14
22
29
26
15
15
13
21
18
13
16
12
21
11
13
17
17
18
16
13
26
24
18
20
20
23
19
16
17
17
23
18
16
14
14
16
14
13
15
13
18
21
12
14
15
21
16
16
18
14
16
15
22
18
26
15
17
22
17
17
10
19
12
21
17
13
12
18
17
19
20
23
23
14
13
11
19
13
11
19
17
14
11
9
17
13
17
15
13
15
19
14
15
14
10
12
18
8
14
18
10
16
14
11
12
11
15
12
4
7
10
9
7
18
13
7
10
10
10
17
14
9
6
7
13
7
17
8
11
15
11
9
11
7
4
18
14
11
11
11
11
15
12
5
17
11
17
10
10
3
15
10
11
12
3
9
11
6
12
10
14
8
7
7
9
9
4
4
10
3
13
11
7
7
10
4
3
14
5
1
0
6
7
6
6
6
12
8
6
5
9
9
11
10
9
8
6
9
8
7
3
6
11
12
9
10
9
5
4
8
1
5
8
7
7
12
8
13
8
11
7
10
17
16
13
21
18
21
14
18
19
19
21
20
24
24
26
34
24
30
46
24
36
35
31
35
54
37
45
37
48
49
48
48
39
44
62
42
52
52
60
57
68
62
39
31
44
49
54
48
47
43
43
49
48
36
35
33
41
39
32
31
27
32
22
22
26
20
21
15
19
19
18
12
12
8
8
15
10
13
7
10
11
6
9
7
5
5
10
13
7
9
10
8
7
9
3
5
5
5
4
3
3
5
7
6
6
5
5
10
4
7
3
8
3
9
4
8
5
4
5
3
5
3
7
6
4
15
6
2
5
7
8
7
3
9
9
6
5
3
4
4
5
7
9
4
6
5
6
6
2
4
3
5
4
4
7
2
2
5
10
7
4
8
7
6
3
6
3
2
3
4
$ROI:
39
424 531
429 529
440 544
440 545
440 549
443 544
443 553
490 516
679 1395
772 934
800 953
827 855
828 856
840 1946
849 1974
857 2002
872 900
880 1058
887 915
914 1083
1010 1038
1208 1258
1345 1375
1418 1448
2436 2526
3229 3279
3607 3645
6449 6521
6459 6531
6463 6535
6464 6536
6467 6539
6471 6543
6482 6526
6489 6513
6497 6521
12997 13047
12999 13049
13000 13050
