$SPEC_ID:
GAMWIN
$SPEC_REM:


$DETDESC:

$DATE_MEA:
04/25/2025 14:51:48
$MEAS_TIM:
231409.87 232016.57
$MCA_CAL:
3
1.32118272781372E+001 1.29107522964478E+000 0.00000000000000E+000
$DATA:
0 2047
0
0
0
0
0
0
0
0
0
0
0
0
0
0
0
0
0
0
0
0
0
16243
14415
13688
13568
13521
13841
13764
13759
13817
13476
13329
12847
12549
12374
12415
12507
13005
13818
14848
15741
16580
17468
17984
18661
19344
20431
22489
25381
28467
31729
33700
34626
33666
30806
27592
24954
22770
21482
21389
20779
20637
19936
19103
17744
16231
14880
13504
12179
11267
10705
10400
9970
9931
9698
9513
9593
9287
9228
9242
8881
9119
8956
9295
9266
9373
9752
9641
9816
9867
10119
10158
9856
9918
9849
9650
9541
9493
9313
9292
9247
9409
9267
9427
9237
9139
9260
8905
9150
8942
8803
8529
8596
8286
8048
8020
8158
8235
7874
7969
8043
8060
8042
8077
8282
8303
8765
8772
8972
9017
9060
9197
9095
8996
8870
8495
8123
8032
7983
7854
7913
7939
7961
8059
8196
8264
8380
8355
8319
8163
7965
7978
7945
7784
7744
7758
7928
8259
8538
9373
10125
11390
12742
14096
15961
17655
18995
20062
20857
21214
20486
19622
18345
16660
14555
12858
11222
9611
8504
7498
6740
6436
5898
5831
5710
5507
5725
5765
5825
5959
6057
5977
6033
6096
6142
6056
6024
5870
5822
5884
6012
6120
6274
6301
6602
6824
7263
7379
7519
7684
7653
7595
7304
6985
6619
6296
6135
5556
5257
4889
4507
4344
4235
4149
4024
4089
4006
4258
4289
4324
4503
4879
4951
5313
5308
5723
5984
6282
6339
6650
6807
7272
7497
7849
8048
8161
8426
8563
8529
8392
8515
8158
7998
7417
7237
6624
6158
5663
5209
4631
4146
3918
3558
3200
2991
2897
2936
2761
2789
2609
2554
2548
2534
2596
2607
2623
2581
2500
2511
2574
2505
2590
2634
2486
2484
2643
2598
2564
2580
2573
2657
2664
2690
2490
2537
2456
2413
2432
2334
2318
2253
2260
2278
2196
2184
2146
2147
2106
2138
2048
2000
2058
2013
2096
2026
2065
2158
2164
2014
2189
2150
2193
2273
2124
2260
2350
2357
2348
2425
2410
2444
2396
2476
2479
2342
2384
2278
2218
2314
2191
2122
2081
2093
2030
1957
1974
2057
1967
1960
1940
2006
1986
1995
2004
2181
2221
2245
2304
2348
2494
2535
2711
2700
2730
2752
2886
2898
2788
2868
2820
2670
2630
2526
2552
2283
2246
2103
2113
2011
1997
1834
1799
1800
1762
1677
1752
1698
1650
1668
1724
1650
1670
1745
1718
1706
1731
1830
1784
1867
1890
1840
1923
2027
2030
2108
2238
2379
2510
2668
2791
2961
3106
3343
3578
3832
3834
4043
4166
4321
4214
4361
4419
4210
4364
4281
4102
4237
4128
4013
3960
4007
4111
4025
4036
4196
4262
4134
4213
4132
4180
4184
3930
3834
3667
3453
3291
3139
2926
2782
2562
2406
2214
2062
1905
1797
1670
1618
1541
1506
1442
1358
1434
1474
1405
1412
1372
1356
1392
1354
1323
1362
1367
1364
1344
1422
1381
1372
1418
1420
1392
1331
1385
1360
1369
1320
1355
1351
1284
1329
1282
1264
1336
1320
1321
1318
1341
1265
1251
1330
1352
1300
1286
1311
1294
1304
1302
1375
1320
1431
1350
1373
1412
1418
1483
1461
1502
1584
1531
1608
1576
1607
1676
1651
1696
1687
1722
1711
1572
1659
1649
1632
1602
1605
1541
1511
1485
1493
1457
1404
1446
1357
1377
1319
1387
1425
1386
1419
1416
1382
1417
1432
1482
1447
1455
1477
1529
1524
1552
1546
1508
1560
1568
1591
1496
1502
1502
1430
1480
1433
1504
1459
1446
1392
1476
1416
1373
1401
1337
1317
1327
1280
1262
1279
1264
1243
1173
1233
1145
1175
1167
1159
1120
1104
1144
1094
1106
1131
1148
1225
1187
1144
1136
1157
1189
1165
1242
1218
1238
1183
1195
1201
1241
1207
1198
1163
1230
1195
1165
1205
1218
1245
1209
1197
1250
1186
1170
1173
1196
1160
1184
1142
1161
1103
1101
1169
1127
1130
1173
1186
1215
1189
1239
1276
1359
1376
1398
1528
1551
1626
1661
1751
1806
1921
1981
1960
2099
2097
2126
2153
2237
2163
2256
2244
2231
2058
2061
2040
1992
1892
1849
1814
1783
1714
1692
1603
1548
1460
1431
1419
1377
1334
1368
1305
1326
1387
1421
1358
1428
1456
1449
1489
1589
1558
1673
1719
1717
1817
1804
1857
1791
1792
1887
1797
1857
1831
1786
1761
1748
1654
1618
1564
1532
1499
1416
1337
1330
1258
1254
1155
1218
1116
1079
1060
1074
973
1017
977
894
946
939
921
931
915
897
856
925
872
856
881
897
855
842
852
846
837
916
862
859
908
885
834
882
856
830
882
842
862
834
872
910
908
918
859
893
887
912
886
852
943
898
900
899
914
909
896
933
919
969
893
896
890
964
916
942
940
960
990
903
998
975
986
1017
979
1025
1035
1075
1026
1071
1084
1120
1199
1144
1161
1150
1143
1174
1201
1194
1242
1316
1272
1283
1328
1328
1337
1336
1320
1268
1313
1230
1239
1239
1265
1183
1178
1113
1192
1165
1096
1093
1117
1099
1061
1076
1055
1016
1014
992
1009
1025
1011
981
982
944
1048
962
1024
973
973
988
994
942
961
958
931
966
928
917
953
943
948
955
942
973
967
965
984
970
926
937
978
942
935
952
957
988
977
955
995
1015
967
1032
982
974
972
947
983
1030
982
1015
969
985
941
1006
974
1005
1003
961
946
1047
960
963
922
905
909
910
895
865
893
792
803
785
828
767
722
708
781
771
720
641
652
670
647
651
635
566
611
538
587
540
549
535
538
496
532
524
515
512
504
485
461
548
445
489
451
464
462
407
424
445
431
453
430
412
400
384
417
396
404
390
416
394
379
403
402
403
387
361
373
368
339
373
374
343
389
368
383
373
346
358
373
405
349
363
368
367
355
381
373
388
406
409
414
424
388
438
412
417
442
413
414
453
446
457
459
456
473
478
494
460
421
480
496
448
462
471
499
489
487
496
504
498
471
492
525
561
596
574
574
594
622
665
625
685
756
809
787
844
956
1012
1154
1158
1308
1342
1496
1641
1771
1858
2019
2228
2316
2501
2715
2880
3054
3220
3489
3642
3782
3857
4113
4155
4372
4279
4406
4602
4539
4620
4536
4404
4288
4340
4177
4013
3980
3630
3546
3370
3152
3017
2786
2618
2335
2256
2005
1880
1767
1540
1448
1304
1225
1119
1018
915
766
711
697
612
567
546
461
477
456
433
392
443
342
401
336
344
330
314
312
276
280
269
251
280
263
247
243
237
271
234
234
215
194
221
226
228
206
227
220
239
243
231
220
217
244
217
219
240
243
225
260
258
239
278
237
260
270
258
319
317
308
269
310
307
305
327
318
300
319
316
294
338
329
324
290
311
340
312
305
302
331
306
308
295
305
312
251
284
263
282
254
264
260
257
259
241
237
238
271
232
223
231
255
213
218
218
262
209
250
209
214
206
179
211
180
216
210
185
201
195
175
172
203
181
179
185
181
201
182
200
193
171
167
161
174
169
162
143
150
169
164
187
169
173
181
176
170
168
179
172
180
210
183
184
193
220
203
200
185
211
208
199
203
244
199
217
214
197
238
228
222
251
248
219
244
267
240
266
257
277
294
296
263
289
325
313
309
336
344
361
368
357
378
335
348
347
383
385
360
348
334
368
318
311
364
337
326
352
296
280
285
306
269
283
247
239
210
220
231
211
187
206
198
182
193
163
162
187
166
169
173
158
130
148
155
135
143
173
138
148
127
146
155
159
131
163
123
156
160
146
143
154
168
175
165
140
166
162
149
179
145
141
167
169
175
136
153
175
169
162
156
140
171
148
144
133
151
150
139
137
138
142
151
128
127
145
111
129
138
125
122
124
125
122
124
137
106
122
131
124
135
121
121
112
119
120
138
105
134
127
107
125
117
120
118
131
114
118
137
114
143
126
106
114
123
119
137
116
130
124
136
103
132
120
103
102
127
140
107
116
120
130
116
100
114
105
132
121
118
110
124
111
107
127
103
99
114
96
135
119
115
121
110
110
129
100
113
117
107
93
132
122
109
127
102
113
116
116
109
110
115
118
112
112
128
131
108
119
123
109
132
94
121
117
107
109
128
125
104
126
108
118
134
132
131
101
110
113
100
104
102
126
106
102
151
118
128
106
129
124
124
118
131
128
112
121
133
149
137
119
142
127
140
160
165
170
179
159
161
169
167
192
189
178
197
183
189
191
182
200
211
198
190
203
192
183
192
182
202
216
210
204
197
160
190
165
188
194
190
170
169
187
155
171
150
145
168
136
135
143
125
98
148
122
135
125
138
136
147
128
133
162
129
119
124
138
132
138
99
143
165
157
157
150
144
135
153
167
154
157
137
155
151
148
149
143
171
179
162
170
150
195
174
153
166
151
158
167
167
139
177
155
152
164
173
157
156
159
144
158
155
154
142
141
140
152
123
147
143
151
148
128
125
126
118
134
132
107
148
131
146
136
123
131
110
106
146
115
116
112
121
106
138
134
115
124
118
111
114
148
132
123
149
141
138
147
138
118
122
112
120
140
132
114
130
116
139
114
133
120
127
127
122
127
135
120
136
138
107
139
121
127
113
108
114
121
127
122
139
128
112
124
135
132
134
129
117
110
123
119
146
115
134
116
113
132
130
108
121
119
105
121
115
121
131
91
100
95
108
106
98
108
111
111
107
94
104
102
89
99
99
96
91
101
85
91
97
93
91
102
90
87
77
88
102
101
76
91
83
93
106
94
87
88
92
98
82
105
79
78
81
89
69
79
98
73
101
70
79
80
81
80
71
70
85
67
85
70
70
81
77
82
83
82
90
83
79
78
72
77
71
53
81
77
66
55
74
60
45
72
57
64
73
57
63
53
55
62
73
57
39
52
65
63
66
51
53
60
55
62
56
65
59
50
63
58
61
56
46
58
50
61
58
57
57
58
66
67
77
75
60
61
72
70
55
61
77
68
63
80
70
90
92
89
92
97
109
103
92
118
121
116
147
128
143
150
142
159
177
197
185
206
202
215
242
274
257
271
264
314
277
314
310
365
370
336
385
369
381
347
356
391
435
414
384
398
363
382
412
358
399
395
379
327
369
315
329
299
298
278
306
262
263
252
222
218
194
188
209
166
167
149
153
143
133
134
113
99
91
116
90
96
92
58
80
74
55
57
56
73
82
91
64
70
49
55
51
47
53
57
65
48
43
42
43
50
27
34
46
45
38
40
43
49
46
52
45
45
43
46
35
56
40
46
52
51
42
54
46
41
52
42
42
45
48
56
37
43
50
55
59
51
49
39
46
45
45
46
41
50
38
52
57
35
38
47
44
45
50
48
33
44
45
37
54
48
54
41
32
49
36
51
41
49
$ROI:
39
424 531
429 529
440 544
440 545
440 549
443 544
443 553
490 516
679 1395
772 934
800 953
827 855
828 856
840 1946
849 1974
857 2002
872 900
880 1058
887 915
914 1083
1010 1038
1208 1258
1345 1375
1418 1448
2436 2526
3229 3279
3607 3645
6449 6521
6459 6531
6463 6535
6464 6536
6467 6539
6471 6543
6482 6526
6489 6513
6497 6521
12997 13047
12999 13049
13000 13050
