$SPEC_ID:
GAMWIN
$SPEC_REM:


$DETDESC:

$DATE_MEA:
04/11/2025 15:01:11
$MEAS_TIM:
228537.75 228918.22
$MCA_CAL:
3
1.32118272781372E+001 1.29107522964478E+000 0.00000000000000E+000
$DATA:
0 2047
0
0
0
0
0
0
0
0
0
0
0
0
0
0
0
0
0
0
0
0
0
5931
5247
5002
4767
4748
4708
4780
4802
4861
5007
4871
4492
4065
3722
3415
3279
3411
3505
3731
4009
4249
4584
4707
4958
5010
5309
5841
6442
7438
8351
8750
9168
8929
8541
7627
7125
6670
6373
6226
6142
6119
5883
5729
5290
4982
4373
3932
3647
3158
2986
2875
2700
2733
2636
2713
2630
2629
2733
2554
2637
2562
2579
2500
2522
2597
2628
2552
2681
2717
2687
2742
2797
2749
2760
2655
2658
2650
2811
2704
2746
2684
2748
2696
2721
2753
2666
2607
2614
2668
2600
2664
2425
2397
2508
2403
2400
2395
2430
2425
2335
2417
2486
2606
2671
2786
2822
2871
2995
3062
3027
3104
3047
3053
2927
2765
2724
2677
2463
2458
2330
2356
2457
2391
2409
2394
2465
2470
2471
2439
2411
2312
2262
2310
2300
2358
2344
2446
2500
2683
2826
3104
3354
3742
3998
4512
4766
4999
5300
5291
5295
5189
4793
4385
4102
3493
3218
2825
2555
2287
2093
1971
1929
1923
1747
1815
1800
1842
1876
1829
1936
1970
1959
1849
1975
1867
1829
1956
1862
1890
1896
1932
2050
2096
2085
2144
2272
2400
2411
2475
2505
2527
2481
2360
2288
2109
1994
1872
1727
1655
1540
1483
1380
1340
1372
1296
1357
1348
1384
1311
1388
1441
1475
1494
1536
1711
1716
1790
1902
1997
2100
2164
2214
2433
2455
2604
2701
2712
2951
2856
3048
3027
2852
2752
2578
2323
2239
2014
1889
1681
1513
1403
1306
1141
1106
1022
994
1004
935
925
911
970
865
904
895
922
878
925
821
903
895
897
924
863
860
866
923
893
827
898
911
897
855
878
886
788
825
777
815
768
769
755
749
740
754
706
727
692
753
722
718
703
704
742
712
678
696
742
676
664
725
724
729
765
774
770
771
796
790
787
763
839
827
763
807
776
755
800
787
748
769
776
771
732
660
714
679
719
719
728
732
718
724
682
784
782
818
806
839
928
890
986
1000
1036
1018
1064
1087
1027
1097
1089
989
999
914
936
837
802
834
776
732
767
680
672
664
649
611
636
594
574
613
587
573
538
584
578
583
584
583
579
588
585
630
648
642
652
665
731
731
760
831
811
858
866
962
996
1010
1072
1116
1129
1171
1075
1122
1163
1249
1245
1227
1188
1245
1195
1239
1230
1289
1277
1292
1287
1385
1383
1415
1426
1575
1451
1430
1385
1315
1267
1220
1208
1139
1029
977
871
890
851
719
706
621
597
546
522
569
513
495
448
483
467
482
477
489
467
451
450
483
458
514
487
437
458
447
484
457
482
448
469
447
450
442
451
451
463
459
479
486
484
446
453
419
432
424
440
453
461
415
445
456
448
430
454
427
445
444
451
447
457
468
468
452
475
489
491
506
477
548
501
465
494
483
501
490
560
516
536
491
476
494
489
452
445
509
469
420
442
454
423
474
480
467
466
453
473
492
482
500
495
518
508
511
491
478
491
507
518
500
471
507
494
515
530
482
486
464
481
488
473
466
479
446
477
407
433
451
463
436
451
443
435
405
435
431
379
371
371
369
383
328
365
415
405
387
375
367
385
357
376
378
405
369
355
371
361
357
362
410
377
361
368
350
346
399
362
392
360
369
366
381
367
368
331
359
357
358
338
390
328
380
321
303
348
322
354
314
381
309
356
376
369
387
380
379
418
415
449
441
505
462
476
503
490
534
576
514
564
535
587
546
571
524
571
517
521
498
506
477
488
442
442
418
436
414
388
425
397
383
392
371
364
377
368
358
380
373
384
389
423
426
418
439
417
447
447
421
460
493
479
469
442
418
464
465
461
486
428
415
417
414
356
373
357
351
336
305
307
319
312
317
311
281
282
301
266
252
282
272
292
268
249
272
275
260
305
273
240
294
238
244
252
227
259
254
251
240
274
233
229
227
251
254
278
244
233
274
252
238
236
228
246
235
242
228
245
245
237
247
226
225
250
233
270
257
261
240
230
245
215
263
266
229
283
278
258
285
255
259
268
271
273
241
297
272
284
260
285
337
294
319
332
307
331
333
336
401
320
376
354
356
349
368
361
375
362
369
372
360
359
365
328
329
304
316
314
322
309
290
285
275
259
267
288
250
273
240
235
248
277
208
258
248
278
254
231
268
241
245
228
230
223
225
234
220
215
243
247
242
242
227
229
227
219
240
234
214
194
232
216
198
225
222
249
231
218
259
259
223
199
210
224
244
234
259
254
233
234
243
244
274
258
242
249
211
265
234
274
218
244
242
247
230
244
256
252
228
265
239
204
233
212
224
230
197
206
233
192
195
194
175
199
197
195
174
182
175
192
178
185
196
166
154
169
201
194
161
173
174
143
164
154
170
149
165
148
153
156
174
140
125
156
141
168
157
135
160
131
146
138
148
161
161
125
138
169
141
129
126
155
137
138
156
145
168
169
141
150
147
130
160
130
159
159
149
139
171
181
157
148
164
141
166
171
170
175
199
151
164
163
170
167
174
155
187
167
170
176
184
165
161
187
173
188
158
171
195
168
173
215
177
183
176
188
184
169
180
197
178
190
197
172
200
166
192
207
213
220
231
213
237
243
266
277
293
318
319
324
347
344
397
415
436
439
473
486
447
545
525
518
596
580
579
578
605
562
599
617
578
584
558
562
535
567
510
500
488
404
492
417
379
358
333
330
326
286
279
261
245
259
253
230
196
189
221
191
173
169
172
171
154
166
180
159
136
150
153
136
150
145
119
128
120
132
135
139
138
138
129
133
101
133
100
114
102
106
96
112
133
116
137
106
99
110
106
118
122
103
113
110
108
105
136
120
103
110
129
93
109
126
116
114
130
126
118
117
136
136
143
113
118
134
141
117
116
134
126
117
101
119
118
100
123
126
113
108
114
117
125
112
121
87
116
118
103
100
99
98
93
98
114
119
106
100
106
86
96
92
131
100
94
95
95
93
106
93
107
98
91
104
93
71
89
91
88
87
107
82
91
81
82
100
87
99
74
90
80
106
96
81
91
97
91
77
99
108
80
82
88
86
92
85
102
87
94
92
88
85
102
83
103
100
112
86
104
93
122
87
88
93
116
112
87
110
98
114
130
118
140
110
116
120
134
140
137
149
112
166
160
141
152
143
146
147
161
146
154
158
141
159
137
124
175
140
148
163
154
136
147
131
148
133
141
111
111
131
117
121
112
96
98
102
125
108
89
112
94
92
97
95
85
82
72
84
91
70
81
91
90
74
61
78
78
85
77
69
70
79
61
81
79
70
63
75
70
88
69
80
85
76
82
79
85
71
96
72
73
88
73
72
70
69
76
75
66
84
72
69
81
50
77
71
50
73
64
63
63
77
59
71
68
71
80
61
62
69
57
61
70
64
68
58
52
69
67
62
65
77
61
77
52
83
58
67
66
59
60
58
53
66
60
53
59
69
65
68
60
57
58
61
55
62
82
56
51
74
55
53
46
65
66
69
74
69
55
54
55
51
57
74
52
50
73
51
44
55
70
59
59
65
64
65
65
56
58
69
46
63
51
57
70
58
64
60
62
64
56
68
48
67
61
68
55
58
49
73
65
64
65
73
71
68
52
63
59
64
67
61
60
60
70
48
40
54
63
55
50
52
59
65
55
66
46
66
65
38
56
54
74
57
61
61
50
57
47
61
62
64
64
61
52
62
66
48
53
75
71
71
55
70
62
65
71
61
71
74
72
83
89
88
90
79
70
70
84
74
66
69
73
85
75
91
73
85
66
65
64
75
68
69
68
78
76
65
63
60
77
67
73
74
59
76
58
71
67
69
55
66
69
62
75
37
39
68
57
54
65
53
50
60
55
54
65
49
59
65
60
51
62
70
60
67
61
63
63
67
71
66
70
67
81
72
78
75
86
70
56
64
60
81
64
81
64
82
65
70
77
70
66
66
62
63
63
57
74
61
68
68
72
65
77
70
58
58
52
60
54
62
54
64
49
49
65
55
58
64
55
50
50
62
65
44
61
59
57
55
58
59
53
62
53
45
65
50
54
51
42
54
55
56
65
40
51
74
50
64
51
62
50
55
42
64
67
63
49
43
64
68
44
58
60
65
53
63
69
49
68
65
58
52
44
57
50
56
60
62
53
59
45
56
40
59
40
52
56
72
54
61
52
62
53
54
63
52
56
43
54
52
61
50
46
56
52
53
47
54
62
56
38
33
52
61
53
46
51
51
49
52
43
46
45
40
42
44
49
55
41
45
64
48
52
44
41
51
48
47
45
47
52
40
48
51
49
33
43
44
59
42
51
38
42
39
49
41
47
42
38
51
64
38
43
45
44
57
37
53
41
49
50
39
48
52
39
34
42
41
38
38
42
44
45
48
42
41
37
46
46
43
39
40
38
36
41
41
38
52
39
45
33
42
40
45
42
36
43
44
42
32
36
36
36
43
31
49
34
42
42
46
34
37
42
47
43
52
38
41
49
37
40
52
45
48
37
45
51
51
43
51
55
43
49
45
51
60
41
44
58
61
46
64
62
70
73
71
64
69
83
67
83
103
97
89
90
98
91
95
109
112
113
131
88
102
136
115
134
111
119
115
101
108
125
114
127
131
102
116
125
113
110
109
116
95
96
96
92
80
84
88
81
70
73
69
66
74
57
58
56
49
52
79
56
49
46
44
42
55
44
59
42
42
53
50
43
42
36
35
40
39
31
33
38
33
43
39
38
28
36
39
27
37
42
46
48
40
30
38
34
28
35
33
23
32
37
43
55
38
31
29
39
33
42
42
32
35
42
40
45
29
38
48
48
33
31
32
42
35
34
31
39
30
37
20
49
30
49
26
22
34
37
40
36
37
32
40
32
44
41
45
32
41
32
29
40
36
30
35
$ROI:
39
424 531
429 529
440 544
440 545
440 549
443 544
443 553
490 516
679 1395
772 934
800 953
827 855
828 856
840 1946
849 1974
857 2002
872 900
880 1058
887 915
914 1083
1010 1038
1208 1258
1345 1375
1418 1448
2436 2526
3229 3279
3607 3645
6449 6521
6459 6531
6463 6535
6464 6536
6467 6539
6471 6543
6482 6526
6489 6513
6497 6521
12997 13047
12999 13049
13000 13050
