$SPEC_ID:
GAMWIN
$SPEC_REM:


$DETDESC:

$DATE_MEA:
04/21/2025 08:26:54
$MEAS_TIM:
81824.81 81954.20
$MCA_CAL:
3
1.32118272781372E+001 1.29107522964478E+000 0.00000000000000E+000
$DATA:
0 2047
0
0
0
0
0
0
0
0
0
0
0
0
0
0
0
0
0
0
0
0
0
1857
1695
1594
1489
1551
1511
1503
1541
1571
1544
1534
1394
1333
1137
995
915
963
1016
1073
1095
1215
1298
1263
1340
1429
1482
1496
1725
1993
2191
2457
2568
2473
2358
2221
2036
1850
1779
1699
1782
1736
1634
1595
1461
1424
1223
1097
994
857
842
783
823
794
759
756
684
713
698
698
680
726
665
683
661
629
684
719
697
777
700
746
777
728
704
739
760
726
724
737
767
737
758
768
824
730
684
696
686
776
721
695
692
642
672
688
692
644
650
630
679
631
649
701
677
695
773
792
826
832
843
914
859
844
801
798
795
725
714
684
734
650
685
672
714
715
668
681
677
737
626
647
704
661
637
684
670
686
723
738
836
875
933
997
1104
1191
1221
1392
1423
1439
1496
1399
1318
1167
1158
1027
942
795
764
710
617
625
505
534
537
540
507
541
537
530
539
597
569
563
549
547
577
542
547
541
554
546
563
613
581
643
664
683
680
700
724
709
721
693
683
624
562
541
510
460
526
422
436
402
410
377
394
399
372
409
405
399
433
419
460
505
511
486
576
542
559
624
594
676
654
743
699
786
821
817
811
800
789
773
788
722
655
599
591
541
460
440
365
348
356
344
293
299
279
293
291
285
254
286
288
303
266
259
280
255
297
256
291
273
261
269
266
237
289
271
286
268
263
281
225
215
265
263
270
228
278
226
242
228
219
219
206
215
221
221
207
170
204
225
216
250
236
203
187
212
210
233
239
211
232
258
291
227
224
252
230
201
269
251
237
246
241
272
232
226
224
242
232
226
211
236
231
211
190
230
218
203
224
238
198
271
247
229
270
249
297
284
288
326
329
338
304
322
374
314
314
348
286
286
297
304
253
258
234
203
229
217
207
208
190
198
199
196
177
188
187
173
160
187
148
184
186
186
170
188
185
180
192
206
182
231
230
219
220
251
235
239
278
287
306
300
325
306
330
325
351
318
369
341
346
349
356
333
348
343
342
366
382
333
375
370
397
426
443
399
374
422
366
343
357
351
320
348
309
263
236
241
222
216
190
202
186
184
162
162
157
160
177
151
146
137
140
155
121
140
172
137
148
146
129
146
150
133
155
169
134
160
172
145
158
146
143
153
153
145
151
141
130
158
148
128
135
142
142
134
120
138
132
151
145
161
145
138
162
152
153
143
117
130
140
151
138
139
158
155
155
149
158
166
188
157
149
149
172
157
138
143
163
150
173
161
142
134
145
120
137
144
121
139
144
130
139
153
160
148
144
162
167
158
157
133
155
147
141
154
142
144
171
162
172
128
148
130
159
151
136
169
149
151
158
119
141
151
153
151
163
135
140
146
141
124
129
121
124
126
122
125
143
126
123
135
120
123
119
119
111
96
132
133
126
101
102
92
106
138
117
130
119
116
126
111
106
94
100
105
108
110
130
124
134
100
100
108
104
100
111
125
107
129
113
99
119
89
101
111
132
120
117
123
127
127
118
143
123
112
126
157
127
136
158
148
164
166
188
170
164
142
183
164
172
192
165
163
148
149
138
153
149
125
105
124
136
110
119
133
120
121
125
121
110
103
102
106
116
110
125
124
135
143
142
124
120
145
131
139
127
139
141
134
137
146
155
130
121
142
127
143
126
121
112
112
117
110
112
98
86
100
87
82
81
79
84
84
94
98
77
91
88
87
84
98
85
63
75
90
98
75
69
76
85
78
94
79
82
79
69
77
74
79
72
89
81
66
82
73
65
77
63
84
76
81
82
72
73
71
85
75
100
86
77
89
72
69
85
88
82
72
68
72
84
68
76
84
88
96
83
95
89
102
80
85
87
98
82
94
86
75
92
107
81
98
101
106
85
102
120
109
114
101
117
101
95
102
112
99
114
100
121
99
95
96
93
103
95
113
97
79
99
86
87
87
93
82
74
95
82
75
93
68
82
83
88
87
90
76
97
90
62
74
90
76
76
71
93
69
51
71
71
80
82
74
83
63
84
71
70
71
82
82
72
64
71
69
69
67
78
73
88
72
67
69
87
75
75
79
81
83
80
91
102
81
80
79
72
90
83
80
80
73
80
85
71
78
57
66
65
62
74
73
86
53
67
81
58
77
73
64
68
70
54
71
65
70
52
64
64
63
58
50
68
63
49
71
41
47
49
49
65
49
59
44
54
37
47
48
45
49
45
36
49
53
44
46
51
36
48
46
41
55
39
46
48
54
54
59
34
35
52
43
42
40
47
42
52
53
49
48
44
42
45
56
53
61
40
48
55
67
48
42
48
66
55
60
54
49
43
40
63
66
55
44
56
72
57
53
59
63
51
55
61
43
50
65
52
54
58
50
68
63
64
63
62
56
62
55
56
66
71
62
66
65
62
86
84
80
69
73
71
83
88
92
116
93
82
94
114
116
127
134
159
165
153
154
158
186
177
183
191
197
185
204
193
200
206
212
202
198
237
209
209
214
209
176
167
172
161
157
150
137
124
144
116
115
87
107
89
88
93
87
81
76
56
74
65
57
68
57
59
49
49
61
45
49
45
41
38
46
39
50
47
33
42
33
35
35
45
37
36
52
28
29
34
28
32
34
49
40
44
40
25
39
38
47
37
25
30
24
33
32
44
23
42
35
32
37
41
43
32
30
39
32
46
38
27
33
32
42
38
46
38
40
42
39
43
39
37
46
34
36
45
35
40
44
34
37
25
27
50
37
39
37
33
30
38
35
32
38
42
39
33
32
42
32
30
23
20
38
36
19
32
38
33
33
33
34
45
29
29
30
28
26
26
27
30
34
24
17
21
24
36
34
32
30
19
37
24
20
34
30
28
32
22
26
36
25
32
27
22
31
22
37
37
31
30
41
36
19
37
28
34
33
32
31
27
31
38
37
33
37
41
49
34
33
34
28
33
41
34
40
42
32
42
41
32
45
35
46
50
37
53
44
43
49
45
49
45
47
40
40
51
49
39
53
45
43
45
49
47
38
44
36
47
35
37
36
41
43
26
27
33
25
26
23
29
32
25
31
26
28
28
28
23
26
15
29
25
23
33
27
24
31
21
24
21
15
26
17
27
17
33
23
19
29
22
18
23
25
25
28
27
25
17
28
23
23
19
22
24
28
26
31
18
24
30
21
33
19
19
23
25
25
19
26
29
22
22
34
23
20
17
24
26
24
28
21
25
25
13
21
28
25
19
22
13
22
22
16
26
18
24
17
13
21
17
19
16
20
20
30
22
28
19
19
21
15
23
12
21
25
18
23
16
21
19
16
22
19
26
27
19
22
27
21
25
21
23
15
23
22
21
20
23
26
17
30
17
20
18
20
21
19
24
19
18
20
25
22
23
24
17
9
18
22
17
22
18
18
25
22
20
25
26
11
16
24
17
25
22
20
22
17
19
24
28
25
27
20
19
19
17
21
22
16
21
15
25
18
25
18
20
25
17
13
21
16
20
22
24
8
17
16
22
19
20
27
23
20
15
10
17
22
11
21
14
19
16
25
18
17
24
23
19
25
20
37
21
25
22
18
19
27
25
20
30
22
19
26
32
23
21
24
19
19
25
27
24
21
25
30
26
19
26
19
12
20
14
16
16
19
28
21
17
20
17
23
21
16
12
21
15
21
10
22
24
22
17
15
22
19
19
20
13
31
20
20
13
19
17
17
21
20
24
25
20
27
20
20
20
22
25
20
24
21
28
23
23
19
21
16
26
27
20
27
27
19
17
27
15
21
17
27
18
20
20
21
19
25
24
22
19
14
22
20
18
20
23
21
20
19
11
14
18
20
25
17
28
20
21
21
21
17
11
14
22
17
19
20
19
14
16
11
21
10
23
18
16
21
16
25
16
19
15
21
16
19
19
19
15
23
15
22
16
13
13
15
12
20
16
14
21
9
15
19
15
20
17
25
14
14
12
22
15
21
16
31
19
15
15
13
12
27
20
18
19
14
18
9
11
19
16
15
10
16
18
9
19
16
15
13
18
15
12
17
16
17
21
21
10
27
20
17
17
19
11
21
17
18
12
17
6
12
6
19
17
17
17
14
14
15
19
17
12
14
6
16
10
8
17
17
18
18
12
16
12
24
19
12
14
14
20
24
12
14
13
18
13
13
24
14
22
14
13
13
21
18
19
13
9
15
16
17
21
11
11
12
13
14
27
11
21
15
15
8
15
11
14
14
13
14
10
7
11
18
17
11
16
15
19
15
12
13
17
12
17
18
18
12
14
11
18
8
16
10
11
7
14
9
20
14
12
8
17
12
20
9
15
18
14
15
13
12
16
9
21
13
15
14
16
11
8
16
20
19
21
12
12
16
15
26
9
17
18
15
24
17
23
18
26
26
18
24
31
47
29
30
19
29
35
42
44
37
38
49
36
29
34
28
49
31
36
28
37
36
24
32
32
28
30
36
31
28
34
22
33
23
15
20
25
25
18
20
21
13
12
36
16
28
19
16
21
15
9
13
14
16
20
21
18
15
15
20
7
11
10
19
13
13
17
16
13
18
8
15
13
16
15
19
16
7
15
10
6
16
7
15
12
16
13
5
14
10
10
11
16
15
11
9
10
10
17
12
16
11
8
10
12
10
8
17
13
14
13
12
14
14
17
16
24
15
11
11
9
15
11
19
13
8
9
15
12
15
15
16
17
15
7
12
11
6
7
11
12
9
$ROI:
39
424 531
429 529
440 544
440 545
440 549
443 544
443 553
490 516
679 1395
772 934
800 953
827 855
828 856
840 1946
849 1974
857 2002
872 900
880 1058
887 915
914 1083
1010 1038
1208 1258
1345 1375
1418 1448
2436 2526
3229 3279
3607 3645
6449 6521
6459 6531
6463 6535
6464 6536
6467 6539
6471 6543
6482 6526
6489 6513
6497 6521
12997 13047
12999 13049
13000 13050
