$SPEC_ID:
GAMWIN
$SPEC_REM:


$DETDESC:

$DATE_MEA:
04/15/2025 07:27:44
$MEAS_TIM:
27255.30 27333.20
$MCA_CAL:
3
1.32118272781372E+001 1.29107522964478E+000 0.00000000000000E+000
$DATA:
0 2047
0
0
0
0
0
0
0
0
0
0
0
0
0
0
0
0
0
0
0
0
0
2530
2224
2054
2061
1929
2096
2142
2208
2374
2353
2424
2174
2181
2097
2019
2048
2040
2362
2402
2743
2836
3057
3282
3297
3360
3647
4015
4651
5428
6030
6707
6781
6575
6094
5381
4639
4169
3965
3810
3928
3806
3659
3525
3113
2913
2471
2242
1937
1767
1590
1460
1393
1372
1406
1397
1357
1416
1400
1341
1296
1342
1359
1352
1279
1368
1377
1419
1428
1341
1444
1435
1440
1560
1501
1419
1400
1572
1433
1458
1540
1449
1507
1500
1503
1570
1514
1559
1554
1438
1467
1415
1410
1406
1475
1323
1394
1376
1331
1360
1311
1382
1482
1524
1571
1596
1693
1797
1867
1858
1983
1895
1994
1825
1747
1687
1609
1452
1464
1324
1299
1230
1298
1301
1231
1208
1310
1229
1293
1219
1239
1185
1178
1158
1163
1118
1219
1203
1272
1346
1432
1671
1856
2045
2307
2569
2629
2808
2942
3112
2947
2878
2814
2556
2230
1983
1758
1571
1359
1253
1126
1030
1010
978
945
858
955
962
957
1005
959
980
1021
987
997
1046
1078
1013
1166
1173
1262
1232
1469
1550
1676
1774
1939
2094
2121
2124
2124
2087
1982
1853
1637
1585
1331
1230
1088
944
886
784
753
675
683
697
673
685
691
681
715
750
780
840
895
890
1047
1103
1162
1283
1450
1555
1724
1826
2065
2343
2409
2666
2704
2686
2756
2847
2716
2526
2346
2074
1924
1659
1432
1222
1076
943
745
643
596
530
501
463
458
468
464
404
418
458
413
428
437
418
428
418
422
406
472
455
418
409
483
433
431
422
445
409
401
444
403
392
389
391
391
366
376
357
348
319
389
335
333
327
332
339
293
274
302
324
316
326
354
311
314
318
329
323
332
342
326
304
346
356
332
338
377
348
341
343
369
326
340
329
343
327
285
286
295
311
310
316
276
268
268
278
287
312
296
300
336
294
333
321
323
336
378
338
374
369
397
353
356
405
351
367
337
326
294
308
324
297
278
283
281
254
257
232
254
239
265
226
275
219
223
267
255
248
265
237
237
215
240
256
236
281
297
279
291
280
306
289
316
327
361
400
422
403
477
479
475
480
553
581
590
630
625
698
647
710
753
732
802
911
923
1045
1105
1113
1136
1262
1306
1367
1398
1406
1384
1360
1344
1267
1250
1226
1140
994
928
784
814
657
629
503
444
390
359
325
279
237
233
234
224
198
209
183
210
181
212
201
199
198
196
185
198
196
189
211
230
208
205
194
187
204
200
198
205
225
182
195
187
204
198
191
160
202
198
167
154
212
196
164
197
169
190
184
208
208
207
203
195
165
193
213
204
206
229
222
216
222
213
221
222
216
198
221
204
207
219
201
235
212
224
229
227
203
199
220
198
177
223
208
209
201
215
209
216
227
220
247
227
261
242
270
272
250
249
259
277
268
265
272
284
235
219
251
230
273
212
258
219
250
209
243
211
217
215
219
195
201
213
193
185
179
190
205
149
152
176
163
176
168
169
165
194
166
174
163
163
158
151
170
177
149
202
166
155
174
162
179
163
153
132
143
169
187
171
151
164
143
187
180
147
161
139
166
154
148
155
138
163
151
143
170
150
150
154
174
165
153
177
148
148
182
153
180
176
194
199
209
214
237
250
228
231
260
247
263
273
274
280
252
277
249
254
256
277
274
220
234
238
252
241
212
214
220
198
219
177
222
191
172
175
183
161
166
179
173
195
162
183
189
185
186
165
212
191
206
198
214
181
218
201
200
204
204
193
186
184
182
205
171
178
167
154
161
167
147
136
140
143
128
108
109
121
122
115
131
119
120
119
124
113
104
106
109
105
96
104
92
86
106
97
115
96
92
89
92
96
93
74
97
83
97
103
110
107
91
93
96
84
110
113
94
91
100
100
99
107
95
102
105
93
113
97
100
95
91
88
105
98
115
104
111
103
123
103
110
122
127
131
126
122
115
131
126
132
157
167
177
169
149
171
220
197
232
233
224
205
238
263
262
259
228
255
215
257
249
226
219
253
247
221
260
210
198
200
183
187
171
160
178
141
138
146
169
148
134
121
132
125
121
111
123
101
125
126
106
113
107
103
121
109
92
92
106
99
90
87
108
85
98
98
95
77
95
87
89
99
96
88
85
93
82
88
79
95
97
103
111
96
122
88
117
95
122
114
104
87
111
118
115
142
122
119
137
139
119
149
150
133
127
149
120
147
126
119
138
145
130
121
114
106
129
119
136
123
104
98
98
94
115
104
91
98
91
85
80
87
109
72
77
70
96
90
68
81
81
89
87
73
75
72
85
58
75
79
67
69
85
56
57
69
80
73
64
56
61
68
63
72
47
71
56
54
52
58
66
59
62
71
49
71
69
65
67
59
67
75
71
58
66
85
68
75
74
59
81
71
83
75
85
81
68
81
77
88
96
109
94
87
105
105
93
97
109
112
128
111
105
105
110
130
113
125
111
112
122
103
106
117
109
93
93
102
97
126
81
91
104
94
94
92
88
111
110
58
97
95
93
85
87
85
89
115
114
110
124
131
115
129
128
160
132
144
133
182
158
168
150
178
178
214
193
200
179
197
213
192
182
216
201
198
181
185
220
180
144
170
172
161
140
126
121
103
118
108
94
98
93
93
103
80
90
93
79
69
88
84
91
70
67
74
75
67
67
63
74
77
71
47
64
74
49
54
75
71
57
72
55
52
56
55
55
51
53
55
49
59
59
45
46
61
40
54
53
54
49
50
63
41
58
59
49
64
56
39
48
42
50
54
45
43
68
54
40
56
65
48
52
50
60
51
55
43
51
56
44
60
62
46
59
44
48
41
60
53
52
44
46
46
33
38
55
42
48
39
48
34
39
30
42
43
44
34
34
39
44
34
40
32
32
37
38
31
36
35
35
34
33
27
41
37
38
31
43
37
46
33
39
46
42
36
45
36
36
32
39
39
32
38
36
44
24
33
38
28
32
36
38
24
49
37
50
47
43
36
37
38
50
44
45
55
52
52
54
52
55
52
51
64
69
76
65
67
55
69
80
88
89
82
78
84
111
106
93
100
101
85
119
99
125
100
117
130
112
128
108
153
100
132
135
124
111
105
125
121
108
104
120
98
82
109
82
84
95
79
96
81
76
64
63
49
55
48
51
53
41
32
43
35
43
41
41
26
36
31
33
32
28
30
40
22
28
27
31
28
39
36
29
38
36
36
37
38
47
29
31
48
40
44
29
40
36
47
28
29
37
24
28
37
39
35
42
29
34
38
29
33
33
30
30
25
30
30
33
33
24
21
32
23
20
26
19
17
27
32
31
25
22
21
22
21
24
28
21
19
34
21
24
12
22
22
23
25
20
15
20
18
21
19
14
17
23
22
22
16
18
17
19
17
13
22
11
15
24
24
22
14
20
17
16
14
17
16
13
16
27
31
17
19
24
18
28
14
21
14
16
18
18
14
21
24
19
13
21
17
21
14
13
19
14
13
18
28
19
20
19
14
19
18
15
17
16
25
24
15
16
13
19
12
23
17
16
17
15
20
22
18
15
16
15
12
13
9
15
21
11
16
15
20
10
13
14
17
16
17
16
18
13
17
12
21
17
24
17
19
17
32
18
15
14
12
22
22
27
18
24
16
27
27
26
22
22
25
21
28
19
33
27
22
30
22
26
35
29
20
34
33
32
37
29
23
18
27
32
27
33
24
20
19
33
28
21
23
20
19
26
19
20
21
24
13
25
27
21
27
33
18
26
11
27
16
22
32
23
23
21
26
21
16
16
31
21
24
29
24
26
33
21
26
23
39
35
24
38
36
32
32
33
25
34
31
38
38
40
48
32
36
32
36
47
39
32
33
27
30
29
37
31
33
35
34
23
26
19
27
23
25
28
28
22
20
15
27
16
15
23
15
18
22
14
14
18
23
14
25
19
10
15
18
20
16
15
13
13
16
7
18
14
11
19
19
16
18
14
22
12
14
8
18
17
14
12
16
16
16
17
13
13
18
14
10
19
13
13
9
17
20
22
17
15
16
15
9
14
9
11
16
10
13
16
14
17
11
16
9
18
13
12
13
17
16
14
7
15
14
18
15
14
25
11
15
12
9
6
14
12
12
6
8
10
14
14
8
14
6
9
13
14
11
16
9
6
14
13
5
10
7
10
17
12
11
11
9
7
7
10
7
6
8
16
17
12
17
8
13
17
14
11
18
11
15
8
16
9
10
18
10
8
12
15
17
19
14
16
11
13
11
13
11
17
15
14
18
11
10
9
16
12
11
16
13
11
12
11
8
9
11
7
11
7
6
7
3
11
11
15
7
5
6
11
6
7
5
9
15
10
1
7
10
12
10
7
9
13
7
4
8
5
3
5
6
6
4
12
10
7
7
7
14
8
8
13
9
7
9
9
11
9
9
10
10
5
5
7
10
12
7
6
9
9
18
12
17
11
21
16
17
18
12
19
15
27
23
20
19
33
29
24
26
25
33
25
36
34
36
42
30
41
55
35
32
38
41
34
37
43
40
39
42
44
45
47
37
49
40
41
34
37
27
37
28
32
31
38
23
26
17
23
27
16
24
20
24
14
23
11
18
21
19
9
9
10
12
9
10
8
5
10
10
9
9
4
7
10
14
10
8
11
12
6
8
5
6
12
11
3
5
6
2
6
5
5
7
11
9
3
6
3
6
2
5
11
3
5
4
7
6
4
6
11
6
8
6
3
3
4
6
5
2
6
5
1
7
6
9
10
5
2
2
5
7
5
8
3
1
6
9
11
2
3
8
2
5
6
6
7
5
6
4
4
1
4
7
2
6
7
8
5
$ROI:
39
424 531
429 529
440 544
440 545
440 549
443 544
443 553
490 516
679 1395
772 934
800 953
827 855
828 856
840 1946
849 1974
857 2002
872 900
880 1058
887 915
914 1083
1010 1038
1208 1258
1345 1375
1418 1448
2436 2526
3229 3279
3607 3645
6449 6521
6459 6531
6463 6535
6464 6536
6467 6539
6471 6543
6482 6526
6489 6513
6497 6521
12997 13047
12999 13049
13000 13050
