$SPEC_ID:
GAMWIN
$SPEC_REM:


$DETDESC:

$DATE_MEA:
05/06/2025 15:10:30
$MEAS_TIM:
57724.27 57825.06
$MCA_CAL:
3
1.32118272781372E+001 1.29107522964478E+000 0.00000000000000E+000
$DATA:
0 2047
0
0
0
0
0
0
0
0
0
0
0
0
0
0
0
0
0
0
0
0
0
2220
1956
1898
1885
1855
1867
1912
1952
1885
1872
1931
1796
1792
1606
1627
1650
1675
1735
1794
1909
1927
2128
2125
2199
2195
2340
2523
2648
3000
3277
3561
3611
3476
3210
3051
2812
2601
2465
2408
2402
2340
2300
2196
2065
1904
1823
1679
1612
1420
1364
1331
1307
1314
1216
1287
1245
1303
1267
1302
1189
1251
1205
1274
1209
1179
1223
1253
1295
1262
1251
1287
1290
1245
1287
1240
1182
1237
1211
1198
1276
1253
1233
1180
1166
1207
1234
1170
1195
1189
1185
1165
1141
1133
1126
1079
1083
1066
1125
1056
1016
1068
1037
1091
1123
1106
1110
1214
1097
1217
1169
1194
1099
1225
1175
1098
1103
1056
992
1092
1059
1069
1013
1003
1047
1106
959
1025
1037
1012
1005
1042
998
1001
994
996
990
1038
1046
1141
1169
1213
1373
1414
1586
1735
1791
1937
1973
1950
2030
1977
1818
1662
1568
1396
1250
1125
1079
966
877
859
820
779
788
806
778
815
761
764
810
756
780
789
814
775
779
753
770
781
791
841
799
843
855
852
911
946
921
986
953
952
956
956
872
776
737
755
707
664
652
626
555
559
554
546
523
541
481
564
602
573
602
621
636
678
699
720
687
791
776
826
885
877
955
941
959
1013
955
1027
1068
1044
1021
983
959
906
806
755
731
651
573
562
470
474
452
408
412
378
360
340
366
363
354
364
426
406
367
359
360
350
395
367
364
398
358
346
352
394
350
351
332
318
383
360
347
337
347
307
351
321
323
316
309
316
306
318
291
302
305
311
276
284
300
293
291
304
297
306
295
316
299
340
307
303
337
289
280
311
280
315
306
308
327
322
318
314
291
299
328
316
286
266
308
273
266
313
269
253
273
288
263
273
314
280
303
296
291
288
336
349
322
309
345
362
386
405
390
389
366
362
353
335
345
312
321
329
286
295
281
293
261
255
281
254
230
262
247
202
249
247
231
247
239
219
249
239
212
226
266
243
257
252
270
282
273
261
307
294
309
328
312
348
383
363
361
394
434
431
451
430
433
464
414
443
439
441
478
459
493
459
454
492
498
518
484
525
536
519
511
547
540
497
459
485
483
444
430
404
379
349
313
312
310
274
287
237
234
213
223
219
200
190
207
198
206
187
198
197
182
192
199
194
203
209
202
215
199
192
198
216
202
184
212
170
201
170
197
202
190
213
199
181
192
177
201
194
174
211
169
209
166
192
198
202
193
184
187
176
188
187
207
196
193
175
201
214
190
207
203
198
221
208
200
225
241
201
196
208
215
229
195
215
192
198
192
189
204
183
189
181
177
194
196
199
190
178
195
195
174
203
229
209
207
203
218
193
199
235
225
216
206
194
224
217
204
185
177
197
203
188
173
197
201
190
193
199
210
193
202
175
194
182
176
170
185
169
193
189
194
173
163
192
196
200
187
180
168
156
161
162
174
164
185
170
188
168
170
159
174
175
186
156
151
181
169
177
169
164
181
154
172
181
164
161
191
156
163
159
160
160
154
170
162
160
149
173
179
155
162
165
169
169
176
172
187
193
183
240
193
172
223
187
215
215
187
242
232
227
252
238
256
229
247
241
249
245
228
237
217
223
244
207
209
232
179
177
221
189
160
194
183
181
216
172
203
199
179
195
168
197
215
195
228
193
189
229
200
188
220
224
223
214
209
224
222
222
211
209
229
197
193
201
206
189
203
204
178
161
182
177
143
154
153
146
176
143
136
154
123
143
126
175
170
123
137
131
126
122
136
157
136
134
132
140
136
152
144
133
145
132
162
173
133
149
161
148
140
144
151
137
123
164
143
132
138
127
146
142
165
135
127
138
142
142
131
135
132
141
138
152
158
141
142
142
150
141
168
145
130
151
150
160
148
150
153
151
154
175
130
151
174
167
160
155
176
175
160
172
210
175
177
185
193
196
216
177
216
193
221
182
184
183
190
177
201
190
185
188
169
191
163
191
182
165
143
193
174
181
151
150
160
166
203
166
160
166
158
149
150
157
165
142
167
152
157
157
150
166
152
166
143
158
177
162
148
183
169
141
157
154
167
148
164
158
163
145
163
139
145
156
157
157
167
162
158
161
121
149
164
187
143
153
154
150
134
127
151
139
161
166
134
142
143
144
136
138
153
120
131
127
122
110
107
131
130
122
132
121
109
91
112
109
100
111
80
101
88
90
103
92
84
81
78
73
104
83
93
78
65
93
88
85
75
56
60
80
77
68
81
61
86
84
52
77
58
64
74
64
68
60
57
63
81
52
81
51
64
50
58
60
54
66
40
56
55
50
63
67
51
49
58
73
52
43
53
59
57
49
61
54
44
61
61
57
62
53
51
47
60
55
67
65
60
66
77
61
68
65
63
72
74
61
68
77
77
77
66
80
65
65
75
80
85
66
90
80
79
93
86
93
93
102
97
105
126
105
114
131
153
130
156
172
196
211
208
210
260
259
291
333
320
373
379
426
436
454
486
562
611
613
679
655
630
677
720
748
799
741
765
779
731
716
729
682
666
625
604
627
596
573
438
481
446
455
349
376
349
288
278
264
247
198
181
166
142
122
129
99
102
84
87
72
78
77
53
55
67
48
53
54
45
36
48
47
32
45
45
41
32
40
40
40
37
30
44
31
41
39
23
20
32
34
36
38
31
27
34
30
30
29
26
35
28
28
29
27
28
32
31
31
36
33
26
37
24
45
43
32
34
41
29
41
40
52
34
42
35
24
40
35
36
49
45
22
53
46
30
37
36
27
29
27
36
33
44
42
35
30
38
34
37
41
31
38
32
24
36
30
15
32
40
33
22
27
18
24
43
29
28
20
22
34
29
29
27
33
29
39
23
22
17
32
18
14
26
18
23
22
18
26
24
25
26
17
30
28
22
28
25
26
19
26
21
28
32
26
19
29
31
23
24
27
21
27
28
36
34
29
30
25
21
40
34
41
35
30
39
34
42
40
46
33
29
44
45
47
36
38
43
43
36
56
48
51
40
45
64
36
45
53
65
55
44
56
49
49
40
44
48
49
40
39
49
37
38
33
39
51
33
40
31
29
24
29
28
19
32
23
37
29
30
30
31
27
25
27
32
14
25
22
27
21
28
26
27
30
16
24
24
18
24
22
31
25
24
25
28
18
17
22
23
23
28
22
24
22
19
22
16
22
24
23
20
21
22
18
14
18
14
15
20
29
27
25
20
26
23
18
25
19
22
12
10
12
17
19
26
21
13
28
19
17
11
23
11
19
20
22
16
14
24
19
14
12
18
20
15
13
12
17
22
16
15
24
19
29
17
18
18
19
18
19
16
17
26
25
27
11
25
20
20
25
20
16
16
23
14
16
13
18
18
17
19
17
15
17
20
18
24
20
19
14
21
18
12
15
16
25
14
15
21
8
18
18
24
22
18
16
15
20
13
13
17
19
11
15
14
16
17
19
15
15
17
21
20
12
18
29
23
33
10
12
18
21
18
14
13
14
18
15
23
18
14
12
15
23
10
19
22
20
17
24
19
18
22
14
21
12
14
22
14
16
14
16
23
16
10
20
21
17
28
13
22
18
23
29
23
14
21
22
25
23
21
18
18
21
24
21
31
17
20
25
23
24
9
20
22
26
19
20
19
26
21
19
13
23
20
24
24
12
18
18
23
9
18
17
23
24
20
21
16
16
22
19
16
15
17
18
18
12
25
17
17
12
13
25
23
17
15
15
22
22
26
14
22
22
15
14
13
24
23
28
22
24
27
18
19
17
23
25
27
18
18
23
15
15
16
25
19
28
16
20
25
14
24
24
19
11
24
28
13
20
13
16
12
12
18
25
17
14
13
15
14
12
16
12
10
13
10
16
10
13
24
13
16
18
14
27
17
10
15
9
15
19
18
8
13
14
16
13
14
12
16
17
20
20
20
11
13
25
15
16
19
16
19
12
19
15
12
16
20
14
18
18
18
12
17
15
23
16
17
11
10
17
13
16
16
13
18
15
15
19
16
18
16
18
17
15
12
15
12
14
13
16
15
12
14
5
16
21
15
19
16
18
12
17
13
15
13
6
14
11
16
13
15
10
10
18
13
8
13
10
16
7
9
15
12
11
12
15
15
10
11
16
11
18
16
12
6
10
15
19
15
13
12
10
9
11
16
13
18
8
14
10
14
7
15
16
15
16
12
17
16
15
11
19
14
19
16
15
17
7
12
8
16
15
13
15
9
15
11
20
12
13
8
11
9
12
12
9
12
6
14
11
11
8
10
9
8
14
11
8
5
6
16
5
8
12
11
13
12
7
15
7
9
7
9
11
12
10
9
7
5
11
14
11
11
12
12
17
9
8
12
11
12
17
10
15
14
9
13
14
16
14
17
13
19
11
14
20
14
22
12
18
20
23
19
22
17
26
20
21
25
18
33
35
25
35
19
27
30
42
28
39
39
37
38
28
51
52
41
24
25
39
40
38
43
26
27
33
34
30
31
27
30
24
21
28
24
30
26
28
21
22
15
27
19
18
16
18
20
14
18
14
18
15
16
12
9
10
6
12
8
12
12
5
11
11
15
9
5
10
10
7
5
18
11
7
13
6
8
12
10
6
9
14
9
12
8
11
11
14
8
7
14
11
7
9
11
4
13
15
12
9
7
6
4
9
9
6
10
5
12
8
11
13
8
10
13
10
3
12
7
8
13
9
12
12
9
11
12
7
13
14
13
6
9
9
13
4
10
9
8
6
9
8
8
13
$ROI:
39
424 531
429 529
440 544
440 545
440 549
443 544
443 553
490 516
679 1395
772 934
800 953
827 855
828 856
840 1946
849 1974
857 2002
872 900
880 1058
887 915
914 1083
1010 1038
1208 1258
1345 1375
1418 1448
2436 2526
3229 3279
3607 3645
6449 6521
6459 6531
6463 6535
6464 6536
6467 6539
6471 6543
6482 6526
6489 6513
6497 6521
12997 13047
12999 13049
13000 13050
