$SPEC_ID:
GAMWIN
$SPEC_REM:


$DETDESC:

$DATE_MEA:
05/12/2025 07:39:06
$MEAS_TIM:
24661.91 24708.39
$MCA_CAL:
3
1.32118272781372E+001 1.29107522964478E+000 0.00000000000000E+000
$DATA:
0 2047
0
0
0
0
0
0
0
0
0
0
0
0
0
0
0
0
0
0
0
0
0
1122
986
891
892
833
884
886
974
927
888
899
891
858
808
753
813
917
922
951
1044
1060
1102
1199
1173
1160
1268
1395
1562
1687
1863
2047
2057
1970
1798
1753
1506
1429
1358
1383
1262
1342
1325
1173
1135
1046
978
921
833
790
775
783
720
718
718
692
750
697
681
729
648
644
608
656
656
697
680
660
677
766
711
645
745
727
703
664
638
707
743
673
669
685
721
718
696
678
662
627
649
655
658
632
636
645
646
631
591
618
573
604
619
620
582
574
618
576
629
614
545
639
664
663
680
669
622
563
568
561
570
610
623
545
528
557
542
560
588
548
537
590
576
579
563
561
548
569
539
551
559
595
627
680
792
842
902
1016
1099
1125
1147
1201
1193
1053
1066
1061
911
821
720
619
596
528
491
436
423
440
393
388
395
452
375
437
377
442
374
394
436
440
426
416
401
431
408
374
419
463
439
497
515
510
496
526
542
500
539
492
490
432
384
419
356
345
362
294
269
327
317
290
252
309
300
271
307
305
304
315
338
360
375
387
441
452
428
450
460
504
498
520
497
529
558
541
632
536
514
521
555
501
428
413
390
354
329
310
253
227
249
240
229
209
200
187
160
198
194
169
186
163
195
208
175
173
179
175
202
188
200
192
180
182
183
178
187
174
202
167
171
170
159
173
162
181
157
150
143
173
141
144
164
142
142
158
159
154
149
159
123
152
146
121
164
144
164
162
158
156
165
149
163
149
157
149
156
170
169
158
158
161
162
166
183
157
155
156
136
146
143
142
134
150
132
130
136
121
146
155
142
156
161
154
157
188
169
172
159
166
240
199
166
190
195
202
187
175
186
176
163
166
134
137
142
139
136
127
130
113
116
119
132
111
124
135
99
121
117
130
104
123
120
113
115
114
107
122
131
140
138
154
154
162
147
182
164
182
193
194
227
201
228
221
252
233
236
266
264
246
245
240
259
245
245
263
275
284
283
257
271
227
304
272
279
277
266
277
265
285
248
211
209
241
200
180
179
171
153
136
114
124
138
113
109
89
94
103
97
114
90
105
103
94
84
114
94
86
90
94
89
109
95
106
109
100
113
89
97
74
93
90
93
95
103
78
99
90
90
87
108
81
82
97
81
68
91
88
84
88
103
95
114
109
73
85
111
100
95
103
88
95
92
111
92
102
101
114
118
103
109
97
113
121
117
100
96
96
108
89
91
99
101
97
87
92
90
88
94
100
88
106
93
104
93
88
120
99
111
111
101
88
100
109
96
104
136
98
115
108
107
91
86
113
109
102
95
86
82
106
96
87
96
108
79
100
93
88
77
71
79
82
97
91
93
60
60
72
82
79
78
77
81
70
85
81
92
72
87
85
94
61
78
83
87
87
84
72
92
93
102
60
85
87
58
86
88
70
79
90
74
80
72
88
67
95
62
83
75
73
95
74
90
64
81
94
81
58
82
72
74
80
90
105
90
97
101
106
106
115
114
128
117
132
123
143
133
123
144
127
126
128
126
111
125
124
97
98
103
94
96
92
107
105
101
97
105
97
88
89
86
103
110
88
89
94
97
99
90
103
83
120
129
112
98
108
122
115
119
116
124
114
122
108
95
100
105
94
80
106
87
86
87
81
93
82
81
71
59
75
65
54
63
66
67
57
72
60
61
63
53
54
64
68
70
74
66
67
62
59
64
50
64
72
78
58
70
72
53
63
67
53
60
72
50
66
62
56
47
79
61
70
54
65
72
60
74
69
71
60
73
52
56
63
64
61
68
64
66
72
69
60
69
57
74
77
76
70
73
58
62
66
65
73
86
72
73
78
72
82
81
85
69
74
98
90
78
96
88
105
85
93
87
92
100
92
96
83
80
86
89
82
84
72
74
67
72
67
68
63
62
93
85
74
67
71
66
61
78
60
78
71
68
67
62
55
64
71
60
51
64
59
70
62
63
69
72
53
63
68
73
66
82
70
49
66
58
79
58
66
66
54
65
63
67
76
49
73
44
73
58
50
47
73
67
60
71
74
61
66
72
65
68
52
67
65
61
62
63
63
61
71
65
53
65
67
56
61
71
48
55
54
59
59
61
43
45
43
43
49
43
51
46
40
30
37
48
43
43
40
25
35
48
40
38
44
38
33
21
40
37
32
28
41
33
23
33
27
35
25
29
28
40
25
39
27
29
25
32
21
29
33
32
34
23
32
28
28
29
27
19
25
36
23
35
28
29
17
37
27
30
32
22
21
23
42
23
32
33
21
33
26
32
37
23
36
29
38
25
32
42
32
28
32
37
27
37
36
45
43
43
38
25
38
36
39
46
31
40
30
41
40
41
39
42
35
45
45
50
43
43
48
57
53
60
66
65
77
83
90
92
90
101
102
126
111
146
123
159
179
169
204
198
209
252
223
266
267
278
293
290
289
288
323
293
279
310
290
276
269
287
283
233
250
243
229
202
190
173
187
159
143
145
130
120
103
104
92
90
85
61
64
60
53
47
42
32
51
34
41
24
35
32
18
40
25
14
31
23
28
24
13
20
26
16
24
20
20
20
14
15
20
15
16
20
25
18
18
16
18
18
16
18
15
15
20
17
18
21
26
21
12
12
12
19
14
21
12
14
20
21
24
21
23
12
18
16
16
12
19
24
16
23
19
15
24
21
28
21
18
23
17
15
18
19
19
20
29
14
8
18
22
29
17
9
22
23
15
17
15
11
15
13
15
11
13
18
21
11
18
15
9
20
18
16
16
13
15
16
18
10
10
9
14
14
13
16
13
12
7
12
16
20
15
15
9
11
11
12
9
19
13
14
18
10
12
13
11
18
8
14
12
11
8
10
16
10
13
16
17
23
20
16
11
19
14
18
20
17
17
9
13
22
14
15
12
16
26
20
18
14
23
24
20
23
20
22
17
21
20
34
20
25
23
19
24
30
30
26
23
32
17
19
30
20
20
21
27
15
22
20
24
25
23
23
14
17
17
14
21
20
17
14
17
10
14
16
9
17
17
8
9
14
16
12
14
10
12
12
15
8
15
7
8
12
15
5
6
15
12
4
13
11
10
9
9
7
6
12
17
10
8
17
13
7
16
15
6
10
9
13
16
12
8
15
6
11
9
10
6
14
9
12
10
10
16
15
11
13
17
9
10
4
10
8
8
8
11
10
5
13
7
8
4
10
8
14
13
9
8
10
9
7
7
6
7
9
9
9
4
10
4
6
8
8
8
10
6
9
7
10
8
8
7
9
8
9
10
8
12
10
13
13
5
6
5
4
7
7
8
9
9
6
10
7
5
9
8
12
6
5
6
6
7
8
8
9
7
13
8
6
8
8
15
7
7
8
8
8
13
7
10
7
2
13
4
13
11
8
11
10
10
9
14
7
6
5
11
7
9
4
4
10
2
6
8
9
9
10
5
9
12
7
7
7
7
7
7
11
11
11
10
8
4
10
10
9
6
16
8
9
9
13
16
10
12
10
13
15
12
7
18
17
16
12
9
12
9
12
9
5
17
13
9
16
11
18
14
16
23
10
9
11
12
11
11
10
11
13
7
13
16
9
13
8
18
10
8
14
13
15
10
10
6
7
10
8
7
12
7
10
14
7
10
14
10
13
9
7
5
13
12
7
10
7
10
7
12
12
12
6
15
9
6
9
13
6
10
13
7
11
13
16
13
11
6
12
9
13
9
9
14
13
8
13
16
13
12
9
10
7
10
13
4
8
11
6
9
7
11
4
6
9
3
6
5
7
9
14
6
10
9
4
6
15
8
15
4
13
7
13
8
5
8
7
5
8
10
12
5
7
7
7
6
5
13
11
9
8
7
10
6
7
12
8
7
8
11
11
8
9
5
13
12
7
12
7
11
7
9
5
6
7
9
10
10
9
5
10
8
14
5
8
7
7
16
7
12
14
9
6
9
8
7
5
9
8
9
10
5
4
8
3
8
6
5
7
5
4
8
5
8
7
8
6
9
4
4
9
10
4
10
9
14
8
10
8
5
8
10
3
7
4
4
5
6
9
6
6
3
4
8
7
5
3
3
2
9
7
3
8
6
9
6
7
4
9
5
7
9
6
4
5
1
4
6
4
7
4
6
5
10
9
5
6
11
11
5
5
6
8
3
3
4
5
4
11
3
4
6
9
6
6
3
5
5
3
5
5
7
4
6
3
3
6
4
3
3
5
5
5
10
11
7
3
3
3
1
6
2
5
7
2
6
4
3
2
6
2
3
5
7
5
7
6
3
6
3
5
5
6
3
1
4
8
12
7
5
8
5
5
3
10
6
13
9
8
3
7
11
10
15
11
4
10
15
15
9
15
14
21
11
11
14
14
22
27
16
26
18
22
19
25
18
23
21
21
21
16
27
21
21
19
21
21
14
25
20
23
24
20
21
18
13
16
10
19
17
10
9
12
13
11
8
13
15
7
4
11
8
9
10
11
6
3
9
8
3
6
4
9
2
6
5
5
2
6
6
2
5
2
6
5
8
5
4
9
4
8
3
2
3
4
2
2
3
2
3
5
4
4
3
4
5
3
2
3
6
3
5
1
3
5
4
5
6
0
3
1
2
5
2
3
3
4
2
4
1
2
1
4
5
7
2
3
5
2
3
2
2
4
9
3
3
4
6
1
4
3
6
5
4
5
4
$ROI:
42
143 193
144 194
424 531
429 529
440 544
440 545
440 549
443 544
443 553
490 516
604 1134
679 1395
772 934
800 953
827 855
828 856
840 1946
849 1974
857 2002
872 900
880 1058
887 915
914 1083
1010 1038
1208 1258
1345 1375
1418 1448
2436 2526
3229 3279
3607 3645
6449 6521
6459 6531
6463 6535
6464 6536
6467 6539
6471 6543
6482 6526
6489 6513
6497 6521
12997 13047
12999 13049
13000 13050
