$SPEC_ID:
GAMWIN
$SPEC_REM:


$DETDESC:

$DATE_MEA:
05/09/2025 06:35:42
$MEAS_TIM:
25918.64 25998.32
$MCA_CAL:
3
1.32118272781372E+001 1.29107522964478E+000 0.00000000000000E+000
$DATA:
0 2047
0
0
0
0
0
0
0
0
0
0
0
0
0
0
0
0
0
0
0
0
0
2692
2511
2397
2298
2156
2233
2309
2409
2478
2418
2421
2266
2316
2349
2261
2336
2303
2607
2756
2966
3232
3408
3578
3638
3787
4063
4405
5002
5674
6609
7030
7054
6760
6294
5662
5146
4485
4290
4264
4206
4186
3864
3823
3471
3130
2866
2563
2253
1960
1869
1727
1677
1731
1709
1632
1638
1654
1593
1603
1648
1573
1582
1611
1601
1654
1623
1626
1646
1693
1772
1693
1725
1761
1652
1716
1721
1732
1736
1750
1755
1748
1725
1683
1694
1759
1744
1762
1685
1648
1660
1689
1644
1697
1605
1563
1592
1525
1574
1558
1528
1535
1585
1629
1758
1802
1851
1932
2052
2138
2132
2190
2039
1999
1921
1868
1694
1584
1671
1642
1621
1533
1446
1388
1472
1491
1468
1479
1398
1500
1373
1371
1349
1363
1325
1389
1407
1336
1469
1493
1675
1938
2047
2333
2628
2706
3048
3241
3387
3439
3343
3262
3028
2801
2418
2269
1997
1757
1433
1365
1236
1176
1097
1113
1065
1116
1031
1026
1112
1119
1093
1047
1119
1069
1105
1102
1108
1219
1192
1229
1261
1389
1486
1613
1743
1781
1983
1984
2145
2154
2153
2063
1974
1847
1711
1573
1418
1288
1144
990
882
856
789
756
754
780
740
708
755
766
771
840
906
931
914
1037
1086
1217
1270
1362
1470
1528
1773
1946
2114
2245
2455
2661
2615
2658
2800
2638
2673
2462
2306
2147
1852
1666
1441
1233
1109
865
758
715
582
565
574
518
507
495
457
472
476
464
513
403
476
495
447
478
472
488
467
484
445
485
477
448
480
464
435
441
484
434
436
443
421
443
383
409
379
411
375
384
376
397
345
349
348
322
350
357
346
318
333
350
337
333
358
332
343
348
361
340
348
376
359
378
384
358
401
392
367
375
379
412
334
339
334
340
354
357
314
342
320
316
334
323
339
328
334
340
306
314
351
319
310
369
362
375
391
411
385
420
403
421
442
391
380
389
367
367
378
383
356
307
309
305
330
292
291
293
285
274
257
275
262
272
278
276
270
284
273
284
272
289
254
257
290
304
296
314
320
315
302
326
436
386
406
431
461
485
503
550
570
577
626
684
632
629
706
661
758
771
809
837
867
897
955
1008
1071
1155
1217
1301
1301
1391
1399
1309
1357
1397
1335
1295
1285
1193
1123
1007
901
783
780
690
597
536
481
457
359
353
285
304
260
248
221
215
206
217
228
188
209
214
212
216
241
196
252
238
212
231
211
234
233
218
255
226
219
220
250
206
197
201
198
222
189
200
206
188
199
155
206
173
203
210
189
202
180
195
205
211
217
212
186
198
206
223
219
231
208
232
247
249
246
248
250
247
247
235
222
227
233
241
200
236
248
215
247
238
236
203
193
236
237
233
228
218
244
233
221
227
258
257
269
284
257
297
267
272
275
273
270
299
301
281
263
290
259
269
247
239
262
230
253
266
286
242
252
248
231
229
212
238
219
220
190
187
201
192
156
208
159
204
181
194
177
195
196
162
184
185
194
177
181
174
181
183
182
195
192
191
195
168
198
176
188
185
183
174
164
181
179
192
164
173
169
179
188
142
158
163
180
154
184
161
169
150
199
154
157
188
141
171
157
158
167
187
181
175
196
207
203
214
231
233
257
254
250
285
251
281
302
302
296
281
296
333
274
302
279
281
281
248
282
267
213
233
245
238
246
218
250
228
228
239
204
225
198
210
196
193
219
225
214
203
210
211
227
243
240
249
251
251
245
231
228
251
248
222
218
228
220
204
219
175
179
180
204
202
157
178
180
133
160
154
155
132
141
126
154
136
127
130
137
116
131
109
125
135
130
120
118
130
116
122
125
108
128
112
124
126
114
104
104
82
109
131
123
109
134
143
113
103
129
94
134
103
102
107
108
126
113
105
112
114
92
93
111
99
129
111
113
127
137
106
138
109
122
104
128
121
130
129
140
153
117
155
152
145
146
150
186
159
173
197
205
188
226
233
233
209
248
251
244
262
258
271
243
273
253
253
286
255
244
269
234
246
207
222
222
189
161
217
197
171
161
186
162
167
140
142
121
137
154
136
158
118
124
121
99
105
124
120
132
114
118
105
108
105
117
105
96
108
104
105
82
99
105
111
120
100
111
111
110
100
105
100
110
101
101
111
107
134
131
120
121
131
111
137
141
132
117
136
133
136
133
130
149
123
150
148
146
149
166
144
162
129
133
153
145
127
145
131
93
132
135
136
134
119
110
103
118
108
97
103
109
94
111
87
96
82
79
71
92
93
85
79
94
91
83
88
91
74
85
72
76
70
80
73
72
75
81
67
52
61
79
82
59
58
70
65
58
60
54
63
71
60
78
62
59
62
60
55
76
80
61
71
60
72
69
47
70
84
72
69
72
65
66
71
66
75
79
83
78
96
93
101
87
97
101
99
105
85
107
110
104
99
106
111
117
128
115
114
102
113
123
103
112
115
111
110
99
106
95
118
97
109
102
118
124
93
115
101
118
101
100
94
80
102
116
105
110
105
121
111
108
111
138
157
129
117
133
152
153
165
154
195
213
196
232
226
226
264
254
282
253
285
310
298
288
283
320
273
263
284
263
260
272
263
248
210
200
212
193
201
179
179
145
143
152
141
114
106
125
105
102
98
100
104
103
81
91
91
77
85
77
68
73
73
73
68
67
69
77
73
66
53
68
59
63
60
65
75
49
73
61
56
50
59
63
52
65
50
43
57
52
39
41
59
44
44
48
46
48
57
50
50
41
57
57
38
62
45
46
57
44
47
52
53
55
65
50
43
55
38
69
52
43
53
48
49
51
52
43
68
42
60
57
50
61
56
40
53
46
47
49
49
35
50
43
32
37
47
38
43
46
36
48
42
37
47
39
46
39
40
42
43
31
51
39
36
40
36
36
42
35
41
34
37
28
43
40
28
50
34
40
44
44
33
27
24
37
33
37
32
36
33
41
46
35
47
32
40
32
39
42
40
40
31
41
42
34
48
47
41
47
39
77
51
46
49
44
64
56
72
67
47
73
67
65
72
82
86
79
76
68
65
93
90
92
98
116
86
120
86
110
96
126
104
120
102
124
102
121
119
114
111
116
112
120
117
113
111
112
102
106
112
89
80
93
68
83
80
70
57
61
43
49
58
46
41
44
45
32
34
33
40
37
32
28
32
33
32
40
27
32
32
29
32
39
25
28
44
45
33
44
28
22
39
44
34
37
31
37
30
40
38
27
32
42
37
31
36
46
28
41
31
46
26
41
29
30
33
34
34
35
31
27
21
21
18
24
29
19
29
23
20
25
20
22
16
34
25
31
23
27
18
35
28
30
21
18
24
25
20
25
20
29
21
22
19
20
17
16
22
20
22
22
13
20
23
21
27
22
16
22
15
23
25
29
30
24
19
28
15
23
16
19
17
17
26
14
28
16
15
15
23
29
18
20
21
20
12
15
17
19
11
12
17
21
17
18
19
18
21
15
18
21
14
26
12
14
24
19
16
15
17
11
13
24
21
21
12
19
11
20
17
12
11
22
27
21
20
22
11
9
10
15
21
15
16
16
16
19
22
24
14
20
17
17
26
14
14
16
16
13
18
21
15
24
21
18
20
23
14
19
14
18
21
25
27
28
21
21
23
29
32
30
22
26
22
20
21
34
31
31
29
35
24
31
24
36
38
42
30
21
30
34
26
33
35
32
28
34
26
28
27
22
34
25
31
29
18
24
27
31
18
17
25
22
20
19
15
19
25
25
21
16
23
23
23
31
18
23
22
19
24
30
28
22
32
33
26
32
23
33
32
36
30
32
26
37
30
37
35
30
40
40
36
34
39
44
36
33
22
35
30
35
38
25
31
38
32
34
30
25
30
27
36
29
23
28
22
31
14
17
23
19
14
29
20
23
12
16
19
18
21
18
14
22
15
17
24
19
16
12
18
14
16
9
24
19
17
23
28
15
13
20
23
19
15
12
20
14
20
14
25
16
11
14
12
13
12
22
13
19
14
17
19
23
15
23
12
14
16
12
23
22
15
13
16
26
16
10
15
18
20
15
15
18
15
13
22
15
19
19
6
14
10
9
12
16
13
12
16
9
21
13
15
12
15
13
18
14
10
11
15
14
14
9
11
14
13
13
13
17
9
11
12
12
9
14
13
9
11
9
13
10
16
10
10
13
12
13
7
6
5
7
9
11
10
15
9
12
13
12
16
14
6
20
17
10
14
16
15
17
12
18
14
15
13
10
8
11
17
10
14
16
10
17
17
14
12
5
9
7
11
8
13
11
6
5
7
13
11
14
13
13
10
10
12
10
7
11
7
6
13
10
10
9
5
8
5
12
6
10
8
7
7
9
10
8
7
6
6
7
4
3
7
10
5
4
9
10
7
7
7
8
5
8
12
13
9
10
10
14
6
9
11
13
15
14
10
11
16
16
15
17
13
13
21
16
22
20
16
25
27
32
23
20
32
29
31
29
40
23
33
38
49
36
35
38
48
57
48
38
54
50
44
43
39
39
53
53
43
46
43
50
38
47
38
34
38
41
48
48
39
36
37
34
21
30
21
39
17
22
17
20
22
14
16
12
11
12
14
15
15
16
15
7
7
5
9
7
3
8
10
10
4
6
5
8
5
11
7
10
8
8
8
8
5
8
9
2
2
5
6
4
9
9
2
8
5
5
8
6
8
7
5
5
3
1
4
3
4
9
4
4
2
5
6
6
5
5
5
10
8
7
7
6
5
4
2
9
4
4
6
3
7
2
4
7
8
4
3
6
5
3
4
7
7
7
3
4
8
6
4
9
7
4
5
4
5
$ROI:
40
144 194
424 531
429 529
440 544
440 545
440 549
443 544
443 553
490 516
679 1395
772 934
800 953
827 855
828 856
840 1946
849 1974
857 2002
872 900
880 1058
887 915
914 1083
1010 1038
1208 1258
1345 1375
1418 1448
2436 2526
3229 3279
3607 3645
6449 6521
6459 6531
6463 6535
6464 6536
6467 6539
6471 6543
6482 6526
6489 6513
6497 6521
12997 13047
12999 13049
13000 13050
