$SPEC_ID:
GAMWIN
$SPEC_REM:


$DETDESC:

$DATE_MEA:
04/25/2025 07:09:16
$MEAS_TIM:
27473.35 27563.38
$MCA_CAL:
3
1.32118272781372E+001 1.29107522964478E+000 0.00000000000000E+000
$DATA:
0 2047
0
0
0
0
0
0
0
0
0
0
0
0
0
0
0
0
0
0
0
0
0
3434
3084
2848
2921
2937
2999
3275
3392
3432
3456
3736
3462
3357
3174
3186
3283
3345
3690
4074
4300
4685
5042
5126
5255
5235
5536
5925
6846
7632
8465
9127
9510
9000
8556
7681
7051
6341
6139
5961
5824
5902
5815
5530
5109
4492
4092
3515
3080
2742
2577
2222
2301
2126
2251
2124
2121
2109
2115
2091
2018
2072
2030
1989
1983
2060
2022
1983
2067
2061
2188
2136
2123
2143
2137
2215
2095
2113
2196
2285
2209
2188
2248
2171
2280
2201
2247
2180
2170
2090
2189
2156
2078
2064
2061
2009
1905
1959
1984
1873
1916
2034
1972
2167
2245
2352
2627
2871
2967
2966
3014
3050
2997
2769
2723
2600
2359
2185
2041
1945
1875
1857
1758
1796
1765
1844
1768
1808
1738
1682
1686
1628
1599
1589
1619
1606
1668
1686
1764
1818
2079
2264
2475
2749
3106
3402
3688
3851
3919
3981
4023
3713
3593
3365
2960
2595
2371
2093
1879
1724
1522
1525
1453
1344
1370
1330
1307
1333
1387
1466
1394
1462
1385
1484
1485
1465
1469
1481
1528
1634
1742
1748
1974
2071
2339
2349
2561
2708
2847
2928
2749
2797
2492
2434
2245
1999
1828
1631
1410
1302
1151
1083
1027
926
926
916
931
933
947
950
996
1012
1128
1134
1177
1284
1395
1429
1568
1742
1862
2083
2276
2431
2869
3053
3334
3443
3641
3576
3756
3635
3372
3251
3104
2830
2430
2122
1938
1658
1394
1186
1029
914
804
695
756
670
556
609
602
576
553
569
615
553
591
585
608
601
558
607
616
615
628
564
576
586
601
573
622
618
612
588
562
557
548
583
529
514
504
495
491
471
466
425
427
473
410
448
474
428
404
431
415
416
412
442
464
457
433
448
431
450
458
462
472
446
458
502
503
491
453
476
472
497
442
456
467
399
467
424
413
423
391
381
378
405
389
389
394
382
401
413
402
435
404
405
473
441
462
465
493
452
449
479
483
454
470
476
447
426
424
397
409
413
361
386
347
360
320
341
333
364
322
309
353
314
310
356
322
347
309
338
288
330
304
315
373
322
353
386
381
398
406
427
455
428
543
525
554
606
675
636
674
733
719
769
797
825
838
834
882
976
1035
1039
1088
1184
1289
1367
1467
1530
1595
1687
1759
1780
1881
1836
1845
1754
1761
1719
1489
1548
1500
1261
1144
1054
900
815
729
678
581
515
485
414
387
353
346
300
302
317
305
329
302
320
309
324
309
333
340
354
323
379
369
402
377
408
381
337
347
385
348
339
324
349
287
314
289
271
291
266
278
257
228
264
238
232
262
247
287
262
275
284
252
250
281
262
270
265
274
253
262
271
306
251
282
285
302
291
275
287
295
298
310
293
272
314
286
301
243
285
286
307
288
250
255
285
292
278
286
295
322
319
329
336
301
339
396
393
359
367
381
374
364
365
392
382
335
364
348
362
359
355
330
342
334
302
325
307
333
299
301
297
243
300
297
253
242
312
294
252
255
260
249
220
246
243
244
236
265
222
240
231
237
228
244
232
206
223
237
234
228
214
243
212
245
223
251
211
233
222
224
219
234
207
221
222
225
206
236
199
209
214
199
206
208
205
204
209
202
233
205
204
210
185
211
218
219
234
228
251
218
238
229
246
255
276
281
269
304
294
330
309
301
308
350
351
354
361
351
352
339
385
351
336
368
332
328
315
301
264
260
282
272
289
283
250
275
234
234
230
293
251
269
265
258
252
231
247
269
276
246
262
283
243
271
283
297
290
292
286
292
280
255
280
258
277
273
272
215
260
214
205
225
228
201
219
194
167
183
184
205
172
190
180
197
180
184
166
163
163
153
153
147
161
138
130
156
174
155
157
142
144
151
146
128
153
143
145
139
132
139
144
150
147
146
148
132
168
148
136
128
140
147
141
146
140
147
155
157
128
173
138
161
148
141
138
182
126
166
151
163
154
163
167
163
165
160
179
213
187
180
183
204
226
208
246
257
253
253
263
252
298
279
309
325
316
320
340
350
399
342
394
363
376
328
376
329
345
339
275
300
295
284
303
256
253
222
249
223
191
192
198
207
171
163
179
155
169
151
183
132
144
151
138
152
147
169
154
145
146
133
153
154
158
142
122
142
146
164
144
154
121
139
144
136
147
156
156
120
140
133
137
162
162
147
153
155
140
159
146
170
173
168
161
171
138
177
182
162
173
181
174
226
186
191
193
183
203
220
197
206
201
179
179
172
168
175
161
174
180
148
140
155
141
155
143
140
147
118
116
134
126
116
131
103
110
96
97
107
105
114
120
116
123
104
126
117
104
107
88
97
86
97
87
91
76
95
84
70
100
89
96
98
104
68
84
86
96
82
74
77
85
74
93
87
87
88
69
98
76
89
81
84
90
94
62
85
78
87
80
87
82
96
106
118
110
109
108
115
104
113
101
118
102
105
113
143
142
143
132
141
141
154
128
157
129
135
150
148
144
148
151
142
140
163
135
125
165
143
141
143
120
137
134
149
140
119
132
120
142
134
131
139
182
145
152
158
150
147
177
168
207
183
198
225
227
232
265
248
287
292
292
313
323
359
330
349
362
385
365
383
387
412
412
382
392
360
354
368
358
343
324
314
306
283
294
254
260
238
227
207
212
203
173
163
144
146
144
127
152
133
121
135
115
120
105
87
96
120
113
92
107
106
81
101
98
71
66
85
109
92
81
78
68
91
65
90
67
67
68
58
67
56
76
70
53
54
54
57
65
66
82
63
56
55
56
64
55
64
42
41
54
53
51
51
47
64
61
57
61
72
64
64
52
50
76
63
69
69
71
56
69
67
68
53
59
63
57
78
61
64
56
65
44
47
71
70
56
42
61
39
62
59
49
64
40
49
49
50
58
44
42
59
61
52
48
31
54
46
41
50
51
52
56
42
59
43
53
50
54
45
49
43
41
62
53
37
38
48
48
54
48
41
50
40
38
47
49
40
44
49
41
47
45
54
48
51
43
42
52
49
59
55
50
48
57
59
47
67
63
66
65
68
68
84
77
75
66
74
91
89
69
92
75
68
107
100
114
112
120
118
124
119
145
142
132
147
151
151
129
157
171
168
152
147
166
174
164
142
154
151
153
154
153
142
122
148
131
129
118
113
90
97
90
89
88
81
64
72
88
60
65
59
45
61
47
60
54
43
41
35
33
41
40
46
47
38
44
44
36
33
31
31
48
41
34
44
40
43
39
42
47
39
47
53
39
48
41
40
32
46
40
45
45
54
33
47
37
46
43
39
34
35
36
47
46
34
35
22
34
29
25
23
19
41
25
27
26
27
35
38
24
25
30
33
35
34
18
28
23
32
24
20
27
27
35
30
28
31
21
24
32
34
23
22
31
22
19
26
25
24
26
19
20
26
18
18
19
26
19
23
25
24
24
24
27
28
24
28
20
16
21
17
20
21
16
18
20
19
31
22
24
22
17
30
21
17
22
21
20
18
16
27
20
26
23
23
20
21
17
22
17
24
26
20
19
21
13
11
19
23
18
28
23
20
20
21
9
21
27
19
19
16
13
24
15
18
20
14
18
21
16
17
16
19
10
22
19
12
26
16
24
22
21
29
22
16
19
29
19
25
21
26
22
35
24
25
24
21
20
21
24
21
18
16
26
24
32
22
22
22
36
25
26
28
37
28
40
40
39
39
33
41
36
38
32
34
29
42
30
26
32
24
34
27
27
39
28
35
27
28
28
38
33
28
25
36
32
24
25
27
19
33
17
21
20
20
28
18
33
28
25
32
28
34
28
29
19
25
35
24
28
39
37
42
43
36
33
44
34
39
45
48
57
39
27
37
60
50
43
40
65
33
47
47
48
45
63
49
45
39
46
35
29
43
37
30
44
45
37
19
31
35
21
42
36
24
22
24
31
20
23
16
14
20
23
22
25
21
20
24
18
23
18
21
15
18
15
15
11
16
17
17
25
14
27
15
14
15
15
19
16
16
22
20
23
21
20
27
16
23
13
15
20
18
11
16
16
22
16
19
16
16
13
16
9
15
20
12
20
19
14
19
24
17
16
16
19
21
10
20
15
16
16
11
18
10
21
22
24
10
16
18
9
14
12
20
9
10
16
16
18
14
13
14
10
16
15
12
13
11
12
25
20
17
9
15
14
12
12
16
12
6
15
14
23
16
17
17
10
12
7
9
11
15
13
17
16
12
15
9
8
15
21
12
13
15
21
13
15
19
15
14
22
25
12
13
14
23
16
12
18
14
15
13
15
15
14
18
17
18
16
20
9
13
13
15
13
16
13
13
4
13
12
6
7
8
6
8
9
11
12
7
17
15
11
10
4
11
13
12
9
15
9
14
13
5
6
6
7
10
8
9
10
8
8
11
8
5
12
8
9
6
13
4
7
9
6
11
10
8
7
7
7
13
12
12
7
10
9
11
10
9
17
17
14
16
11
12
22
27
22
20
23
23
24
27
26
18
38
37
31
35
33
35
26
30
53
38
25
47
55
51
54
38
62
49
54
54
51
63
51
46
52
53
57
47
55
56
47
51
57
46
46
58
47
39
48
38
46
38
29
42
41
25
27
21
22
18
22
22
23
17
20
11
17
10
11
10
7
9
13
9
11
11
9
9
18
5
9
8
3
6
1
7
9
7
5
7
5
8
3
10
7
12
9
6
5
8
5
7
10
5
5
4
1
9
6
6
3
4
8
3
9
5
7
2
8
5
6
3
9
6
4
7
3
3
5
2
2
5
5
2
5
6
10
7
3
4
5
11
3
4
3
5
6
7
5
6
7
6
6
7
8
3
4
12
8
4
3
6
7
6
10
5
6
$ROI:
39
424 531
429 529
440 544
440 545
440 549
443 544
443 553
490 516
679 1395
772 934
800 953
827 855
828 856
840 1946
849 1974
857 2002
872 900
880 1058
887 915
914 1083
1010 1038
1208 1258
1345 1375
1418 1448
2436 2526
3229 3279
3607 3645
6449 6521
6459 6531
6463 6535
6464 6536
6467 6539
6471 6543
6482 6526
6489 6513
6497 6521
12997 13047
12999 13049
13000 13050
