$SPEC_ID:
GAMWIN
$SPEC_REM:


$DETDESC:

$DATE_MEA:
04/09/2025 14:33:36
$MEAS_TIM:
60659.41 60763.66
$MCA_CAL:
3
1.32118272781372E+001 1.29107522964478E+000 0.00000000000000E+000
$DATA:
0 2047
0
0
0
0
0
0
0
0
0
0
0
0
0
0
0
0
0
0
0
0
0
2498
2355
2199
2202
2177
2240
2197
2225
2145
2127
2100
2023
1982
1942
1906
1849
1785
1973
2030
2077
2155
2221
2163
2281
2374
2378
2532
2862
2988
3380
3499
3558
3456
3327
2981
2748
2658
2512
2542
2395
2378
2316
2247
2071
1988
1873
1776
1623
1549
1452
1433
1409
1302
1419
1392
1355
1343
1360
1310
1298
1339
1207
1294
1261
1277
1296
1211
1303
1380
1364
1328
1349
1343
1358
1329
1335
1347
1296
1202
1302
1240
1281
1191
1232
1223
1220
1196
1245
1211
1153
1143
1132
1156
1046
1134
1123
1118
1102
1038
1100
1153
1067
1073
1119
1132
1085
1156
1100
1174
1106
1155
1146
1158
1120
1096
1067
1027
1052
1017
1028
1002
1011
1066
1034
1028
1068
987
1028
1008
1022
1034
1072
979
979
1021
1039
1038
1049
1120
1162
1231
1336
1397
1600
1670
1811
1935
2028
1975
1984
1932
1737
1619
1573
1397
1249
1138
1042
985
830
862
837
810
798
818
796
772
795
771
802
799
809
782
781
810
808
769
793
761
742
802
805
810
771
876
870
893
880
861
921
884
860
837
812
847
812
709
724
609
607
572
585
575
564
582
561
582
561
606
570
575
604
602
681
655
671
700
718
778
751
771
836
801
814
842
929
868
917
924
960
916
929
851
824
789
698
692
634
601
542
538
512
437
450
473
451
398
347
415
389
408
349
402
383
376
422
399
382
379
356
386
381
342
385
412
346
382
359
382
362
377
392
371
329
332
332
332
359
341
361
347
316
306
317
310
285
295
335
298
318
299
279
290
321
317
271
323
327
329
319
285
331
324
336
347
347
350
328
307
363
339
325
331
366
284
316
321
309
312
306
300
305
311
308
281
262
302
288
317
301
312
312
310
326
320
303
355
350
361
357
403
392
388
423
385
418
425
409
381
434
377
395
387
369
352
354
313
281
314
261
278
269
287
261
267
247
256
252
254
243
236
280
237
256
226
231
268
256
249
271
236
273
267
260
299
267
305
270
355
311
357
326
390
399
400
431
454
440
447
449
457
474
439
447
456
445
448
456
446
452
440
468
424
463
478
454
468
449
459
455
412
468
413
446
436
361
338
326
322
309
298
249
249
251
230
236
210
216
248
203
198
212
258
200
214
195
228
230
221
216
181
230
213
230
223
245
204
213
219
230
202
216
190
191
214
177
196
197
181
216
172
218
209
198
193
174
206
191
206
200
187
207
239
220
210
201
235
214
191
203
220
200
215
209
227
224
198
224
227
220
232
220
257
218
221
239
249
241
207
217
193
217
206
211
199
216
235
198
215
187
217
187
180
232
210
228
202
208
202
212
202
203
235
224
208
221
225
206
238
210
250
234
226
219
245
184
216
209
218
219
213
214
208
203
193
205
204
185
191
188
210
207
238
201
186
210
173
189
188
208
188
165
172
178
177
166
179
189
216
200
176
207
173
187
186
175
165
183
173
183
182
187
199
179
196
172
192
178
201
193
193
186
183
172
185
196
188
192
180
170
168
198
150
178
170
190
192
164
173
199
188
181
168
192
194
213
197
198
237
219
225
244
238
258
251
247
247
253
278
250
296
297
255
268
229
246
242
236
226
233
237
227
224
217
219
233
202
199
209
200
198
196
218
219
190
201
190
213
209
225
226
240
224
221
241
274
230
219
218
248
232
234
238
239
215
253
227
230
230
218
230
209
207
201
195
189
179
186
180
194
188
174
174
165
172
157
184
138
165
147
181
144
182
158
156
168
149
153
144
165
160
127
145
160
163
155
162
156
149
153
131
169
149
150
160
142
154
162
174
170
179
156
146
177
168
169
195
160
186
167
171
154
179
159
162
155
152
156
204
156
184
194
159
182
169
163
176
169
157
161
172
168
180
167
195
190
165
190
183
180
191
201
217
178
182
190
201
184
218
180
223
210
218
222
231
185
211
198
194
203
195
221
215
207
194
226
195
209
180
239
201
189
186
170
183
185
187
196
197
176
191
199
181
185
200
186
162
164
194
187
186
195
170
208
182
179
200
153
183
198
208
210
165
202
177
188
173
179
199
177
177
194
197
220
194
185
184
172
191
182
201
190
188
188
185
188
214
184
167
201
198
165
198
184
178
188
179
189
176
162
156
197
178
158
150
182
160
167
165
144
163
159
134
143
127
118
129
119
124
122
136
107
110
119
93
90
109
96
97
87
95
99
102
120
87
80
83
88
77
76
86
69
76
77
82
78
85
72
66
83
85
72
74
76
70
80
61
58
65
82
61
72
65
69
62
64
68
79
66
63
65
65
66
46
61
52
51
57
53
52
55
56
60
67
59
56
58
68
70
50
70
60
64
58
66
69
52
49
57
64
70
73
66
76
61
68
60
61
65
59
69
69
68
64
64
58
87
63
69
69
78
86
95
84
84
84
87
85
98
100
100
92
122
121
128
136
156
167
167
208
201
266
262
270
296
308
358
370
419
466
491
587
607
624
676
652
665
689
794
812
903
912
924
911
979
978
984
976
966
952
937
953
934
914
776
798
765
751
728
643
605
546
526
499
452
447
362
357
276
285
234
232
191
160
147
139
131
95
104
96
72
86
68
70
66
54
50
50
44
55
50
47
36
42
41
29
33
40
48
47
39
48
38
32
30
41
31
25
29
28
32
28
21
34
24
28
29
34
30
32
30
34
24
34
34
24
32
35
23
29
35
31
39
34
28
32
33
33
27
36
49
39
40
44
42
42
38
31
27
35
40
37
33
22
22
35
28
34
36
18
32
36
31
33
43
29
35
34
37
37
33
26
37
28
45
32
28
31
23
34
31
29
28
28
25
32
20
14
29
30
24
22
27
19
25
27
21
25
19
27
21
30
26
30
31
27
17
22
21
22
27
32
24
31
22
17
27
24
22
30
26
20
27
13
29
26
25
27
23
25
15
28
23
29
23
30
20
26
19
29
40
22
30
28
24
28
40
28
31
45
28
41
43
40
28
44
32
42
41
41
40
48
36
43
26
47
39
31
34
48
38
41
37
34
36
49
33
44
37
36
47
33
30
35
35
31
27
34
24
36
32
36
24
25
32
35
22
24
27
34
19
23
33
18
22
20
17
14
21
16
19
15
17
21
26
22
18
25
25
20
25
15
24
23
25
21
18
13
19
25
21
12
22
25
27
25
25
17
22
20
30
23
16
15
19
23
21
24
21
19
24
15
21
25
22
23
20
18
22
6
21
23
23
10
14
21
15
18
16
14
18
13
25
15
12
24
15
21
15
22
19
24
13
14
14
16
19
13
10
14
21
23
19
15
16
9
22
18
12
15
20
15
15
14
19
18
18
22
15
14
15
17
17
16
14
10
15
17
15
20
17
14
17
18
20
19
20
10
16
16
27
18
19
12
13
17
19
5
23
21
24
14
19
16
16
12
19
19
13
20
19
12
23
19
13
14
23
14
18
17
17
14
17
7
20
19
17
13
15
24
15
15
16
15
13
18
14
13
21
15
17
12
15
22
13
22
11
21
15
11
19
13
20
15
14
17
15
18
15
16
10
25
16
15
18
20
20
25
13
28
23
34
15
23
18
30
18
16
14
21
23
16
12
24
30
20
35
25
16
28
28
16
29
19
17
23
27
24
26
21
17
17
14
16
20
18
16
23
17
18
24
24
18
24
18
25
19
20
24
18
17
23
13
15
12
13
14
16
12
17
19
19
24
23
15
17
9
20
21
15
17
18
20
12
17
21
24
24
18
23
19
21
19
16
15
21
14
26
34
16
16
16
14
14
24
18
18
30
18
25
15
15
17
17
23
21
14
15
24
19
18
18
19
15
19
19
18
20
16
19
15
16
15
14
15
17
13
17
23
18
10
15
17
18
16
21
16
17
20
14
17
20
19
23
16
9
15
15
11
20
19
23
21
23
11
19
9
17
14
17
20
21
9
9
18
17
13
18
11
11
18
16
9
15
14
22
12
19
21
11
8
18
23
13
20
17
11
24
13
20
12
12
24
14
18
16
13
18
24
15
12
16
19
15
14
10
16
15
18
20
19
14
12
16
14
13
21
10
14
18
14
16
15
7
14
13
18
18
16
14
10
14
12
19
18
10
11
12
16
12
14
11
11
8
11
8
15
17
13
14
17
19
18
6
14
7
12
11
8
11
9
15
12
14
13
14
7
12
11
20
13
12
10
13
8
12
11
15
6
15
10
15
13
12
11
11
11
16
11
11
16
12
14
18
11
15
13
13
8
11
15
13
6
9
8
9
11
17
7
13
4
10
10
7
12
12
7
9
9
12
17
10
16
9
10
7
9
12
13
12
12
8
12
9
6
10
7
21
7
9
5
16
18
10
11
16
11
13
13
15
14
13
20
18
17
19
14
12
23
15
11
10
23
20
25
17
17
30
17
28
31
22
29
22
28
20
30
37
32
37
30
40
34
34
30
31
35
46
33
41
32
27
38
35
32
43
37
37
31
36
37
35
35
37
38
21
28
24
17
30
30
16
24
24
12
18
23
23
17
18
15
16
21
18
12
14
15
12
13
19
12
8
8
8
5
13
8
11
15
11
4
10
13
6
9
9
8
7
11
8
14
10
9
14
9
10
11
10
7
7
9
11
12
9
9
7
9
13
8
8
7
12
14
17
7
10
11
3
18
9
8
10
7
2
5
14
5
8
11
14
14
13
14
7
14
10
11
10
6
8
14
14
6
6
6
8
10
8
18
9
11
7
10
10
9
12
6
$ROI:
39
424 531
429 529
440 544
440 545
440 549
443 544
443 553
490 516
679 1395
772 934
800 953
827 855
828 856
840 1946
849 1974
857 2002
872 900
880 1058
887 915
914 1083
1010 1038
1208 1258
1345 1375
1418 1448
2436 2526
3229 3279
3607 3645
6449 6521
6459 6531
6463 6535
6464 6536
6467 6539
6471 6543
6482 6526
6489 6513
6497 6521
12997 13047
12999 13049
13000 13050
