$SPEC_ID:
GAMWIN
$SPEC_REM:


$DETDESC:

$DATE_MEA:
04/17/2025 07:37:08
$MEAS_TIM:
27443.65 27504.50
$MCA_CAL:
3
1.32118272781372E+001 1.29107522964478E+000 0.00000000000000E+000
$DATA:
0 2047
0
0
0
0
0
0
0
0
0
0
0
0
0
0
0
0
0
0
0
0
0
1696
1436
1338
1398
1457
1369
1473
1467
1445
1367
1391
1411
1352
1362
1332
1282
1459
1394
1547
1579
1737
1846
1864
1974
1975
2030
2053
2351
2575
2872
2846
2938
2768
2685
2419
2242
2172
2020
1990
1870
2005
1848
1897
1688
1634
1523
1381
1167
1235
1174
1140
1073
1100
1041
1058
1001
1009
1017
1049
1001
962
980
1002
1034
969
1036
974
1027
1062
1089
1093
1144
1016
1077
1038
1007
1028
999
1009
938
965
1006
973
932
1014
982
984
929
912
936
905
924
941
917
847
866
857
860
831
782
834
815
892
884
857
897
906
934
950
993
928
915
906
886
873
843
825
806
791
810
798
756
817
830
838
812
853
867
800
784
787
799
825
837
774
836
771
853
923
1005
1050
1165
1378
1380
1509
1584
1779
1783
1800
1754
1534
1470
1428
1292
1067
1029
890
846
715
709
634
630
656
569
559
578
600
651
607
568
605
624
670
576
638
599
569
553
539
599
581
618
612
606
592
672
669
689
743
714
685
691
691
633
596
554
541
538
436
469
452
434
379
433
398
440
432
469
422
466
449
465
495
526
514
540
572
568
562
642
625
638
668
658
709
721
751
740
673
740
694
706
667
619
576
566
531
424
429
402
370
306
334
301
306
290
282
276
277
311
261
284
270
257
273
269
258
249
245
270
241
261
260
259
307
242
279
240
266
271
256
258
273
243
209
245
266
252
235
248
242
249
207
238
229
222
215
210
225
229
260
209
211
216
226
197
213
235
195
228
205
243
238
207
257
223
216
238
227
223
235
236
224
212
232
228
216
231
203
236
230
216
210
177
214
198
189
187
230
233
227
208
230
238
200
234
229
231
261
243
264
256
294
272
250
276
284
285
265
253
257
235
227
259
204
186
194
208
187
187
185
186
165
183
181
186
184
181
200
162
161
163
190
204
186
166
197
167
177
168
158
189
217
200
231
260
205
232
251
299
307
308
354
337
355
361
372
393
406
359
367
395
334
363
367
365
348
359
374
361
318
337
347
373
366
343
351
352
357
352
311
340
298
296
266
268
276
205
208
217
194
195
178
186
177
171
153
153
143
135
138
153
159
144
143
153
156
137
125
165
136
137
144
128
141
151
149
147
134
136
141
128
121
121
149
147
143
138
122
121
134
163
134
152
132
157
138
142
130
126
153
125
122
149
148
152
146
137
151
136
151
149
147
133
173
160
159
174
159
154
157
174
157
170
179
162
176
158
154
184
198
153
153
149
147
149
160
138
154
134
134
123
138
138
160
145
139
154
148
128
136
167
171
161
148
138
153
145
156
148
141
159
137
152
152
169
140
134
147
139
148
132
157
150
133
156
138
147
117
144
156
137
137
125
121
115
136
134
128
114
133
127
109
137
110
129
119
123
137
122
138
137
130
109
126
106
121
129
123
136
123
136
116
121
130
122
124
116
117
131
127
143
113
149
118
121
115
130
104
120
109
93
123
135
129
120
114
104
114
124
131
128
127
134
131
167
161
160
178
166
175
200
173
202
199
180
203
173
236
217
232
184
182
193
192
180
189
163
188
174
182
156
142
190
144
140
151
149
144
126
152
123
158
132
141
137
131
169
146
169
149
171
152
149
180
178
170
168
175
217
195
161
187
164
167
176
166
187
162
140
157
133
117
147
141
111
127
114
110
103
137
113
119
118
97
106
101
105
88
100
103
98
99
107
100
102
99
90
98
110
114
114
99
95
110
118
124
101
106
96
108
80
110
88
104
106
98
101
99
100
112
111
89
83
101
108
93
105
118
97
96
111
104
93
107
90
104
121
118
120
103
121
94
109
104
112
126
110
111
121
116
94
120
121
125
114
110
110
137
117
111
128
121
156
137
152
157
108
134
151
149
131
150
141
152
124
127
145
137
121
135
123
123
127
149
135
106
104
147
127
132
134
134
128
115
112
115
120
115
112
130
117
108
110
126
108
119
125
104
124
116
109
105
114
118
97
115
114
135
127
116
122
103
111
117
115
126
118
125
131
120
119
122
108
128
116
114
108
119
126
102
105
109
109
144
131
115
123
105
98
123
115
114
104
122
105
102
109
117
104
105
89
98
105
99
102
91
106
81
89
80
88
102
97
84
70
78
83
80
62
86
61
78
87
77
57
72
75
58
66
60
53
62
44
66
51
64
68
50
62
55
49
47
42
46
41
48
48
56
55
50
50
39
48
43
50
49
47
42
55
34
40
43
43
49
34
39
41
33
50
42
39
35
41
43
41
28
46
37
32
33
50
44
40
35
37
48
36
43
37
55
37
31
47
45
43
45
35
39
50
37
54
48
54
40
38
48
46
52
43
53
45
50
52
54
60
52
55
55
44
43
51
65
56
62
56
61
71
59
61
78
65
86
83
82
109
142
123
109
126
137
160
190
192
211
213
246
286
299
312
340
360
402
417
436
412
495
459
488
516
517
555
551
581
568
583
548
569
589
544
552
509
498
513
458
437
452
365
419
345
302
269
247
223
235
219
189
161
176
137
122
106
110
88
70
72
68
69
50
56
48
53
43
46
47
34
25
35
27
27
22
25
33
19
26
22
23
26
35
24
26
23
25
27
20
24
12
25
22
19
15
26
13
21
25
21
30
19
22
18
22
19
17
19
11
29
20
16
21
28
22
34
31
23
28
37
28
27
30
30
22
24
27
37
37
26
27
29
29
22
30
32
21
31
24
29
15
25
23
20
18
20
32
35
19
26
33
30
26
26
24
22
20
23
27
29
10
31
22
18
21
23
18
14
16
23
15
13
18
18
20
16
13
18
14
17
20
13
8
14
16
18
9
17
19
19
13
17
19
8
14
11
16
11
19
17
22
10
16
18
13
14
17
18
21
17
15
16
14
9
18
27
14
19
17
12
26
21
20
17
15
16
21
26
25
24
17
20
21
19
25
24
24
28
27
28
26
18
34
30
25
28
35
33
30
26
22
24
26
37
36
26
32
32
24
24
37
33
34
32
31
27
27
23
36
17
15
27
22
19
15
16
18
21
16
18
12
15
14
19
10
16
13
22
19
13
11
12
14
19
17
15
20
16
9
15
10
22
11
16
15
9
18
17
14
23
17
12
8
15
13
17
8
17
13
18
15
17
15
12
14
12
15
18
10
16
14
14
9
10
12
12
14
12
8
15
9
11
20
11
7
11
9
10
12
14
14
10
14
10
11
12
12
11
7
13
15
13
17
14
13
9
10
7
16
16
9
13
15
8
11
12
8
13
11
13
15
11
10
13
11
10
10
15
9
7
6
7
10
15
9
13
11
16
16
14
12
8
18
12
12
6
10
11
7
12
9
8
11
6
10
11
12
10
19
12
8
11
5
11
10
16
14
10
14
12
13
14
11
13
6
9
9
15
12
8
17
11
15
12
9
12
14
14
12
15
9
12
9
11
11
16
12
8
16
13
11
10
12
13
18
13
16
11
16
12
14
10
9
12
5
11
11
15
9
16
13
12
18
15
10
12
14
12
11
15
13
11
8
16
20
17
17
13
18
19
15
15
18
11
23
19
21
13
11
18
26
10
13
10
21
21
19
15
14
18
18
17
15
10
16
23
11
9
12
14
19
12
9
10
18
12
14
15
16
12
13
13
16
12
10
13
14
9
16
12
21
11
15
12
15
11
10
11
13
17
13
8
9
12
11
14
9
11
11
15
17
10
16
12
10
18
15
15
16
13
16
21
7
14
18
9
20
12
11
13
12
13
20
13
9
14
9
12
17
14
18
12
10
11
14
14
16
13
7
8
14
17
16
9
10
11
23
9
10
13
9
8
13
10
9
16
9
17
14
11
12
11
9
13
10
6
15
10
17
9
14
9
6
11
14
16
8
12
6
12
8
19
13
8
11
13
16
8
16
12
4
15
10
15
16
17
13
9
10
13
4
10
8
6
13
15
15
12
11
19
12
13
12
12
11
7
12
8
9
8
7
12
9
10
9
7
9
10
12
12
12
10
3
12
11
12
9
13
14
14
6
8
4
11
6
4
15
10
10
4
11
8
13
8
17
7
5
11
11
8
11
12
5
5
8
12
8
3
8
9
6
10
4
5
5
4
8
5
6
8
9
7
9
5
8
11
10
9
6
7
6
11
8
11
7
7
7
8
9
13
8
7
13
9
2
7
8
5
9
3
8
5
6
7
4
8
2
7
8
12
5
4
7
6
6
6
9
4
4
7
4
4
4
3
4
6
7
8
5
10
8
3
9
2
10
7
8
2
7
8
7
10
10
11
6
6
6
3
6
1
11
5
5
4
5
11
11
7
9
8
5
8
9
12
11
9
4
15
4
7
11
11
18
15
11
15
12
13
14
20
27
21
27
19
28
24
30
19
35
22
24
28
31
36
35
33
28
30
31
26
24
28
24
33
49
36
30
37
33
29
29
29
28
30
24
27
12
33
23
16
26
14
16
12
22
14
12
9
11
21
9
8
4
26
13
14
8
10
8
6
8
6
4
6
7
7
5
5
4
9
8
3
9
7
7
7
11
5
7
2
5
8
9
8
3
5
3
2
3
6
4
2
6
4
2
1
4
4
0
2
3
8
6
6
5
5
3
4
4
7
5
5
5
2
1
4
8
6
3
5
6
7
2
4
6
3
6
5
6
4
2
4
5
4
7
8
5
4
4
3
4
2
6
4
6
10
5
7
4
4
2
$ROI:
39
424 531
429 529
440 544
440 545
440 549
443 544
443 553
490 516
679 1395
772 934
800 953
827 855
828 856
840 1946
849 1974
857 2002
872 900
880 1058
887 915
914 1083
1010 1038
1208 1258
1345 1375
1418 1448
2436 2526
3229 3279
3607 3645
6449 6521
6459 6531
6463 6535
6464 6536
6467 6539
6471 6543
6482 6526
6489 6513
6497 6521
12997 13047
12999 13049
13000 13050
