$SPEC_ID:
GAMWIN
$SPEC_REM:


$DETDESC:

$DATE_MEA:
04/15/2025 15:04:41
$MEAS_TIM:
57601.01 57719.02
$MCA_CAL:
3
1.32118272781372E+001 1.29107522964478E+000 0.00000000000000E+000
$DATA:
0 2047
0
0
0
0
0
0
0
0
0
0
0
0
0
0
0
0
0
0
0
0
0
2838
2526
2342
2283
2234
2374
2361
2402
2301
2387
2370
2334
2245
2170
2211
2204
2330
2443
2660
2826
2957
3099
3203
3323
3368
3372
3743
4147
4499
5042
5245
5376
5248
4895
4527
4202
3832
3636
3614
3471
3467
3464
3230
3193
2993
2644
2393
2232
2102
1978
1989
1895
1810
1755
1837
1808
1849
1773
1751
1739
1721
1789
1794
1762
1729
1795
1856
1834
1884
1799
1902
1963
1817
1904
1846
1815
1843
1814
1728
1860
1758
1715
1776
1810
1756
1736
1674
1758
1776
1701
1686
1672
1573
1612
1573
1585
1571
1530
1514
1564
1569
1554
1618
1670
1619
1614
1760
1760
1781
1804
1828
1753
1765
1752
1694
1646
1546
1493
1497
1478
1472
1411
1463
1450
1432
1455
1475
1431
1501
1489
1451
1397
1425
1437
1408
1380
1419
1449
1538
1700
1835
2014
2227
2360
2682
2776
2973
3091
3044
2960
2839
2738
2557
2202
2058
1784
1565
1460
1329
1237
1155
1107
1071
1056
1053
1046
1031
1032
1037
1066
1032
1040
1075
1062
1017
1045
1046
1088
1001
1093
1141
1125
1165
1266
1271
1267
1307
1374
1396
1325
1341
1323
1293
1243
1148
1111
1007
903
881
847
731
773
744
749
781
702
779
716
727
778
796
841
853
858
949
956
949
1022
1060
1180
1156
1161
1316
1337
1444
1429
1484
1522
1492
1556
1483
1493
1374
1342
1209
1184
1072
912
807
777
711
605
545
610
538
493
470
456
480
471
447
459
469
477
460
426
465
454
463
458
472
453
488
470
463
422
433
485
414
451
440
476
446
432
429
414
383
420
412
422
431
419
412
382
381
380
373
364
369
397
370
399
390
370
375
388
364
374
405
397
370
417
417
376
400
377
400
430
388
446
382
390
428
439
411
408
389
369
374
389
340
372
334
339
351
375
346
366
363
332
339
356
365
334
391
362
436
386
398
444
457
463
507
448
480
485
464
480
452
470
435
442
405
429
375
381
347
369
361
342
331
309
299
285
293
317
288
280
293
314
276
278
303
307
304
334
298
310
328
320
325
345
333
349
365
376
416
416
431
431
475
481
544
557
546
591
619
619
635
681
646
661
675
629
629
621
640
659
699
710
691
670
748
726
718
754
756
726
744
742
766
658
651
658
599
582
559
475
470
454
375
380
369
330
330
286
294
239
268
264
250
232
260
236
223
242
216
223
239
242
230
258
246
239
241
225
213
250
244
251
248
213
243
252
230
205
229
218
200
228
259
180
230
226
214
218
210
200
218
243
237
231
217
236
244
228
218
221
221
212
242
242
263
229
219
247
245
250
262
271
278
248
251
263
287
278
299
302
259
235
230
280
246
246
255
245
250
244
238
230
234
243
237
232
265
243
246
264
239
239
247
280
247
267
243
255
267
308
261
240
249
266
248
287
275
282
264
227
237
247
245
229
205
240
254
219
243
210
232
217
230
204
198
196
217
212
165
219
193
203
216
190
168
181
210
170
181
199
183
183
212
192
220
203
209
209
198
223
193
192
195
211
198
212
204
221
215
178
178
204
196
149
194
190
213
169
190
173
211
192
179
184
190
192
189
173
174
186
169
193
189
229
214
225
224
235
246
243
247
276
260
277
304
316
296
328
307
324
339
328
326
360
322
308
350
277
316
263
248
279
275
254
244
255
251
225
244
253
234
218
228
242
199
247
209
220
242
225
236
213
257
251
244
241
250
266
272
288
264
255
283
260
282
285
268
268
261
246
233
255
238
229
248
207
228
218
196
184
196
183
174
163
172
174
176
196
150
164
166
144
152
158
158
173
155
156
142
132
137
154
151
139
144
164
127
129
146
138
162
144
161
168
125
156
154
143
157
154
150
173
152
141
144
153
161
142
136
157
135
167
142
143
177
150
136
143
158
144
156
152
149
157
173
164
170
164
157
161
163
184
149
150
184
186
175
180
166
190
190
175
177
173
218
193
223
208
197
196
243
242
215
232
220
209
254
222
217
214
213
216
205
182
203
187
210
196
211
195
209
183
199
190
174
182
178
169
145
173
168
160
169
178
180
156
162
172
164
145
161
145
156
164
152
175
158
138
156
146
203
155
166
159
158
148
168
155
140
169
170
175
176
175
177
139
169
159
182
138
157
181
153
156
161
161
136
167
173
180
159
146
185
157
162
178
162
152
151
164
163
158
172
160
140
155
143
152
160
132
141
137
137
137
130
133
137
146
121
109
117
111
133
122
113
90
106
105
98
106
93
102
80
90
103
110
113
88
101
78
89
87
79
84
94
72
83
83
93
71
81
93
78
69
69
89
72
62
92
60
72
71
77
65
76
60
62
73
62
64
87
71
58
78
83
64
63
62
67
65
72
60
75
63
68
62
82
68
64
72
68
65
72
77
71
60
77
82
96
90
75
91
90
74
93
85
83
78
77
82
111
82
94
82
84
106
84
101
87
92
84
102
109
92
97
91
91
94
96
88
106
108
101
106
123
134
125
134
146
144
153
170
165
205
200
215
247
266
292
302
314
330
347
400
427
403
495
525
534
572
585
611
612
637
628
635
632
669
708
651
696
629
709
611
615
603
547
553
514
503
440
434
401
401
349
363
317
261
235
239
209
201
175
153
158
145
111
115
104
108
88
101
84
79
80
83
99
59
53
53
58
50
54
59
61
58
55
41
58
36
44
54
56
52
42
54
49
56
44
40
48
40
59
41
44
41
32
38
42
37
42
45
41
41
38
41
45
38
38
46
49
50
44
49
55
48
52
46
53
64
51
62
43
68
43
58
63
53
56
44
55
56
51
51
55
66
57
57
48
47
48
51
41
48
56
55
53
44
44
36
54
51
42
48
49
41
36
30
39
40
49
42
39
60
42
46
37
41
46
39
42
36
31
27
34
33
38
35
29
23
32
35
34
39
30
31
31
32
24
38
28
30
37
35
35
25
32
34
27
37
29
30
21
33
44
22
28
28
36
36
29
44
34
47
40
29
30
47
61
39
53
42
34
44
39
46
52
45
53
54
53
60
54
63
62
81
54
50
63
63
58
61
73
56
63
74
50
61
63
64
75
79
53
67
64
82
56
81
62
70
62
62
76
67
56
72
46
45
57
49
46
31
52
43
35
49
38
36
41
41
39
24
28
49
33
27
37
39
25
28
34
24
30
31
23
37
27
20
33
37
35
32
28
25
36
31
27
27
29
24
38
36
26
31
26
27
29
27
43
19
29
35
37
31
26
19
28
34
34
31
19
29
31
22
23
21
24
20
35
36
31
23
23
29
14
21
31
24
22
23
26
21
19
31
30
25
18
29
22
28
33
13
18
21
18
22
16
23
26
21
26
28
24
24
24
20
18
26
25
19
17
20
22
25
20
31
18
23
21
24
28
23
27
26
25
16
25
22
15
22
22
19
16
25
19
27
22
17
23
23
20
30
17
20
31
19
28
15
11
24
20
21
9
28
11
21
21
20
28
19
15
20
22
20
19
20
25
19
20
22
14
32
25
21
24
19
27
19
25
28
15
18
26
30
21
23
27
23
19
27
16
14
15
15
27
12
15
28
17
20
18
25
19
27
24
19
19
23
24
24
28
13
17
28
17
32
29
32
20
23
24
32
29
35
32
31
27
28
24
30
27
41
31
30
31
23
28
30
36
26
36
31
35
24
39
27
37
42
36
35
34
25
29
30
25
25
27
34
29
22
22
27
31
19
21
22
27
23
15
22
17
25
15
16
22
29
25
18
24
16
15
26
14
18
23
27
23
25
37
22
21
31
30
20
29
28
24
28
27
26
33
21
30
27
24
16
35
37
29
32
25
26
20
33
38
39
26
28
25
30
29
44
27
34
24
26
24
31
30
32
31
27
20
23
27
18
18
20
20
17
26
27
15
21
22
26
29
20
18
23
16
19
22
16
21
18
20
18
26
21
18
17
25
19
24
11
14
12
21
24
16
21
20
16
28
24
19
24
22
38
24
21
21
16
23
20
23
17
21
31
25
23
23
27
23
20
22
18
20
21
30
20
18
24
21
29
28
16
25
21
19
23
24
10
27
23
25
18
19
19
20
18
14
20
19
23
24
20
26
15
17
24
18
20
24
26
17
22
16
15
19
17
23
16
19
17
15
23
21
17
23
23
18
17
15
11
16
10
15
14
18
10
18
14
14
17
19
19
13
15
23
15
15
18
10
16
15
16
13
18
13
18
17
23
24
17
21
16
15
13
14
19
18
16
24
12
19
16
11
11
17
14
16
11
17
20
10
12
12
17
2
9
13
16
16
12
7
13
6
14
16
20
13
12
16
11
8
9
8
13
11
12
8
13
13
14
8
12
11
9
13
10
12
15
9
12
13
14
15
17
5
13
11
14
14
12
19
17
14
16
15
12
19
16
11
21
13
18
15
20
17
15
24
15
17
14
29
18
16
26
20
19
23
25
37
23
28
28
25
37
30
40
47
37
33
50
55
45
45
45
49
53
46
55
54
67
55
49
58
62
61
58
57
48
59
58
67
65
60
51
47
53
44
38
50
43
44
37
25
34
43
39
25
35
25
25
24
27
30
28
21
21
15
20
18
17
19
9
24
15
26
15
15
12
14
9
12
12
9
16
7
10
8
17
16
11
14
12
16
13
14
13
6
14
12
12
11
4
7
10
7
11
14
10
9
7
12
11
10
10
15
11
7
10
11
14
6
11
10
12
12
10
7
6
13
8
8
14
9
11
6
10
13
8
11
7
13
7
6
12
15
7
10
11
10
14
13
9
9
6
7
14
11
8
3
13
8
6
7
$ROI:
39
424 531
429 529
440 544
440 545
440 549
443 544
443 553
490 516
679 1395
772 934
800 953
827 855
828 856
840 1946
849 1974
857 2002
872 900
880 1058
887 915
914 1083
1010 1038
1208 1258
1345 1375
1418 1448
2436 2526
3229 3279
3607 3645
6449 6521
6459 6531
6463 6535
6464 6536
6467 6539
6471 6543
6482 6526
6489 6513
6497 6521
12997 13047
12999 13049
13000 13050
