$SPEC_ID:
GAMWIN
$SPEC_REM:


$DETDESC:

$DATE_MEA:
04/01/2025 15:10:00
$MEAS_TIM:
58575.36 58717.37
$MCA_CAL:
3
1.32118272781372E+001 1.29107522964478E+000 0.00000000000000E+000
$DATA:
0 2047
0
0
0
0
0
0
0
0
0
0
0
0
0
0
0
0
0
0
0
0
0
3808
3325
3189
3146
3224
3237
3231
3374
3262
3274
3211
3180
3057
2923
3006
3036
3168
3284
3499
3799
3975
4045
4370
4392
4597
4869
5309
6061
6816
7426
7974
8240
7932
7221
6621
6050
5507
5093
5091
4867
4797
4726
4444
3984
3757
3439
3095
2828
2723
2540
2446
2430
2335
2312
2333
2329
2340
2277
2162
2236
2147
2134
2215
2196
2236
2282
2305
2401
2428
2429
2362
2416
2515
2336
2375
2302
2252
2358
2248
2351
2266
2310
2250
2347
2126
2274
2188
2219
2135
2185
2143
2174
2218
2042
2047
2002
2017
1944
1845
1922
1873
1915
2036
1954
2068
2145
2188
2102
2211
2311
2237
2211
2294
2133
2068
1987
1927
1976
1958
1992
1858
1902
2008
1974
1893
1980
2007
1997
1963
1911
1899
1854
1890
1844
1925
1864
1868
2082
2116
2429
2550
2904
3114
3616
3901
4159
4507
4812
4835
4636
4513
4323
3874
3432
3120
2650
2265
2005
1770
1608
1538
1407
1399
1358
1377
1403
1402
1385
1372
1440
1431
1439
1441
1423
1440
1397
1459
1387
1505
1481
1559
1554
1639
1747
1803
1935
1943
1968
2083
2060
1997
1900
1876
1703
1600
1608
1434
1342
1239
1164
1050
1006
1009
947
986
990
1034
970
1000
1042
1170
1219
1212
1271
1290
1341
1414
1504
1645
1622
1744
1816
1955
1946
2093
2189
2295
2273
2306
2370
2243
2243
2144
1986
1890
1751
1581
1339
1191
1150
1033
941
814
784
731
662
717
623
685
665
673
644
623
628
622
619
625
642
636
599
640
607
590
570
577
629
612
628
629
634
662
644
593
595
590
590
564
580
568
568
556
515
546
524
503
497
493
461
501
477
494
514
509
465
511
480
502
503
523
497
483
530
507
510
589
563
567
539
573
604
555
536
532
575
554
564
517
582
521
500
496
448
485
476
476
480
427
491
459
492
502
490
502
488
470
527
558
529
607
581
598
598
609
657
588
651
654
656
629
596
597
611
589
580
506
556
469
466
443
428
418
420
386
424
388
386
400
407
393
369
409
411
390
417
388
404
423
398
460
437
462
482
457
442
506
507
548
631
599
685
740
741
763
828
881
919
927
979
1020
1031
1031
1030
981
1018
961
958
983
1018
992
1013
1048
1086
1092
1158
1113
1157
1155
1100
1104
1097
1019
1076
971
993
934
900
779
746
668
632
587
508
486
436
458
417
403
367
353
337
303
338
330
314
318
319
358
310
300
336
325
315
330
334
306
313
347
311
351
351
343
322
332
325
319
312
315
310
288
306
326
334
319
296
300
298
306
304
289
312
302
321
287
336
288
295
340
320
285
295
355
342
330
340
352
361
375
384
333
347
382
370
331
397
386
395
379
360
343
366
363
350
323
357
362
362
346
311
321
306
348
338
293
336
324
325
353
343
324
354
368
406
364
389
358
372
351
368
384
343
388
355
348
368
338
362
365
336
347
340
345
298
343
343
345
323
304
299
285
307
292
275
316
344
273
287
272
289
299
270
245
270
260
241
267
281
280
281
257
270
239
261
269
281
261
300
273
297
280
287
308
282
290
283
277
294
290
295
278
264
289
265
271
266
248
248
253
237
286
265
265
261
242
245
304
249
275
252
269
281
264
302
296
272
340
310
307
338
365
383
383
412
435
465
447
477
510
479
450
448
483
496
508
459
486
450
444
434
378
403
394
395
396
337
355
322
352
318
337
287
292
296
294
292
300
316
303
316
325
331
330
327
379
397
364
367
414
391
419
405
394
393
413
412
386
393
361
379
345
419
383
380
333
300
311
297
277
234
243
242
224
218
208
210
227
194
230
193
227
213
202
201
197
207
208
202
213
184
212
193
216
195
206
190
210
217
195
204
194
211
223
199
164
188
198
188
200
203
192
193
219
185
178
223
196
204
192
185
194
236
215
236
209
202
205
192
230
220
211
203
201
227
197
220
194
213
231
215
217
228
231
207
234
218
241
247
255
230
281
261
248
264
288
312
273
261
277
309
289
331
277
303
321
292
316
316
307
338
289
315
302
300
316
291
261
290
250
268
263
229
263
228
227
265
231
244
217
228
205
218
205
214
233
224
200
238
237
233
231
219
205
205
202
231
189
216
218
192
245
201
228
215
186
210
221
212
206
199
192
225
208
203
179
215
197
197
222
226
193
216
228
225
192
231
225
218
191
229
234
225
229
199
204
197
249
243
247
211
262
220
239
222
234
207
207
211
185
223
207
201
181
196
190
199
195
163
185
176
172
155
166
166
162
164
126
142
146
112
154
142
145
117
150
120
120
117
138
129
129
125
129
137
112
111
143
118
97
96
103
97
119
120
96
103
120
84
97
93
83
83
104
96
96
84
85
104
94
71
102
95
92
86
85
110
79
86
95
93
66
79
85
91
92
91
85
96
96
101
88
111
97
89
126
113
110
98
105
115
97
127
122
109
95
94
119
116
112
123
110
106
119
145
134
111
140
137
113
125
131
131
121
116
111
122
144
143
129
128
136
143
137
153
141
180
169
178
199
202
210
214
222
255
250
298
322
326
366
439
407
431
486
538
567
624
629
691
738
709
791
860
841
842
915
889
961
922
931
922
915
932
891
879
906
773
823
768
800
676
669
643
595
567
512
450
450
380
355
310
289
292
250
213
195
205
170
161
138
134
125
117
129
112
104
99
90
98
78
81
74
87
81
57
72
63
66
59
71
66
73
67
74
57
74
72
57
61
54
52
68
45
57
50
58
67
56
65
71
56
66
62
62
59
50
60
62
71
75
51
61
54
73
66
69
74
77
82
72
52
58
61
74
86
76
83
70
85
83
78
64
80
70
72
77
63
69
60
68
59
72
60
70
68
66
61
62
82
72
72
59
50
63
63
50
66
59
53
52
60
48
57
45
62
45
52
38
42
51
49
55
54
52
33
45
40
42
49
40
50
55
44
40
45
40
44
45
48
51
30
45
35
44
56
42
41
40
41
45
42
50
43
41
41
39
48
56
48
47
47
40
46
54
55
46
55
51
44
70
49
66
44
54
58
62
56
64
52
69
54
57
61
90
85
76
73
73
86
68
77
89
95
101
92
87
87
91
89
106
102
92
116
124
102
99
97
95
96
88
96
101
97
93
86
92
84
76
88
66
70
59
46
58
78
53
62
49
53
44
52
52
55
41
41
45
35
45
41
34
53
38
46
38
38
47
47
35
40
40
35
27
41
36
37
37
35
49
32
30
38
46
40
31
47
35
37
47
45
35
32
35
37
46
41
42
46
45
47
40
43
38
36
40
32
39
32
43
43
45
28
29
31
26
29
34
37
28
33
40
46
36
28
24
36
26
31
30
39
30
36
27
29
28
26
29
27
41
21
29
44
33
23
33
25
32
27
39
34
31
25
24
30
35
28
29
32
24
29
36
30
40
31
33
32
30
35
28
26
25
41
29
35
25
34
20
34
26
34
14
24
28
25
24
30
31
37
17
17
21
39
26
37
39
38
30
25
32
21
29
33
24
36
23
26
22
28
22
29
28
33
26
26
24
23
20
26
27
22
23
36
18
24
23
21
26
33
25
22
22
29
29
30
19
37
26
23
23
32
24
24
19
29
24
31
37
26
33
29
28
30
33
37
28
35
33
32
35
31
39
31
36
38
26
37
34
52
33
28
49
51
39
47
48
36
36
43
54
57
60
43
49
58
51
47
44
46
46
45
51
39
62
39
44
40
45
38
30
36
39
35
37
46
33
28
38
45
33
29
24
23
24
37
24
35
36
30
32
28
39
30
39
24
43
37
40
35
32
38
23
36
44
26
41
34
42
34
40
31
33
36
40
40
39
42
29
40
45
42
44
48
36
40
42
43
52
45
43
37
38
46
47
37
43
37
41
37
38
34
29
41
33
31
36
38
26
33
32
27
32
46
32
29
37
27
27
29
45
28
36
26
28
28
27
31
26
31
32
32
26
21
40
23
33
40
25
32
25
35
30
23
22
25
30
26
27
32
31
26
32
21
22
25
25
32
31
29
27
31
22
32
24
22
26
23
20
35
23
33
25
24
28
23
25
36
29
28
22
29
27
36
28
31
27
32
22
27
26
32
22
25
25
30
31
34
31
27
23
25
27
31
30
26
34
36
30
26
26
21
24
33
25
32
18
24
24
19
22
18
20
25
22
28
21
17
12
21
28
19
25
18
21
18
15
20
28
30
17
21
27
17
17
19
26
22
11
25
23
26
24
22
23
22
30
20
24
23
15
12
14
21
19
22
22
18
19
17
22
15
21
22
14
26
18
16
15
21
26
15
18
18
15
15
20
16
18
11
16
17
22
13
13
10
25
18
11
12
11
14
13
7
14
15
14
7
15
16
17
10
14
11
16
13
10
16
7
14
15
17
16
16
9
20
10
16
9
12
14
20
13
15
13
16
19
15
22
22
23
21
22
14
23
19
25
28
19
23
27
28
15
30
34
34
41
36
42
49
31
37
51
57
52
53
41
54
57
72
59
56
74
75
70
65
79
85
77
82
81
82
88
78
80
88
97
99
82
93
91
93
81
74
88
68
63
75
61
64
69
68
71
64
48
50
40
30
51
47
39
33
44
30
31
36
36
29
25
26
27
11
20
23
21
14
17
20
8
11
11
12
12
15
11
23
14
18
15
10
16
10
9
12
24
12
11
12
6
8
9
10
11
16
12
10
11
11
14
9
17
9
12
8
8
11
15
14
7
11
12
8
13
9
10
8
10
9
10
8
9
14
7
12
12
7
10
8
8
8
13
8
8
5
8
10
11
11
14
17
17
7
9
9
10
10
17
9
16
12
6
14
12
$ROI:
39
424 531
429 529
440 544
440 545
440 549
443 544
443 553
490 516
679 1395
772 934
800 953
827 855
828 856
840 1946
849 1974
857 2002
872 900
880 1058
887 915
914 1083
1010 1038
1208 1258
1345 1375
1418 1448
2436 2526
3229 3279
3607 3645
6449 6521
6459 6531
6463 6535
6464 6536
6467 6539
6471 6543
6482 6526
6489 6513
6497 6521
12997 13047
12999 13049
13000 13050
