$SPEC_ID:
GAMWIN
$SPEC_REM:


$DETDESC:

$DATE_MEA:
04/01/2025 07:20:11
$MEAS_TIM:
27960.72 28045.46
$MCA_CAL:
3
1.32118272781372E+001 1.29107522964478E+000 0.00000000000000E+000
$DATA:
0 2047
0
0
0
0
0
0
0
0
0
0
0
0
0
0
0
0
0
0
0
0
0
2932
2568
2369
2172
2182
2094
2082
1945
2096
1985
1972
1970
1953
1873
1976
2021
2111
2172
2377
2515
2729
2884
3046
3001
3088
3366
3736
4170
4792
5234
5570
5679
5473
5028
4542
4053
3699
3677
3456
3419
3406
3294
3079
2948
2641
2331
2240
2066
1855
1895
1744
1634
1664
1643
1550
1634
1572
1580
1618
1617
1555
1582
1572
1549
1591
1668
1709
1665
1767
1676
1701
1745
1639
1654
1641
1674
1648
1698
1605
1679
1597
1613
1612
1640
1647
1661
1610
1594
1567
1590
1446
1475
1537
1455
1500
1503
1443
1385
1432
1355
1421
1355
1421
1412
1469
1551
1614
1606
1637
1645
1623
1557
1619
1565
1494
1474
1394
1402
1391
1419
1352
1307
1408
1385
1434
1449
1436
1413
1413
1381
1325
1312
1250
1259
1330
1363
1356
1439
1603
1763
1969
2006
2342
2603
2810
3117
3140
3316
3491
3261
3198
2978
2624
2375
2097
1830
1655
1388
1252
1129
1025
974
994
1015
892
932
953
997
945
1088
1032
1034
992
1023
986
1009
950
968
972
1079
1037
1093
1115
1231
1258
1339
1355
1380
1394
1399
1346
1359
1291
1149
1153
1054
914
892
885
751
687
690
674
720
624
667
714
639
736
730
768
754
781
802
922
973
998
1069
1144
1220
1181
1289
1334
1372
1466
1527
1586
1546
1602
1660
1599
1533
1453
1381
1273
1094
1068
927
801
771
651
608
564
529
530
500
445
438
404
426
424
395
421
415
432
368
414
418
396
421
426
426
396
423
409
466
435
454
413
413
443
437
430
430
381
360
390
419
364
378
347
399
336
333
368
369
297
337
332
340
300
346
306
343
366
338
347
313
352
351
347
342
347
371
372
390
360
387
394
396
430
321
390
356
372
353
339
328
334
333
295
329
301
310
292
293
309
325
327
287
311
331
333
300
336
369
329
343
393
376
364
389
406
392
454
442
422
419
372
406
379
359
359
347
327
320
299
291
289
272
290
268
264
265
251
272
246
246
270
262
262
254
245
267
253
286
265
282
288
251
276
342
329
307
358
380
408
414
426
477
490
497
523
560
608
640
655
682
639
689
699
725
684
702
660
693
679
674
720
779
752
760
765
733
778
773
873
830
825
855
795
729
722
622
645
551
541
489
437
416
358
316
327
299
275
241
223
258
238
239
229
196
201
189
194
252
218
200
197
226
199
204
220
205
224
219
211
205
198
186
194
195
207
207
182
196
213
210
199
206
168
200
186
181
187
192
220
197
209
194
201
184
178
197
188
192
206
187
228
197
210
218
221
219
223
214
236
238
229
249
257
241
263
269
238
222
253
223
233
254
251
246
212
221
229
217
194
200
204
215
234
184
214
200
223
226
232
215
222
211
234
247
230
240
240
256
248
246
251
251
235
230
263
219
236
222
223
253
199
217
197
232
234
210
218
226
212
202
197
204
198
186
205
195
192
187
159
189
177
174
141
150
218
161
184
181
175
167
184
176
186
192
175
191
167
183
172
195
170
176
211
152
192
178
169
196
179
180
169
178
181
181
177
174
184
199
185
179
178
166
167
152
169
140
160
170
188
169
200
179
187
199
216
198
196
234
240
219
262
296
261
266
335
334
306
266
334
343
325
352
324
326
309
340
285
343
298
297
274
271
230
224
275
232
192
225
225
198
188
216
191
215
186
191
227
223
220
193
218
226
221
207
251
251
277
257
265
259
283
277
258
261
266
282
267
273
277
261
235
226
251
214
196
174
183
162
180
171
155
164
146
157
128
149
134
158
118
134
112
132
113
154
100
148
125
126
124
129
118
101
114
133
130
113
125
113
105
126
108
123
121
135
110
126
134
116
122
122
151
128
130
128
125
119
116
126
154
133
129
140
133
122
155
118
126
119
150
139
132
147
142
134
138
120
135
139
153
123
135
133
142
157
146
156
162
167
151
179
171
174
165
186
176
187
208
176
213
181
219
215
201
214
205
204
209
185
230
208
177
193
211
198
202
184
159
163
174
164
180
148
137
172
156
138
156
149
139
155
150
146
131
140
138
118
125
122
137
149
139
123
147
153
147
132
129
122
114
125
130
111
157
131
149
142
132
110
124
135
139
130
145
142
109
150
127
147
131
126
124
147
109
143
130
146
139
127
147
144
156
132
144
137
149
146
137
146
150
130
152
125
140
141
143
142
117
117
117
148
129
104
109
92
97
98
104
108
85
100
99
91
81
97
99
95
79
74
85
86
92
77
94
92
84
78
66
66
65
66
69
53
68
70
71
60
62
76
67
56
62
81
51
64
67
61
68
57
52
60
61
61
65
54
59
67
39
52
76
66
49
57
61
70
55
54
56
63
52
51
77
70
58
60
55
58
68
58
62
73
53
66
55
67
68
66
72
69
74
78
73
79
85
88
67
80
84
83
68
75
86
89
91
94
80
77
87
77
79
88
79
73
70
77
81
75
77
95
95
71
93
97
101
105
107
103
95
116
111
135
145
142
138
202
196
190
208
230
225
266
290
318
349
349
350
385
435
439
467
421
501
477
538
552
551
561
557
570
562
541
560
504
502
499
473
532
467
380
449
400
349
356
296
271
246
250
217
207
183
153
174
138
136
114
121
109
111
84
75
92
69
73
55
66
69
67
47
57
56
57
58
48
53
61
46
39
45
56
50
46
44
36
41
44
27
40
45
37
36
43
47
39
42
40
44
34
35
46
39
39
33
28
32
35
52
36
40
52
33
46
44
50
48
48
52
50
46
50
36
56
51
49
49
49
48
55
44
43
42
55
51
54
57
38
62
43
44
47
54
45
46
49
47
40
46
30
50
43
40
33
29
47
42
39
47
51
40
39
48
31
32
43
25
38
34
32
34
39
34
27
35
37
22
37
25
27
20
27
33
36
34
26
28
26
32
24
29
22
24
26
28
23
35
26
22
24
30
28
25
23
32
31
29
27
35
26
33
25
25
29
32
43
36
25
39
29
39
33
32
31
42
41
43
43
46
44
39
52
47
63
42
55
60
45
56
52
52
52
58
64
61
66
67
62
65
72
65
68
66
72
66
72
65
76
56
74
63
45
74
72
67
55
53
52
47
55
56
44
37
54
32
40
36
33
41
31
31
46
20
32
38
22
27
30
19
20
23
26
23
29
23
21
27
19
26
27
18
18
26
25
24
28
31
22
25
28
19
25
26
19
28
34
30
28
21
27
26
29
26
29
22
21
27
38
25
22
43
23
19
21
16
29
20
26
14
28
19
17
24
21
24
19
15
17
21
22
24
20
20
22
13
17
14
22
19
17
14
18
16
22
24
18
32
27
20
23
22
13
17
21
25
20
23
15
19
23
16
14
17
21
16
16
19
25
10
19
20
22
19
20
17
16
11
21
21
15
14
16
21
18
21
19
19
11
21
21
15
15
18
18
18
22
15
16
13
16
16
24
21
20
18
17
20
17
17
17
13
14
20
16
19
13
14
15
20
16
17
13
15
19
22
23
24
23
18
14
17
18
14
7
13
16
24
16
19
15
18
18
19
18
19
15
18
15
13
17
14
12
19
22
16
12
21
20
22
17
23
25
19
18
24
29
24
17
19
21
25
22
22
27
28
25
35
17
27
35
22
31
26
31
28
35
23
31
36
32
28
26
30
30
28
25
28
21
23
33
31
25
17
25
26
31
20
26
20
27
17
26
24
16
30
16
21
30
21
14
22
27
24
12
15
21
21
19
26
20
20
24
24
17
20
31
26
24
21
26
16
21
23
26
24
27
24
26
25
30
29
21
24
22
28
30
26
34
30
23
25
24
29
30
30
23
29
32
29
33
31
24
31
31
22
23
19
17
13
34
23
27
30
23
19
15
16
19
18
24
11
23
21
20
20
22
19
13
19
28
12
12
20
18
24
22
15
17
17
19
11
11
15
24
20
19
18
23
15
34
23
17
28
20
18
15
17
15
32
23
15
17
18
27
18
18
12
19
19
16
18
13
23
14
23
23
22
19
12
19
28
20
21
21
23
24
23
12
18
21
23
20
13
18
19
17
14
14
14
20
17
14
17
17
25
19
24
16
10
25
15
20
14
20
23
20
14
15
17
19
16
8
15
15
8
14
17
22
14
9
8
18
17
13
17
12
16
15
14
17
13
14
11
11
22
9
8
15
14
14
17
13
12
18
10
7
15
10
11
11
5
17
11
12
9
9
10
15
21
20
7
13
11
10
12
13
13
9
9
7
12
8
16
16
6
13
9
5
14
10
7
10
7
8
11
8
7
6
13
11
14
9
14
11
5
4
8
11
5
5
7
5
16
6
8
13
9
8
8
10
5
5
10
6
9
7
6
7
9
10
8
13
6
14
7
16
8
8
11
9
11
11
7
11
11
9
13
11
15
10
12
6
9
9
12
19
12
19
21
26
14
19
17
22
21
20
23
36
33
30
29
42
32
31
38
40
45
47
46
48
58
52
55
56
53
81
52
57
59
61
71
60
59
54
51
48
60
62
58
52
45
57
56
48
50
38
43
39
48
42
31
30
33
26
34
30
30
18
28
20
26
17
15
16
12
9
14
10
9
9
12
10
23
10
6
9
10
7
4
9
11
9
4
6
2
9
6
9
10
8
12
8
7
11
6
6
5
11
6
7
7
6
7
2
9
7
9
4
3
9
9
5
5
5
6
4
5
5
9
9
4
9
8
6
1
5
3
6
2
5
4
6
4
3
2
6
3
7
10
3
6
4
6
2
6
5
8
4
6
3
8
5
12
3
10
7
6
3
2
4
5
1
6
$ROI:
39
424 531
429 529
440 544
440 545
440 549
443 544
443 553
490 516
679 1395
772 934
800 953
827 855
828 856
840 1946
849 1974
857 2002
872 900
880 1058
887 915
914 1083
1010 1038
1208 1258
1345 1375
1418 1448
2436 2526
3229 3279
3607 3645
6449 6521
6459 6531
6463 6535
6464 6536
6467 6539
6471 6543
6482 6526
6489 6513
6497 6521
12997 13047
12999 13049
13000 13050
