$SPEC_ID:
GAMWIN
$SPEC_REM:


$DETDESC:

$DATE_MEA:
04/02/2025 15:10:53
$MEAS_TIM:
57876.51 58042.66
$MCA_CAL:
3
1.32118272781372E+001 1.29107522964478E+000 0.00000000000000E+000
$DATA:
0 2047
0
0
0
0
0
0
0
0
0
0
0
0
0
0
0
0
0
0
0
0
0
4669
4157
3937
3902
3964
3882
4048
3940
4027
3885
3951
3734
3735
3708
3774
3845
3993
4216
4531
4893
5103
5358
5509
5787
6129
6413
6857
7685
8967
9823
10564
10724
10225
9572
8396
7633
7121
6854
6337
6336
6352
6205
5614
5359
4775
4516
3982
3806
3519
3370
3306
3058
3150
3102
3006
2972
2864
2863
2947
2914
2917
2789
2846
2815
2925
2982
3031
3147
3127
3156
3131
3266
3238
3069
3086
3053
3014
2939
2989
2926
3005
2918
3018
2946
2881
2975
2897
2902
2819
2848
2836
2749
2674
2622
2676
2582
2576
2498
2504
2499
2593
2563
2610
2688
2692
2711
2834
2796
2884
2935
2986
2970
2784
2733
2776
2562
2589
2584
2545
2611
2506
2468
2485
2512
2655
2604
2560
2607
2603
2558
2444
2456
2294
2413
2485
2460
2587
2812
2873
3159
3576
3843
4365
4853
5349
5689
6040
6293
6236
6111
5785
5427
4891
4360
3905
3396
2993
2601
2283
1992
1937
1903
1843
1753
1727
1856
1871
1843
1803
1834
1766
1864
1854
1881
1852
1816
1887
1799
1818
1867
1983
2072
2129
2235
2273
2442
2435
2505
2585
2592
2528
2453
2360
2140
2110
1842
1820
1666
1509
1409
1366
1254
1206
1269
1259
1215
1205
1306
1313
1347
1449
1531
1570
1612
1652
1729
1967
1926
2088
2264
2327
2463
2603
2652
2676
2880
2852
3007
2928
2975
2829
2821
2603
2510
2317
2140
1891
1666
1550
1367
1268
1076
1009
1002
948
863
831
779
805
806
742
772
779
768
806
793
770
788
731
723
778
766
744
727
770
793
778
753
771
767
827
807
797
776
748
738
668
732
666
654
670
672
636
677
639
644
652
628
618
680
618
594
589
595
640
603
661
629
636
601
691
633
666
709
718
668
728
710
706
707
739
670
738
741
718
666
711
618
692
598
590
610
599
600
580
585
577
571
619
598
604
632
590
614
620
648
649
695
738
753
732
753
793
856
932
820
867
870
828
759
747
725
724
698
633
624
595
601
531
561
557
529
535
495
499
518
475
521
498
478
519
446
527
522
506
515
517
520
502
586
558
610
650
631
659
688
708
794
791
901
935
1008
1036
1088
1237
1213
1229
1251
1282
1304
1253
1280
1239
1350
1320
1261
1231
1329
1267
1323
1372
1364
1367
1417
1437
1442
1494
1441
1436
1407
1379
1241
1245
1192
1099
1019
913
859
800
699
675
593
587
542
500
470
481
441
412
453
434
408
372
391
391
366
381
425
362
347
369
398
401
405
405
406
409
388
378
368
414
376
375
378
364
391
389
363
419
368
399
375
336
379
410
354
361
388
373
402
393
390
390
391
406
392
402
362
414
406
388
387
417
460
436
404
487
436
489
485
479
467
482
503
457
472
499
495
469
469
463
454
407
440
392
434
390
394
439
406
405
400
407
422
398
436
420
408
428
429
423
458
469
419
455
488
454
484
471
427
488
491
422
454
454
442
416
424
430
428
480
396
395
365
451
392
403
401
392
398
385
389
361
367
327
359
333
333
342
306
325
329
329
319
336
333
333
354
374
353
365
314
351
314
310
317
352
334
343
353
367
317
350
342
331
353
347
317
321
353
348
354
356
313
337
304
344
346
315
332
322
321
348
313
320
308
303
282
294
365
333
378
359
410
394
407
419
466
454
499
538
598
553
561
596
627
561
633
602
628
626
611
575
611
612
568
580
529
484
534
470
493
474
436
414
384
424
417
403
383
365
374
375
390
386
447
403
412
406
420
490
465
472
487
472
506
480
495
496
534
528
541
468
545
494
458
483
478
455
410
428
391
381
359
372
353
317
351
322
299
287
300
300
259
266
272
263
247
250
234
242
282
253
246
252
231
239
261
259
242
214
248
213
236
243
226
235
241
220
220
205
257
217
218
238
225
257
239
244
240
258
218
240
262
267
264
233
242
254
222
237
262
215
238
275
244
238
252
259
274
228
239
238
263
253
269
230
271
261
280
285
311
282
274
295
274
320
297
292
345
311
334
340
336
332
331
387
376
392
394
370
379
431
377
383
388
395
348
389
368
387
364
373
344
362
325
295
293
343
338
332
328
292
272
268
269
277
244
245
244
256
254
298
258
268
256
276
248
261
251
242
242
267
247
262
273
251
238
271
264
259
271
281
257
277
256
221
235
245
284
239
243
257
257
243
268
259
236
274
290
241
261
279
252
248
254
285
289
294
278
258
258
286
265
262
277
274
269
295
243
292
229
246
299
230
218
243
260
250
240
208
208
238
196
219
197
205
191
214
165
186
189
193
154
158
187
179
159
156
178
158
159
164
131
129
134
158
149
135
117
136
126
139
145
147
113
124
151
128
120
145
105
118
106
94
124
113
116
109
107
98
120
112
105
106
107
112
97
116
127
112
101
112
108
100
99
95
122
86
119
110
116
108
94
113
123
132
117
121
124
132
123
124
104
137
109
133
132
149
127
138
129
144
145
145
162
145
149
153
159
153
158
153
137
142
150
132
156
152
155
158
169
145
157
167
169
143
160
194
195
180
201
210
216
189
219
236
243
295
277
311
330
379
415
449
453
511
496
558
624
663
674
775
765
815
852
906
934
1018
1037
1030
1053
1102
1106
1088
1082
1100
1111
1093
1080
1013
1010
934
925
932
830
773
823
659
658
608
562
518
527
421
408
375
340
304
296
248
243
237
209
197
203
140
159
132
132
127
120
116
123
119
112
110
99
109
96
95
84
75
75
85
77
92
85
93
66
89
80
88
64
58
75
81
68
73
76
74
61
74
78
66
61
85
64
53
71
79
58
71
77
86
78
91
99
90
106
86
82
98
81
80
104
109
88
81
86
90
105
84
119
96
82
100
101
92
94
74
76
82
103
78
91
70
94
73
83
92
75
96
72
71
73
84
60
73
92
65
65
83
76
77
69
65
66
68
67
78
72
65
55
64
63
68
66
48
49
56
56
65
74
57
66
57
61
56
62
41
57
54
62
44
62
50
62
50
42
53
43
47
57
53
51
63
59
55
57
43
55
53
51
63
51
64
57
54
63
66
70
64
62
55
64
64
66
71
73
68
78
56
80
70
89
79
80
78
88
91
96
86
86
115
110
100
107
108
123
109
107
111
120
140
127
112
125
106
127
116
133
137
139
123
113
128
142
121
113
116
87
84
95
102
66
85
83
87
66
55
66
77
61
51
58
63
65
52
47
60
44
44
48
46
47
51
38
39
46
44
41
43
54
49
49
46
45
32
46
58
39
51
55
39
57
62
44
56
57
52
55
46
53
36
51
60
57
50
48
48
44
39
55
39
46
37
40
34
35
56
41
48
39
35
41
41
53
38
30
40
49
45
23
41
43
38
37
27
50
44
43
28
33
47
34
32
27
35
30
42
38
30
33
41
38
44
32
35
45
41
30
40
38
37
38
28
38
29
33
31
29
32
38
30
34
23
36
51
42
36
46
32
29
23
43
40
42
43
29
40
39
31
41
27
30
31
32
33
28
35
32
34
31
32
24
33
35
33
35
26
28
26
26
27
39
31
39
28
34
35
37
48
36
32
33
47
30
35
30
31
36
31
35
35
38
30
29
25
29
36
33
36
30
42
31
37
24
29
31
30
35
34
32
32
32
37
32
40
42
32
32
28
28
38
34
32
44
39
32
38
43
25
53
49
53
47
38
46
38
42
42
58
63
48
61
61
48
62
68
58
63
46
63
56
51
51
59
54
56
63
49
54
45
60
56
58
52
52
50
58
48
62
41
49
54
39
53
46
46
36
38
37
32
33
35
37
34
52
43
36
32
39
42
33
42
35
31
37
36
34
57
41
51
40
52
39
38
54
38
55
34
47
61
49
49
61
47
76
62
44
51
62
52
58
52
49
58
51
40
54
47
55
55
36
48
41
35
45
51
39
58
36
36
41
49
50
43
38
36
38
54
42
27
41
42
38
40
30
34
44
33
35
33
29
35
35
37
35
24
45
38
26
38
28
42
42
28
35
40
39
33
27
33
26
44
34
35
39
40
36
34
21
32
45
40
35
32
26
40
23
36
36
41
37
33
39
35
35
28
35
34
30
39
29
41
42
29
43
29
50
33
39
38
42
29
38
36
27
39
37
39
34
38
40
30
24
28
28
33
34
26
30
24
31
39
32
37
27
26
16
30
26
25
24
32
39
31
38
34
23
27
37
25
27
32
22
29
21
27
21
26
24
33
21
39
28
19
22
22
22
29
20
17
22
20
21
22
24
27
24
24
14
27
23
15
22
31
22
28
30
31
26
27
29
26
15
22
21
27
26
23
25
26
19
27
26
19
19
20
19
15
14
29
16
18
18
11
16
16
16
23
19
18
15
19
14
18
17
14
19
10
17
22
16
20
10
15
13
14
12
13
10
14
7
13
13
17
18
12
16
13
15
14
18
18
15
16
24
15
20
31
12
23
25
18
15
14
25
21
18
18
21
21
24
19
21
32
29
26
31
31
26
38
40
39
57
50
48
43
51
68
54
60
71
56
72
69
80
79
91
82
89
74
109
88
89
96
113
104
112
109
92
113
126
117
97
117
115
107
93
102
103
107
99
103
103
96
84
80
84
88
88
64
88
72
65
70
50
64
54
51
52
38
43
37
36
39
29
40
33
15
23
23
27
18
21
21
19
19
15
19
12
12
17
14
12
16
15
22
20
7
12
14
18
12
16
20
12
19
19
14
19
20
22
17
21
11
10
16
16
13
5
9
10
8
9
11
9
13
6
12
15
10
7
6
13
19
13
12
12
14
19
10
9
7
18
11
5
10
11
9
12
17
16
9
12
9
11
12
15
11
11
6
19
12
9
12
10
9
10
13
16
12
11
12
6
$ROI:
39
424 531
429 529
440 544
440 545
440 549
443 544
443 553
490 516
679 1395
772 934
800 953
827 855
828 856
840 1946
849 1974
857 2002
872 900
880 1058
887 915
914 1083
1010 1038
1208 1258
1345 1375
1418 1448
2436 2526
3229 3279
3607 3645
6449 6521
6459 6531
6463 6535
6464 6536
6467 6539
6471 6543
6482 6526
6489 6513
6497 6521
12997 13047
12999 13049
13000 13050
