$SPEC_ID:
GAMWIN
$SPEC_REM:


$DETDESC:

$DATE_MEA:
04/02/2025 07:29:49
$MEAS_TIM:
27475.34 27576.29
$MCA_CAL:
3
1.32118272781372E+001 1.29107522964478E+000 0.00000000000000E+000
$DATA:
0 2047
0
0
0
0
0
0
0
0
0
0
0
0
0
0
0
0
0
0
0
0
0
2772
2505
2404
2253
2357
2292
2320
2321
2273
2243
2263
2139
2142
2187
2232
2300
2450
2658
2805
2978
3206
3324
3411
3595
3687
4076
4428
5009
5558
6188
6555
6780
6555
5781
5323
4738
4409
4204
4025
4030
3884
3934
3710
3362
3123
2886
2619
2383
2216
2095
1955
1971
1941
1923
1951
1784
1938
1870
1847
1801
1857
1824
1853
1909
1864
1914
1928
1996
1928
2022
2128
2032
2081
1996
1996
1964
1816
1896
1931
1865
1832
1876
1842
1938
1893
1856
1780
1852
1887
1832
1773
1770
1689
1672
1622
1589
1641
1574
1682
1578
1647
1624
1590
1696
1680
1711
1768
1793
1872
1845
1821
1831
1713
1722
1707
1646
1604
1587
1573
1581
1626
1627
1670
1600
1721
1558
1695
1603
1625
1552
1601
1603
1567
1569
1516
1524
1646
1699
1875
2139
2379
2577
2903
3248
3591
3798
4005
4241
4190
4144
3798
3492
3141
2832
2398
2132
1806
1570
1383
1255
1199
1150
1072
1062
1107
1049
1088
1125
1135
1229
1104
1145
1195
1192
1201
1068
1100
1134
1185
1105
1172
1166
1285
1228
1282
1444
1470
1446
1356
1541
1411
1345
1353
1201
1187
1075
1013
984
954
844
766
798
782
764
795
763
800
813
869
848
916
965
1036
1071
1171
1115
1198
1307
1318
1391
1431
1470
1527
1474
1477
1604
1663
1649
1728
1564
1514
1434
1386
1296
1270
1100
1020
943
801
747
739
667
599
563
489
552
510
485
460
461
472
485
514
479
500
457
441
463
485
471
459
422
489
419
490
481
466
471
480
496
473
492
456
472
444
428
483
440
447
410
371
402
405
398
387
378
361
359
356
357
396
370
373
402
405
383
355
395
401
390
404
427
417
416
432
453
450
434
434
486
430
444
419
382
469
413
429
380
372
360
352
356
347
325
311
318
366
412
325
334
380
371
395
400
403
423
424
471
469
465
484
481
484
533
514
529
443
475
520
467
461
472
426
429
384
369
335
333
331
345
310
316
313
290
291
295
311
292
282
312
310
288
307
297
332
330
330
329
359
328
374
374
389
425
442
457
493
500
562
636
638
651
734
715
742
826
756
800
799
827
807
860
850
790
809
755
805
747
756
782
725
803
779
825
793
797
806
822
823
733
724
692
691
648
593
564
530
455
483
408
341
341
313
301
279
305
269
260
266
224
240
219
233
245
210
237
246
239
215
243
262
228
240
237
253
238
225
258
249
213
252
214
230
246
199
238
239
235
228
229
235
243
247
233
228
209
220
263
248
234
241
224
267
251
227
241
238
251
239
215
255
263
278
266
301
268
272
299
278
273
247
293
314
299
306
312
292
288
300
280
305
260
264
242
232
254
265
279
256
230
226
234
232
260
265
250
250
231
252
236
235
268
265
281
271
275
265
268
271
299
271
279
293
260
238
261
262
254
247
249
230
257
280
253
226
275
240
227
239
225
211
203
219
195
212
191
190
209
193
208
193
164
207
215
174
193
211
178
217
186
214
194
222
212
231
221
204
190
205
243
221
229
213
228
220
215
216
205
196
212
223
197
214
205
214
224
214
197
198
213
176
178
202
168
193
196
206
202
194
214
223
241
238
249
252
278
263
313
293
315
348
367
356
374
417
394
394
413
437
388
364
382
391
402
369
365
333
318
355
314
281
259
261
271
266
236
223
210
249
220
231
248
221
241
240
263
252
275
287
255
282
268
296
337
317
318
314
342
333
354
350
335
320
312
306
327
314
294
264
252
254
260
230
225
204
234
212
203
183
168
174
173
174
159
129
164
141
145
126
156
145
161
140
133
143
116
123
141
149
127
137
130
134
149
120
129
135
125
145
151
144
135
133
132
143
154
135
137
135
131
150
145
149
132
157
133
156
140
143
151
154
152
159
142
167
161
146
169
135
148
169
169
149
139
150
154
132
163
159
170
169
188
150
186
179
176
171
186
202
199
196
170
214
202
220
203
198
187
215
201
240
250
234
225
234
224
207
240
221
205
201
204
202
198
187
174
187
167
174
164
160
171
156
157
149
171
155
149
134
152
145
166
135
160
146
156
125
157
171
153
152
127
143
154
137
138
141
144
134
143
135
157
153
141
175
131
145
148
133
157
140
127
143
160
125
142
155
128
147
146
151
149
155
159
143
158
156
173
150
167
147
161
148
158
157
155
169
164
147
151
141
146
151
136
164
132
140
138
139
119
122
117
130
124
125
127
112
105
108
86
88
97
91
94
94
83
106
102
92
99
74
95
77
100
87
83
80
66
76
78
88
94
62
76
60
70
81
75
71
60
57
71
61
68
67
77
67
60
74
70
61
75
74
56
65
56
76
72
58
62
63
68
77
62
62
65
59
53
73
62
66
64
61
52
82
72
79
68
62
68
89
69
79
89
65
75
64
82
76
79
87
74
69
98
73
72
92
81
77
88
70
78
96
103
79
65
86
87
87
79
105
80
81
76
91
84
96
98
106
98
110
111
112
121
136
148
148
163
189
167
202
236
249
278
265
274
313
346
362
388
385
460
468
479
522
553
541
586
622
584
593
686
623
675
656
629
633
651
628
613
582
564
531
519
502
462
432
387
403
376
329
309
247
255
236
221
183
183
188
152
162
125
108
78
98
109
102
86
92
72
79
74
61
52
61
58
60
50
41
36
43
50
43
46
51
46
39
46
48
43
38
41
45
46
46
45
47
42
41
39
26
36
40
35
34
43
50
44
53
45
44
36
60
39
53
47
48
50
62
46
60
59
51
61
63
62
50
59
62
68
69
48
56
51
60
58
66
54
66
59
57
78
50
55
60
50
58
51
48
55
59
54
59
52
53
57
46
40
52
43
47
36
58
45
38
41
35
44
44
44
35
53
35
38
47
41
33
36
24
29
25
41
33
31
29
32
37
39
35
36
36
34
33
26
44
41
42
26
19
34
35
30
38
31
31
22
31
22
31
28
32
26
23
21
29
32
47
42
32
36
48
41
40
39
28
51
40
38
36
46
46
41
38
48
49
48
58
60
50
44
42
56
59
65
58
64
62
74
60
76
61
62
86
79
71
69
65
58
54
70
70
65
58
70
58
66
60
49
56
49
52
65
49
42
52
47
61
39
34
32
32
39
33
40
34
37
31
26
28
30
31
31
28
24
29
33
31
26
32
20
23
24
25
30
20
28
28
36
29
29
23
35
27
38
37
33
36
34
32
22
36
26
27
28
26
29
23
27
28
33
14
22
27
33
28
29
24
27
24
12
19
20
26
33
18
20
20
23
19
15
23
20
20
17
29
24
19
18
14
22
17
24
20
23
26
16
22
25
16
19
25
22
30
25
19
25
20
14
26
23
23
21
25
11
16
14
22
32
26
20
13
24
13
23
23
21
21
23
17
13
19
15
17
23
11
24
17
31
26
10
25
16
24
13
18
23
17
22
22
15
26
21
25
9
24
33
32
32
23
13
22
27
27
17
29
18
18
22
18
24
20
20
16
17
26
14
21
20
20
19
20
26
25
19
26
25
25
17
25
23
16
17
13
19
21
23
19
25
22
20
21
19
25
30
27
29
16
12
25
17
18
23
28
25
22
23
18
19
33
18
24
28
25
28
30
24
29
34
28
23
38
39
40
30
36
37
34
39
37
31
40
32
39
40
36
38
37
37
38
33
27
40
42
29
37
23
32
33
29
31
26
24
24
28
36
36
23
23
24
25
25
35
26
22
27
25
26
28
15
27
27
29
22
29
31
23
22
26
22
26
17
18
24
22
25
31
28
23
20
31
37
28
23
25
28
30
25
27
38
37
27
31
33
36
26
32
41
35
29
35
21
37
32
26
20
23
34
26
23
31
25
33
25
32
26
17
24
31
22
27
26
21
23
24
25
24
29
29
28
24
29
17
25
25
19
23
25
22
22
13
27
20
18
21
18
28
20
35
26
27
21
22
20
19
25
22
28
25
29
28
18
19
22
25
26
20
23
34
35
25
18
27
24
22
24
25
18
19
23
16
22
37
11
30
24
23
19
28
14
16
32
20
23
30
24
21
20
22
23
28
21
20
28
28
22
22
25
29
17
12
21
15
17
23
15
26
28
16
26
24
24
23
21
21
12
12
15
20
18
20
20
19
13
13
20
19
17
10
22
18
17
20
16
14
20
22
16
12
15
15
25
17
18
15
19
13
14
15
16
19
13
16
13
14
10
12
17
16
11
22
12
18
20
11
20
13
11
18
11
13
12
23
19
12
14
13
21
7
9
10
9
13
9
9
11
15
7
14
11
11
7
14
16
11
12
8
10
5
5
7
13
7
8
8
14
8
9
9
9
5
3
10
8
14
10
8
3
8
7
12
9
16
7
7
9
11
5
16
9
6
7
9
19
11
17
7
12
11
13
13
14
16
13
14
16
15
17
19
25
13
17
30
26
33
25
26
34
40
38
31
32
39
31
45
43
56
46
59
59
53
54
71
61
66
66
61
60
80
89
67
66
90
83
68
76
74
84
85
80
70
78
67
64
71
55
71
55
59
53
55
60
58
48
52
39
37
43
45
29
40
27
37
37
22
25
14
22
15
12
15
18
19
16
9
9
15
20
12
10
7
9
8
13
12
2
7
8
9
9
9
14
10
9
7
1
9
12
9
5
6
9
9
7
9
7
9
5
10
6
9
9
10
10
10
7
6
8
9
5
6
13
3
8
7
10
5
7
7
9
6
7
6
11
3
5
11
7
7
8
4
6
8
4
6
10
8
6
4
3
5
6
4
7
5
7
8
4
3
9
8
13
8
4
6
8
10
7
$ROI:
39
424 531
429 529
440 544
440 545
440 549
443 544
443 553
490 516
679 1395
772 934
800 953
827 855
828 856
840 1946
849 1974
857 2002
872 900
880 1058
887 915
914 1083
1010 1038
1208 1258
1345 1375
1418 1448
2436 2526
3229 3279
3607 3645
6449 6521
6459 6531
6463 6535
6464 6536
6467 6539
6471 6543
6482 6526
6489 6513
6497 6521
12997 13047
12999 13049
13000 13050
