$SPEC_ID:
GAMWIN
$SPEC_REM:


$DETDESC:

$DATE_MEA:
03/31/2025 07:53:07
$MEAS_TIM:
26228.63 26296.86
$MCA_CAL:
3
1.32118272781372E+001 1.29107522964478E+000 0.00000000000000E+000
$DATA:
0 2047
0
0
0
0
0
0
0
0
0
0
0
0
0
0
0
0
0
0
0
0
0
1829
1673
1532
1530
1491
1561
1487
1529
1537
1566
1515
1465
1435
1372
1343
1386
1433
1469
1614
1684
1842
1876
1934
2017
2101
2292
2441
2724
3269
3536
3780
3743
3716
3499
3123
2830
2504
2349
2372
2331
2229
2136
2101
1878
1720
1521
1478
1321
1279
1148
1129
1090
1095
1107
1115
1075
1079
1015
1035
1023
975
982
1055
1018
1059
1044
1045
1084
1172
1140
1115
1118
1140
1074
1045
1069
1096
1095
1056
1085
1034
1062
1118
1050
1024
1007
1013
1072
1010
1007
1015
1025
910
958
957
975
929
935
930
971
950
931
935
902
950
972
1068
987
1126
1052
1032
1049
1053
1050
985
945
970
907
840
917
967
860
939
931
911
942
955
958
919
966
863
934
912
869
842
888
916
989
1065
1077
1217
1315
1545
1665
1843
1920
2093
2277
2197
2203
2135
2021
1869
1623
1447
1295
1170
1013
906
807
725
693
632
637
637
627
655
706
650
667
650
642
662
717
627
680
710
711
689
690
687
756
741
812
802
866
900
952
945
842
927
937
871
858
791
699
708
670
592
542
543
499
514
465
433
429
481
478
488
510
563
536
574
621
591
621
666
738
776
816
835
891
895
921
922
1015
1029
1082
1069
1119
987
1022
1002
955
893
818
782
670
640
520
502
409
399
424
330
334
334
313
286
305
278
343
274
283
310
288
266
288
291
275
285
254
318
286
262
295
311
293
284
272
290
312
289
300
280
272
263
281
307
259
265
256
235
239
241
244
259
235
229
221
217
242
225
223
235
223
239
239
252
248
215
237
255
244
265
299
269
261
275
253
250
261
259
259
296
251
267
278
258
241
240
214
229
225
227
218
259
228
221
229
226
228
238
230
238
196
245
279
265
268
256
265
304
312
331
347
331
303
290
310
292
283
240
253
257
206
228
232
225
192
200
210
185
211
179
196
186
216
181
192
193
171
174
212
205
210
198
200
195
208
203
246
246
241
236
275
281
284
296
329
329
333
350
387
445
406
452
499
486
488
448
467
459
442
472
470
466
442
464
474
484
502
522
537
517
520
525
483
536
531
523
536
460
460
409
431
357
393
339
289
282
265
243
229
193
176
194
159
160
183
160
167
154
161
138
161
151
138
185
144
165
164
154
160
132
147
153
179
159
154
156
143
151
165
164
143
145
159
168
149
160
165
135
147
149
149
152
143
132
135
152
169
127
159
134
149
175
170
158
144
152
142
150
161
145
179
152
178
171
190
170
173
189
178
184
212
174
180
193
190
189
168
164
178
180
153
155
160
158
164
147
135
150
134
159
133
175
156
171
155
161
167
178
178
196
188
195
207
163
178
182
166
158
146
164
186
168
182
193
147
157
181
178
195
159
162
171
146
143
153
130
161
143
146
142
151
141
147
127
133
136
140
123
126
153
118
138
140
122
121
141
124
145
140
145
143
140
142
123
115
129
133
134
146
133
145
154
124
122
111
125
154
128
128
154
126
124
113
132
125
114
132
128
121
95
131
123
138
116
147
135
156
145
141
163
157
181
155
184
185
153
198
191
217
217
233
218
220
240
244
244
264
228
227
232
234
201
222
214
205
197
196
167
174
146
158
164
170
143
167
136
161
140
139
144
154
166
144
151
155
152
176
197
172
183
175
181
188
213
210
206
152
200
195
217
235
209
177
174
165
157
177
170
155
158
147
140
138
125
115
128
98
121
124
111
113
98
115
96
93
118
94
106
84
115
100
87
87
99
105
104
85
112
91
94
94
87
96
96
94
97
95
99
85
86
90
94
93
101
88
84
118
118
91
105
107
79
99
112
93
96
95
110
108
86
99
103
102
108
105
137
87
95
111
130
83
108
108
100
102
105
135
110
112
110
129
124
122
128
130
130
141
137
135
140
142
138
127
137
136
158
144
154
155
145
149
157
144
156
156
160
154
146
162
155
151
133
135
134
113
125
122
115
120
124
130
116
119
116
110
111
101
109
118
75
98
99
111
89
96
114
96
96
105
99
109
92
103
84
94
109
117
113
114
102
116
113
102
108
108
122
93
100
117
109
103
117
115
98
121
108
106
90
134
116
100
120
83
112
112
114
111
125
126
116
112
100
97
107
106
103
115
109
117
111
104
97
105
84
97
97
86
80
98
87
86
89
85
81
80
70
68
66
82
86
91
79
67
48
66
48
70
58
54
64
64
50
69
54
49
65
68
56
50
62
56
58
54
59
54
52
51
48
40
52
52
42
46
43
50
48
33
45
42
56
36
47
45
43
37
49
34
48
41
37
23
42
49
48
49
33
36
37
46
61
45
45
38
41
47
41
40
50
42
61
49
54
50
54
59
59
48
59
65
62
53
69
51
52
47
59
59
61
56
63
51
57
74
51
71
69
71
71
51
57
67
58
53
76
71
71
72
61
68
93
103
84
104
98
97
115
115
144
146
156
165
172
230
209
232
259
239
274
265
293
349
344
361
337
399
409
450
441
440
517
432
436
455
455
459
466
497
465
451
434
407
374
377
358
323
309
323
242
222
180
223
187
183
162
132
131
118
132
100
106
81
102
61
71
71
47
63
52
49
60
41
37
40
46
29
39
35
36
42
27
31
38
31
37
26
39
32
28
22
28
29
32
29
30
16
24
31
24
24
26
31
26
24
27
34
18
29
21
25
30
25
17
33
30
21
24
19
35
27
26
27
42
34
39
36
38
44
36
35
42
46
35
39
28
30
39
31
30
36
35
40
29
25
22
25
39
30
29
26
36
29
31
23
25
40
27
25
42
33
29
35
24
31
32
28
20
25
15
22
35
20
33
20
22
32
16
22
16
16
28
26
23
17
19
23
24
18
18
25
25
24
22
18
17
30
21
29
20
17
22
21
15
19
19
17
16
29
18
22
18
24
11
16
25
18
20
22
23
19
30
27
30
28
22
31
19
29
28
28
29
22
33
21
27
39
26
32
26
42
36
36
44
38
35
39
41
40
39
51
44
49
35
51
52
50
47
55
58
55
50
56
43
47
43
49
45
61
43
48
42
33
42
24
32
19
33
29
34
31
29
23
21
27
20
22
20
26
23
22
21
21
14
22
21
21
15
23
22
19
16
21
20
16
7
19
26
20
25
19
19
21
21
17
23
17
25
20
18
19
17
19
13
16
21
19
22
16
24
11
12
14
12
20
17
14
13
25
8
16
15
17
16
19
16
17
14
17
15
12
16
17
11
11
16
8
18
11
11
16
25
10
10
21
11
14
7
14
13
15
19
11
20
18
11
10
21
14
13
7
11
21
13
10
9
12
12
11
11
18
12
12
14
12
20
14
14
14
11
9
14
13
11
17
15
23
6
9
20
19
14
15
10
14
14
13
17
19
14
17
17
15
9
11
15
12
15
16
16
10
17
16
12
16
4
14
11
15
12
10
12
14
15
9
11
13
8
14
16
6
11
12
4
15
18
25
15
11
5
12
16
10
18
12
4
17
16
10
17
9
14
9
12
10
16
9
10
14
13
10
12
13
11
18
21
12
10
17
17
18
15
17
12
15
23
5
20
17
19
17
22
20
18
20
21
22
22
25
21
23
26
30
19
26
34
19
16
21
17
25
24
16
24
18
22
23
21
23
10
18
15
15
14
18
16
11
13
21
30
23
16
9
12
15
18
20
18
13
11
16
14
5
13
10
10
11
18
17
14
16
15
10
12
13
14
19
13
15
17
23
20
26
16
12
8
22
19
13
22
15
28
20
22
16
20
24
17
22
16
19
17
20
21
16
16
20
22
23
24
18
25
23
15
23
18
18
11
13
19
11
14
9
14
15
21
13
12
17
9
9
13
10
13
22
20
15
11
8
16
13
16
13
8
16
11
7
11
12
11
14
9
15
10
13
9
14
10
15
17
18
13
13
13
17
13
19
22
16
17
14
17
13
13
21
15
12
14
12
11
17
11
5
12
14
13
21
16
18
10
16
5
16
9
16
10
15
12
9
10
7
16
13
15
10
9
10
19
18
19
5
6
15
14
7
13
13
7
15
18
16
7
14
13
7
7
12
18
10
10
3
7
4
8
12
8
8
12
12
9
12
9
10
5
6
8
13
15
7
6
4
8
7
12
12
13
17
16
12
7
7
8
11
8
8
6
13
11
9
12
11
8
8
9
5
7
6
9
9
7
13
8
13
8
10
8
6
6
9
14
8
8
5
7
12
7
6
7
5
8
4
5
10
7
6
4
8
8
9
9
5
7
9
5
6
9
8
10
7
7
6
5
8
8
6
4
11
6
10
10
9
7
5
8
3
7
3
6
7
6
9
12
3
6
5
7
13
9
10
10
6
6
2
11
9
11
10
6
7
10
11
12
10
11
8
15
18
24
13
18
16
14
23
18
9
14
23
26
31
32
29
29
22
27
33
36
31
47
39
40
35
34
29
44
41
44
46
39
36
45
46
46
35
30
29
31
47
38
36
36
36
24
37
39
27
41
23
18
24
23
23
22
14
18
27
14
12
13
17
20
14
9
16
8
13
5
13
4
8
9
6
14
10
7
7
14
7
7
4
6
8
7
11
9
8
5
8
5
11
8
7
4
9
8
3
5
6
6
7
5
5
5
3
3
9
5
11
5
6
1
6
2
6
8
7
4
5
8
4
7
7
4
4
5
2
6
3
8
7
7
8
6
4
4
5
5
4
3
8
5
5
3
3
5
9
6
1
8
5
4
7
6
4
3
$ROI:
39
424 531
429 529
440 544
440 545
440 549
443 544
443 553
490 516
679 1395
772 934
800 953
827 855
828 856
840 1946
849 1974
857 2002
872 900
880 1058
887 915
914 1083
1010 1038
1208 1258
1345 1375
1418 1448
2436 2526
3229 3279
3607 3645
6449 6521
6459 6531
6463 6535
6464 6536
6467 6539
6471 6543
6482 6526
6489 6513
6497 6521
12997 13047
12999 13049
13000 13050
