$SPEC_ID:
GAMWIN
$SPEC_REM:


$DETDESC:

$DATE_MEA:
03/31/2025 15:12:34
$MEAS_TIM:
57807.17 57966.01
$MCA_CAL:
3
1.32118272781372E+001 1.29107522964478E+000 0.00000000000000E+000
$DATA:
0 2047
0
0
0
0
0
0
0
0
0
0
0
0
0
0
0
0
0
0
0
0
0
4009
3541
3467
3464
3386
3487
3508
3466
3478
3588
3431
3302
3315
3326
3238
3298
3477
3620
3900
4109
4476
4758
4867
5157
5155
5677
6098
6633
7629
8444
9122
9275
9046
8205
7689
6635
6095
5663
5552
5609
5537
5284
5086
4625
4282
3889
3528
3119
2869
2846
2657
2564
2429
2525
2419
2470
2355
2441
2382
2409
2314
2301
2337
2355
2459
2402
2475
2519
2503
2597
2612
2671
2605
2471
2543
2429
2543
2444
2581
2445
2510
2337
2479
2518
2485
2369
2377
2391
2387
2283
2335
2199
2297
2266
2175
2158
2133
2030
2120
2162
2100
2073
2151
2143
2229
2261
2248
2347
2415
2527
2455
2505
2439
2437
2358
2245
2176
2151
2099
2046
2065
2156
2129
2174
2139
2041
2200
2185
2103
2033
2038
2065
2002
2012
1995
1969
2056
2243
2435
2442
2810
3206
3550
3868
4401
4841
5024
5426
5411
5480
5097
4747
4373
3931
3447
3090
2571
2272
2047
1800
1645
1588
1541
1403
1466
1375
1513
1536
1461
1502
1584
1482
1540
1645
1464
1496
1452
1470
1528
1544
1561
1699
1672
1795
1940
2029
2065
2164
2151
2166
2138
2072
2050
1841
1823
1657
1591
1365
1295
1208
1134
1129
1015
1067
1019
1062
1020
1043
1060
1207
1240
1221
1261
1374
1430
1458
1527
1654
1744
1862
1850
1932
1954
2238
2265
2394
2424
2367
2588
2519
2532
2497
2314
2174
2093
1923
1757
1502
1380
1313
1071
1004
921
843
809
688
721
692
642
703
661
616
654
724
670
664
650
660
628
629
656
653
662
635
650
669
679
700
666
634
610
681
648
623
636
611
618
604
598
588
558
547
524
549
534
498
557
518
503
525
467
498
467
511
498
526
516
474
527
491
555
521
565
558
528
561
585
530
617
591
619
562
613
642
579
554
577
577
556
511
512
540
485
467
541
462
473
487
448
509
478
496
479
501
504
575
551
548
584
567
629
659
648
646
722
703
712
674
676
667
623
650
624
577
534
546
510
446
465
430
458
418
453
424
448
401
417
438
438
418
424
390
380
379
395
416
415
437
428
453
456
440
481
525
546
526
591
579
706
670
768
812
828
861
944
1041
1011
1044
1078
1139
1106
1122
1139
1138
1028
1092
1113
1153
1161
1136
1101
1199
1138
1228
1220
1229
1222
1268
1265
1173
1218
1203
1170
1035
1000
914
943
827
770
713
603
570
515
463
429
416
405
371
347
345
348
364
324
343
327
284
312
308
317
326
331
326
362
333
326
339
344
302
324
336
341
293
309
303
291
304
291
344
322
287
347
292
290
313
324
330
313
259
317
296
311
343
327
325
305
281
301
337
344
352
328
345
347
341
332
358
362
335
355
402
392
443
435
427
403
407
393
411
389
388
357
397
355
358
358
342
355
300
377
361
348
340
325
353
326
322
364
366
365
364
368
373
393
356
392
400
362
379
406
391
409
407
360
382
369
360
365
344
331
381
334
323
333
355
328
375
316
330
310
303
300
295
289
287
264
277
286
265
267
285
280
264
266
266
255
266
274
244
277
273
298
283
272
295
305
284
263
249
254
276
276
277
259
274
267
273
286
258
280
285
288
265
271
262
288
266
283
270
252
264
228
236
213
278
252
253
248
277
253
271
252
275
308
336
295
299
315
348
393
382
402
423
477
464
509
502
494
509
530
507
533
557
501
464
528
515
474
463
461
458
421
418
381
395
348
339
341
308
322
306
301
310
300
277
288
304
301
286
333
317
332
347
330
382
420
350
395
411
429
439
436
407
344
452
400
372
395
426
388
405
381
328
309
332
297
306
283
272
278
234
225
260
209
234
190
229
211
216
206
228
201
186
204
184
198
186
160
154
180
192
174
153
164
168
192
195
178
164
165
187
192
187
168
185
168
168
178
172
154
189
160
173
154
179
167
175
158
188
173
183
168
205
175
161
205
215
178
219
214
202
168
182
196
203
175
195
172
190
203
224
191
218
207
215
209
195
214
221
195
212
232
226
260
257
231
253
261
287
289
297
316
293
281
299
323
310
291
288
337
315
297
277
258
265
306
273
259
246
236
258
216
210
195
197
204
210
234
231
216
198
213
165
210
184
212
214
175
158
173
181
178
174
173
181
165
207
172
190
157
187
179
186
170
183
150
157
185
191
172
171
211
185
166
194
210
173
170
182
201
192
173
183
201
192
181
177
183
162
206
191
177
184
192
192
199
181
196
185
207
201
188
190
194
207
204
209
217
182
179
180
171
171
175
159
159
172
156
134
149
129
140
129
120
155
126
127
148
129
147
127
128
125
133
130
114
112
131
135
123
118
101
104
120
103
100
98
95
93
103
92
96
105
110
87
96
92
113
101
112
96
83
103
101
88
99
98
104
93
90
89
82
77
97
83
93
73
85
89
100
82
105
81
108
93
84
102
101
91
103
92
84
91
95
112
99
116
99
106
121
110
120
123
130
114
96
103
123
115
124
126
137
128
123
99
104
141
139
134
114
133
151
128
148
115
115
122
127
135
135
150
132
152
130
122
117
146
161
162
206
171
208
211
192
234
248
242
249
296
347
310
380
390
405
438
453
494
535
503
577
559
599
594
670
691
645
704
683
669
738
661
653
675
635
619
642
542
606
538
507
435
458
403
386
360
385
350
284
287
265
227
223
192
203
173
146
150
117
118
164
132
137
113
88
104
102
94
91
69
91
80
81
89
80
83
84
77
81
73
77
85
74
70
66
76
75
69
81
73
50
63
49
54
67
65
63
54
61
54
67
65
83
63
68
72
63
53
72
71
63
62
74
58
72
74
82
67
92
72
82
89
81
85
83
83
83
85
68
101
65
79
94
78
89
76
81
76
73
68
86
75
83
71
82
76
73
84
72
73
69
88
69
77
63
66
62
73
73
58
64
58
57
54
63
62
52
64
48
53
52
53
56
57
52
54
53
45
51
46
47
48
57
45
45
55
46
50
50
50
47
51
57
48
42
53
48
38
43
50
54
56
46
41
41
46
44
48
61
61
54
58
45
56
39
40
45
54
60
70
43
63
63
65
65
64
68
58
81
68
71
68
89
86
88
86
95
86
98
90
87
110
94
105
97
94
114
85
115
101
104
91
123
120
125
107
116
104
117
112
103
107
88
102
79
112
95
98
92
101
74
62
76
59
61
68
77
61
63
57
66
57
48
57
37
37
47
44
32
53
51
48
39
40
33
38
52
31
49
38
36
39
38
36
48
45
44
33
46
41
50
45
54
50
50
45
44
37
43
51
39
43
40
34
30
48
30
45
39
46
45
42
48
28
47
50
35
48
34
32
38
22
36
38
33
34
50
35
27
34
37
38
29
36
29
28
31
24
32
29
32
28
39
28
32
31
31
31
24
32
31
24
44
36
24
43
33
35
33
27
30
34
35
35
41
37
22
39
27
36
39
27
28
32
32
23
37
30
23
33
40
33
30
44
28
26
29
22
37
37
30
20
38
28
41
28
31
34
25
25
33
29
26
24
31
39
35
30
31
31
33
40
23
31
29
30
30
23
30
31
23
33
31
32
31
25
42
33
37
31
22
30
36
30
30
24
26
46
36
33
29
21
23
30
24
33
23
33
35
37
27
31
27
29
33
28
30
28
33
32
36
42
29
47
38
39
34
39
47
37
42
40
50
47
37
34
35
38
47
40
49
50
50
47
56
54
54
45
47
52
43
63
46
52
40
57
41
57
62
48
34
46
59
53
36
47
40
46
46
44
39
42
34
44
38
41
33
22
49
30
42
32
27
31
29
36
39
44
35
28
48
33
38
24
24
39
29
35
38
41
41
36
37
56
31
53
38
46
36
38
46
34
39
41
52
41
53
52
40
52
47
56
54
61
42
41
62
43
48
31
47
45
57
34
39
36
33
34
45
42
41
39
47
44
40
33
36
38
41
32
26
32
28
27
23
30
35
29
36
31
33
46
37
26
32
37
39
34
26
33
27
39
39
43
31
35
36
25
30
34
28
25
27
42
34
38
21
31
27
35
38
32
39
37
29
33
22
36
34
33
40
31
37
36
36
32
24
42
35
33
30
36
33
29
29
31
21
30
35
36
25
30
28
29
25
35
25
35
34
39
35
27
27
36
32
23
25
25
33
24
25
24
26
34
17
30
38
25
25
26
24
29
28
28
28
26
17
22
28
26
31
31
25
23
35
16
21
25
22
36
26
27
26
22
17
20
28
18
29
22
22
15
19
15
25
21
24
26
22
29
27
20
29
22
26
26
21
25
17
20
20
19
17
28
23
24
24
24
25
26
16
22
21
19
16
21
18
14
18
10
23
18
17
11
14
17
13
17
19
17
12
21
15
16
14
12
13
12
6
23
17
13
12
13
15
21
11
15
6
15
14
18
16
8
16
15
17
15
8
13
20
17
19
10
26
14
14
15
12
24
15
18
25
20
19
23
15
26
28
18
22
26
33
27
28
31
29
37
19
35
38
35
32
43
29
39
40
43
50
46
62
81
66
55
81
55
88
73
73
75
81
77
95
90
99
113
124
101
85
86
104
98
96
106
103
97
85
103
106
82
85
82
95
97
74
81
75
79
63
72
63
68
61
51
68
54
58
39
40
36
38
33
29
32
38
26
26
27
18
27
26
19
18
23
23
22
16
31
17
14
16
22
14
9
13
13
11
22
14
11
13
13
7
18
13
10
11
12
18
14
12
14
13
10
9
13
16
13
7
13
15
13
13
11
9
9
8
9
13
11
13
6
15
7
17
20
11
18
18
15
8
12
9
14
13
12
9
13
6
10
9
19
15
13
9
18
12
8
13
9
8
8
13
18
7
11
13
14
8
$ROI:
39
424 531
429 529
440 544
440 545
440 549
443 544
443 553
490 516
679 1395
772 934
800 953
827 855
828 856
840 1946
849 1974
857 2002
872 900
880 1058
887 915
914 1083
1010 1038
1208 1258
1345 1375
1418 1448
2436 2526
3229 3279
3607 3645
6449 6521
6459 6531
6463 6535
6464 6536
6467 6539
6471 6543
6482 6526
6489 6513
6497 6521
12997 13047
12999 13049
13000 13050
