$SPEC_ID:
GAMWIN
$SPEC_REM:


$DETDESC:

$DATE_MEA:
03/28/2025 15:02:49
$MEAS_TIM:
229227.52 229755.45
$MCA_CAL:
3
1.32118272781372E+001 1.29107522964478E+000 0.00000000000000E+000
$DATA:
0 2047
0
0
0
0
0
0
0
0
0
0
0
0
0
0
0
0
0
0
0
0
0
12299
10889
10402
10498
10173
10444
10680
10595
10491
10525
10353
9885
9612
9267
9194
9341
9540
10193
10926
11308
12362
12669
12993
13585
13995
14909
16533
18285
21064
23467
24952
25730
24934
22920
21002
18750
16773
15908
15615
15405
15091
14655
13802
12940
11906
10632
9731
8749
8102
7554
7324
7003
6950
6748
6737
6551
6630
6433
6358
6448
6311
6251
6490
6494
6595
6727
6731
6845
6933
7171
7158
7079
7004
7094
7033
6820
6730
6767
6622
6604
6604
6692
6763
6679
6706
6627
6681
6482
6477
6554
6338
6188
6219
6031
6036
6000
5919
5854
5833
5743
5798
6020
5875
5947
6077
6351
6608
6684
6847
6844
6947
6914
6701
6634
6345
6308
6081
6014
5813
5901
5842
5872
5883
6044
5918
6094
6153
6085
5812
5930
5796
5657
5589
5740
5628
5608
5894
6093
6510
6956
7735
8547
9600
10833
11909
12948
13900
14716
14771
14789
13904
13389
12199
11110
9874
8461
7382
6514
5625
5152
4675
4477
4114
4243
4087
4121
4186
4157
4295
4274
4324
4414
4546
4525
4397
4476
4368
4377
4292
4428
4586
4738
4934
5230
5306
5624
5879
5923
6045
6214
6166
6080
5875
5474
5252
4917
4363
4168
3768
3535
3305
3191
3085
3073
3022
2921
2943
2962
3106
3325
3373
3634
3691
3807
3940
4157
4367
4598
4731
5039
5307
5675
5927
6090
6390
6570
6798
6899
7113
7280
7250
6902
6711
6277
6057
5504
4943
4513
4078
3621
3246
2948
2682
2490
2236
2126
2053
2038
1935
2011
1855
1866
2001
1876
1902
1924
1907
1866
1924
2009
1892
1901
1934
1858
1893
1888
1942
1927
1877
1923
1912
1877
1929
1854
1853
1823
1834
1679
1761
1738
1664
1573
1572
1607
1602
1592
1587
1526
1548
1464
1509
1479
1424
1532
1426
1467
1487
1436
1517
1611
1554
1619
1608
1655
1603
1696
1730
1698
1690
1746
1736
1747
1732
1749
1741
1758
1681
1646
1620
1634
1555
1536
1493
1533
1438
1442
1435
1464
1427
1419
1429
1458
1480
1453
1552
1564
1647
1740
1730
1812
1849
1942
2034
1943
2081
2120
2073
1979
2061
2134
1980
1957
1837
1780
1710
1597
1537
1489
1433
1402
1396
1313
1346
1228
1254
1174
1220
1255
1197
1197
1223
1262
1226
1251
1250
1203
1266
1293
1311
1280
1322
1399
1394
1471
1451
1552
1712
1747
1853
2053
2062
2164
2371
2489
2554
2753
2834
2796
2928
3020
3010
3159
3132
3143
3055
3178
3119
3019
3148
3307
3265
3355
3357
3288
3507
3631
3530
3577
3678
3564
3513
3460
3293
3123
2964
2862
2588
2425
2156
2028
1829
1679
1617
1460
1337
1229
1250
1146
1070
982
1048
1003
1000
982
963
1017
991
957
934
917
964
995
961
983
972
948
1014
1009
986
958
977
993
958
991
961
980
983
990
953
995
997
1004
919
934
914
882
928
945
933
936
934
943
912
886
950
938
946
922
962
943
1014
990
950
1026
1010
994
1068
1095
1102
1098
1235
1104
1115
1188
1140
1124
1121
1202
1162
1081
1154
1157
1125
1063
1079
1022
1031
985
1018
1007
983
953
998
930
1008
1020
996
1024
1024
1052
1027
1095
1096
1071
1089
1112
1051
1084
1100
1059
1143
1111
1096
1095
1141
1090
1106
1086
1029
1048
1043
1058
1057
1011
1026
1011
959
945
918
903
866
892
949
888
848
824
839
834
818
768
862
802
840
819
837
833
794
811
816
817
766
797
852
816
865
833
822
818
794
856
849
847
829
846
781
767
833
811
860
816
833
873
816
827
786
768
827
811
780
825
771
770
720
784
711
777
735
806
741
769
804
805
888
884
914
940
986
1005
1045
1149
1182
1180
1267
1295
1304
1440
1438
1398
1506
1468
1571
1492
1471
1496
1449
1373
1447
1323
1302
1227
1236
1182
1127
1053
1087
1021
956
948
919
948
959
894
948
894
887
871
910
966
956
987
951
934
994
1085
1128
1150
1181
1190
1246
1153
1199
1209
1178
1246
1201
1166
1101
1180
1073
1082
1024
1001
955
929
852
926
877
789
728
732
748
697
634
683
646
626
606
569
597
561
584
595
579
598
588
586
534
571
529
549
579
574
549
551
529
540
544
530
546
549
498
529
530
548
512
544
519
602
547
554
531
553
598
560
585
577
587
564
557
546
550
586
582
534
554
584
578
562
582
595
592
595
630
600
581
625
625
575
598
585
622
609
624
615
652
609
655
706
667
705
738
756
705
762
806
791
764
841
882
868
902
923
937
890
897
896
877
896
903
844
869
895
807
819
815
761
764
773
775
724
715
666
686
691
657
702
607
666
638
694
616
570
634
587
586
569
608
588
590
572
555
574
561
542
600
571
614
548
541
583
517
549
562
535
545
538
558
567
544
556
589
536
565
522
539
560
549
570
551
573
542
565
596
551
571
565
591
617
583
576
589
564
579
591
569
613
593
643
628
581
609
595
601
586
592
597
572
598
585
518
551
534
504
522
524
487
491
480
456
461
438
446
433
418
397
395
380
432
405
382
402
402
364
326
372
383
354
336
362
358
327
332
346
350
309
311
299
294
339
328
300
318
302
287
298
307
304
264
287
318
299
295
285
258
281
274
275
285
294
290
258
299
274
289
260
284
270
273
280
290
262
280
292
294
293
280
281
323
256
298
288
332
314
345
317
310
314
351
347
319
339
338
357
365
354
358
352
394
314
394
371
348
361
373
403
379
336
328
373
366
385
389
369
379
387
394
369
381
393
401
420
414
464
412
401
435
477
483
536
543
576
612
583
647
666
799
764
894
916
1004
1044
1108
1159
1333
1360
1457
1557
1643
1746
1678
1825
1864
1906
2041
2130
2103
2057
2110
2089
2083
2107
2065
1980
1923
1916
1819
1729
1684
1648
1510
1448
1356
1262
1210
1077
1038
1002
910
798
805
713
677
609
563
508
493
438
423
411
386
396
357
341
333
341
294
303
285
291
272
255
256
275
258
249
241
233
245
220
209
224
218
229
206
212
200
182
216
193
187
212
222
205
178
192
215
182
194
188
183
186
186
204
186
225
209
189
241
246
208
239
218
242
235
218
219
264
235
273
244
255
229
234
253
247
248
245
279
244
239
234
234
244
234
240
235
256
230
254
225
224
218
187
207
195
232
205
218
212
196
199
218
191
185
186
214
197
187
217
162
181
184
188
182
170
174
180
168
157
177
181
181
176
173
155
163
174
172
167
159
170
140
164
158
154
152
153
140
131
145
156
147
144
149
147
124
177
135
135
162
162
163
142
180
134
164
153
150
161
135
163
156
158
164
184
180
188
188
153
198
206
207
203
199
203
218
229
247
230
236
246
227
239
242
238
246
244
303
263
287
295
297
312
327
338
327
315
303
350
300
342
330
337
310
339
316
326
323
315
300
291
286
296
257
262
252
258
256
220
208
213
225
213
196
205
191
171
171
182
161
148
181
163
141
149
137
140
147
124
132
143
116
150
123
131
151
157
144
122
137
133
138
137
134
139
160
149
136
151
145
134
142
163
159
130
135
127
130
125
129
126
161
157
128
128
132
140
122
132
148
128
128
122
130
120
138
119
128
129
118
121
119
111
123
122
120
102
93
108
97
94
121
102
121
103
93
107
102
99
106
107
108
113
100
114
97
82
110
86
117
112
93
121
107
101
106
106
86
106
97
116
102
85
91
84
89
115
93
103
113
109
103
102
92
118
109
132
105
81
104
88
85
81
93
91
86
99
97
111
115
107
100
88
87
100
84
98
76
98
82
96
102
107
102
87
101
92
102
105
74
96
101
97
86
86
86
106
124
101
97
92
84
105
90
106
102
90
102
98
98
99
83
98
106
90
89
93
97
102
103
80
89
107
79
107
102
107
90
90
90
91
91
93
102
107
99
100
104
111
105
118
114
107
102
114
118
112
107
136
130
116
117
122
122
133
124
136
124
157
136
149
144
143
133
167
154
134
170
172
146
149
151
155
170
169
164
152
154
135
158
138
143
147
150
126
138
110
123
130
116
131
112
126
127
113
117
112
106
105
111
104
123
94
118
102
105
98
112
91
104
115
119
94
106
111
121
108
112
106
131
104
107
104
135
128
127
127
149
143
130
111
129
148
156
138
136
148
152
137
153
134
151
148
139
136
138
142
134
138
134
133
120
117
139
129
132
112
127
113
120
121
116
123
106
118
113
99
116
98
91
101
100
102
101
93
76
94
95
103
110
115
96
110
83
88
116
98
93
107
103
109
91
87
88
105
100
96
88
104
110
85
106
80
124
103
95
111
78
103
101
82
92
97
109
103
100
111
105
76
87
108
96
107
113
97
104
112
99
108
95
111
95
91
87
90
94
89
91
87
108
94
92
96
98
81
116
108
109
104
80
82
87
118
97
90
92
85
85
95
85
78
83
87
94
92
91
95
88
80
93
92
69
83
60
87
95
74
73
63
71
85
76
81
68
82
68
76
80
82
79
62
75
74
60
82
78
68
79
80
77
66
66
70
70
64
73
73
75
78
63
70
74
66
82
62
74
85
77
76
74
71
67
95
66
68
73
65
67
69
70
69
67
60
60
54
56
59
62
54
50
51
58
74
68
56
50
56
52
57
59
65
48
63
57
54
47
58
40
59
46
48
55
62
48
42
49
42
29
52
57
51
50
38
49
59
47
51
47
54
45
39
43
56
50
52
70
50
54
49
49
55
59
56
74
55
63
74
72
76
82
67
78
63
87
86
91
110
90
81
92
99
110
117
107
131
136
127
169
143
150
174
180
176
204
203
205
225
236
225
206
274
255
239
260
255
261
267
272
292
269
294
293
302
275
279
293
281
249
286
263
242
263
231
237
202
221
215
200
192
176
171
195
151
126
145
131
145
130
108
128
99
102
93
87
74
79
99
81
70
61
77
82
69
44
63
69
58
59
64
37
61
51
64
45
64
38
49
54
51
44
50
60
38
47
32
46
44
44
46
41
43
50
29
38
45
51
29
38
46
45
42
43
40
49
39
33
50
35
42
32
40
36
44
41
51
31
44
36
39
48
52
37
31
38
44
43
36
45
48
56
34
30
33
44
42
53
36
48
48
37
29
41
42
29
44
37
38
$ROI:
39
424 531
429 529
440 544
440 545
440 549
443 544
443 553
490 516
679 1395
772 934
800 953
827 855
828 856
840 1946
849 1974
857 2002
872 900
880 1058
887 915
914 1083
1010 1038
1208 1258
1345 1375
1418 1448
2436 2526
3229 3279
3607 3645
6449 6521
6459 6531
6463 6535
6464 6536
6467 6539
6471 6543
6482 6526
6489 6513
6497 6521
12997 13047
12999 13049
13000 13050
