$SPEC_ID:
GAMWIN
$SPEC_REM:


$DETDESC:

$DATE_MEA:
03/20/2025 14:32:43
$MEAS_TIM:
60591.24 60750.08
$MCA_CAL:
3
1.32118272781372E+001 1.29107522964478E+000 0.00000000000000E+000
$DATA:
0 2047
0
0
0
0
0
0
0
0
0
0
0
0
0
0
0
0
0
0
0
0
0
4361
3772
3636
3679
3523
3531
3692
3656
3642
3488
3498
3440
3345
3328
3301
3343
3513
3546
3865
4142
4354
4608
4739
4885
5039
5502
5874
6733
7598
8343
8936
9038
8817
8256
7447
6587
6098
5777
5578
5427
5478
5236
5049
4560
4186
3957
3573
3203
3043
2851
2685
2687
2633
2563
2558
2567
2609
2571
2481
2527
2448
2404
2361
2402
2511
2576
2632
2682
2698
2732
2678
2632
2722
2565
2546
2517
2613
2533
2582
2465
2524
2515
2516
2503
2459
2417
2498
2574
2407
2407
2386
2444
2300
2243
2248
2295
2245
2237
2154
2195
2247
2153
2176
2202
2207
2301
2496
2477
2489
2466
2529
2466
2441
2385
2335
2247
2268
2190
2077
2126
2085
2190
2194
2205
2220
2183
2235
2257
2200
2214
2172
2094
2098
2130
2086
2105
2167
2255
2430
2575
2808
3126
3549
3974
4323
4799
5035
5254
5314
5470
5182
4800
4385
3953
3479
3214
2672
2372
2098
1841
1801
1661
1570
1619
1494
1584
1489
1523
1617
1598
1632
1576
1604
1619
1627
1563
1590
1607
1613
1631
1659
1745
1744
1805
1923
1968
2088
2146
2101
2231
2178
2219
2077
1980
1865
1812
1620
1457
1431
1281
1228
1152
1090
1129
1099
1135
1130
1135
1169
1250
1257
1249
1359
1390
1453
1511
1528
1656
1738
1851
1874
1983
2090
2179
2299
2364
2374
2572
2526
2381
2500
2415
2399
2136
2012
1934
1767
1655
1452
1269
1169
1042
942
889
862
748
772
782
759
736
722
685
696
742
715
713
717
680
736
678
708
692
702
694
687
727
751
754
676
676
714
728
692
669
682
660
751
636
637
640
603
620
578
585
588
544
552
592
541
583
539
558
606
542
573
545
569
605
569
562
558
554
572
611
613
616
615
641
628
663
673
631
621
651
639
636
625
587
572
604
559
614
537
539
532
495
484
515
502
540
555
536
519
561
592
594
618
576
690
630
647
719
693
755
745
692
698
795
724
739
671
701
657
648
579
603
556
579
566
525
516
500
481
490
439
490
452
448
450
421
459
478
454
457
438
443
477
492
465
501
487
497
538
543
606
553
596
643
738
778
790
816
872
888
966
1014
1062
1086
1112
1185
1095
1182
1102
1260
1090
1118
1112
1116
1123
1144
1178
1171
1188
1224
1243
1262
1200
1255
1238
1234
1229
1251
1134
1109
1096
948
928
820
830
724
629
598
578
571
448
487
448
405
404
432
398
381
344
339
362
352
330
354
359
370
404
336
395
377
362
334
357
409
385
357
365
371
354
364
341
368
362
384
375
352
338
368
352
369
333
349
332
347
350
341
341
355
335
338
346
346
370
401
362
357
366
380
372
433
367
381
422
373
436
450
407
454
445
431
456
458
457
392
436
440
406
389
386
387
392
409
376
376
418
372
357
366
355
390
401
379
343
430
389
376
395
379
377
409
420
384
387
413
415
404
454
376
435
417
402
424
385
401
379
403
399
370
412
393
367
365
399
353
381
329
372
331
335
320
321
352
338
301
277
302
301
323
336
296
300
290
309
300
332
330
313
320
333
301
330
288
310
276
312
307
320
308
360
310
313
295
333
304
321
322
291
292
293
304
301
339
318
329
316
312
298
318
316
295
336
297
283
265
310
306
279
311
308
350
372
362
362
397
364
415
447
416
482
539
479
516
487
536
557
573
618
524
516
563
546
533
538
518
494
489
482
446
448
404
420
402
404
392
377
338
332
357
333
342
383
334
373
372
368
374
350
378
367
384
416
447
388
457
476
489
475
474
471
463
469
456
432
441
417
406
410
410
360
342
350
334
334
322
336
306
312
307
275
265
281
259
246
238
232
256
236
253
243
229
237
238
223
225
226
237
205
239
210
212
238
221
217
230
213
225
230
228
218
248
225
234
226
234
234
219
201
214
257
251
203
221
223
272
216
249
244
242
243
244
256
209
246
238
256
248
256
227
252
222
265
259
235
251
252
265
274
267
253
247
241
279
285
267
298
285
263
331
323
315
310
334
321
332
340
370
336
372
332
367
345
350
343
356
377
348
339
326
381
316
357
346
336
298
280
288
272
311
309
286
303
282
256
288
284
295
232
276
272
264
248
270
243
265
259
251
260
290
250
242
233
255
251
270
232
277
259
259
247
258
238
244
252
258
242
270
215
246
231
223
219
264
231
263
247
260
269
256
269
266
274
271
251
252
260
250
267
244
270
236
231
243
251
262
270
271
253
279
245
269
272
281
248
230
231
239
232
206
207
212
223
211
195
204
184
181
169
174
136
166
166
173
191
151
154
169
143
153
162
161
145
126
156
159
126
130
150
137
148
130
104
117
116
129
127
126
105
117
127
102
110
116
116
104
96
100
91
101
108
99
102
123
105
85
84
116
101
96
101
95
98
109
83
107
98
104
111
103
125
106
103
96
105
98
95
109
108
118
98
111
97
114
120
121
113
107
119
124
113
135
110
111
121
131
131
134
142
119
139
123
124
144
137
122
137
137
154
134
140
139
145
143
148
156
138
148
159
178
163
180
180
172
209
227
239
238
246
280
275
344
373
358
396
399
456
459
533
529
635
691
692
775
781
878
889
930
953
1010
1020
1043
1037
1106
1146
1133
1131
1063
1122
1074
1047
1030
1018
902
935
876
874
861
752
776
703
614
562
575
464
458
404
389
327
362
270
255
235
230
189
204
174
166
144
133
129
117
90
113
135
100
101
97
85
99
90
91
92
70
75
81
91
76
71
74
81
81
67
83
67
67
67
58
56
73
67
54
59
65
47
50
55
68
66
76
51
67
65
60
59
65
72
77
78
60
79
81
71
89
81
86
71
80
83
75
72
79
96
79
93
79
73
94
87
68
83
71
79
80
80
78
83
64
80
80
77
67
64
66
73
72
69
72
64
65
73
61
69
74
61
63
55
65
50
58
56
63
50
55
51
55
53
54
62
80
47
52
49
54
47
55
57
44
48
54
42
60
45
46
42
63
52
44
53
49
47
43
34
34
50
51
44
44
41
44
46
51
63
49
47
53
47
59
50
49
61
64
41
57
56
65
69
74
75
69
68
67
54
80
102
71
63
61
78
78
89
79
79
88
101
90
100
97
106
106
80
111
89
109
93
99
105
108
108
108
117
100
104
109
112
112
122
111
107
103
113
111
98
91
78
92
71
75
67
83
73
60
70
64
56
49
44
50
46
40
54
40
43
51
46
41
41
36
59
32
37
42
45
39
50
48
47
35
47
44
49
37
41
47
62
41
43
45
38
56
48
56
52
48
61
42
37
48
47
53
45
43
32
41
38
41
45
44
38
51
33
38
36
28
31
46
41
36
38
37
39
44
35
36
42
27
33
34
43
30
30
39
35
37
36
39
28
36
35
29
32
28
33
36
28
34
33
40
45
39
36
37
40
32
29
38
31
29
31
35
33
41
19
24
35
31
27
28
30
27
31
38
29
21
25
32
24
33
24
28
30
36
30
35
27
49
33
37
39
22
42
32
27
28
24
33
24
25
29
30
33
29
32
27
21
25
23
40
28
34
40
32
34
28
29
30
31
34
27
28
36
31
32
28
32
34
31
30
32
32
28
22
24
25
27
21
19
21
31
35
29
35
33
25
38
34
27
42
34
35
23
38
27
38
33
41
33
36
30
33
27
28
26
27
30
37
38
34
50
47
31
44
46
42
41
57
47
47
51
47
38
48
48
57
60
53
48
56
60
45
55
42
59
48
65
44
51
58
46
56
48
48
32
40
44
51
42
49
39
43
31
42
48
42
43
32
25
39
42
37
38
38
46
32
27
36
38
33
26
33
34
32
36
38
44
29
35
37
37
36
32
27
42
45
40
40
38
49
45
43
56
40
50
43
42
46
67
51
44
34
45
49
43
44
47
47
49
42
48
37
37
42
53
46
43
46
47
35
40
41
37
32
44
35
25
38
40
30
31
38
34
25
38
31
28
21
33
38
24
27
26
33
24
30
41
30
39
32
24
35
34
29
36
27
40
27
33
28
46
29
30
26
38
40
24
31
32
28
36
26
33
29
28
32
36
30
30
29
35
29
35
39
32
32
28
26
32
35
30
31
26
31
34
39
20
32
22
46
25
37
34
26
42
23
40
25
33
40
38
29
41
36
24
38
37
29
35
26
22
31
35
30
33
30
31
29
27
29
25
30
20
21
21
27
31
27
28
32
13
17
31
17
30
26
29
20
17
21
14
25
21
22
25
29
21
21
27
24
22
20
29
18
25
22
21
26
22
27
19
21
31
23
30
17
15
26
18
19
26
14
22
22
25
25
26
22
24
22
20
21
15
19
14
20
13
20
15
15
15
22
20
14
13
19
18
24
14
13
21
18
15
17
18
16
12
15
17
15
21
11
19
16
15
15
14
12
18
20
12
16
13
14
15
18
9
9
13
21
14
16
19
23
20
16
16
10
17
15
21
8
18
17
16
16
20
18
20
12
17
19
25
23
29
35
22
36
40
23
29
36
35
37
38
38
52
54
53
63
52
71
80
46
52
83
68
87
81
92
79
82
86
98
85
88
94
102
97
100
90
105
90
106
103
103
82
98
81
89
78
75
101
90
76
82
77
73
73
73
67
53
65
60
43
36
36
46
28
30
39
26
44
35
25
19
22
22
25
27
24
18
13
17
15
19
16
14
13
15
20
15
16
11
14
13
11
13
15
15
7
16
15
16
11
15
12
12
8
10
14
17
14
13
9
15
18
9
10
8
15
15
14
9
13
9
12
12
11
10
10
7
8
10
12
8
8
9
8
13
11
13
8
11
8
17
11
8
11
13
12
6
17
8
13
13
14
8
16
10
16
7
15
13
11
14
15
$ROI:
38
424 531
429 529
440 544
440 545
440 549
443 544
443 553
490 516
679 1395
772 934
800 953
827 855
828 856
840 1946
849 1974
872 900
880 1058
887 915
914 1083
1010 1038
1208 1258
1345 1375
1418 1448
2436 2526
3229 3279
3607 3645
6449 6521
6459 6531
6463 6535
6464 6536
6467 6539
6471 6543
6482 6526
6489 6513
6497 6521
12997 13047
12999 13049
13000 13050
