$SPEC_ID:
GAMWIN
$SPEC_REM:


$DETDESC:

$DATE_MEA:
03/20/2025 06:55:14
$MEAS_TIM:
27295.88 27370.01
$MCA_CAL:
3
1.32118272781372E+001 1.29107522964478E+000 0.00000000000000E+000
$DATA:
0 2047
0
0
0
0
0
0
0
0
0
0
0
0
0
0
0
0
0
0
0
0
0
1875
1658
1646
1600
1543
1684
1697
1678
1675
1667
1578
1602
1559
1541
1532
1533
1605
1729
1723
1919
1991
2040
2192
2188
2280
2446
2766
2917
3510
3771
4150
4260
4101
3811
3347
3085
2824
2544
2531
2578
2511
2355
2295
2255
1925
1758
1681
1434
1439
1308
1266
1207
1206
1195
1118
1130
1079
1134
1101
1109
1138
1142
1048
1088
1112
1163
1211
1155
1255
1199
1176
1278
1219
1215
1222
1196
1177
1178
1166
1181
1183
1182
1060
1166
1113
1124
1118
1135
1089
1073
1093
1013
1050
1022
1020
1006
1002
923
967
917
949
980
1002
1004
1041
1047
1098
1110
1093
1222
1116
1167
1135
1093
1096
1081
1010
964
971
990
972
1048
989
982
941
1044
970
1016
984
1020
1020
947
906
904
948
978
950
1051
1112
1185
1305
1446
1622
1883
1995
2185
2362
2432
2565
2518
2399
2244
2077
1845
1656
1439
1259
1150
920
896
775
765
680
719
669
703
672
678
724
727
718
705
736
698
686
658
705
724
687
690
774
749
814
803
855
825
923
952
969
967
949
935
964
850
839
758
679
649
650
581
518
526
499
535
469
498
514
517
500
545
544
620
576
640
665
726
773
784
805
839
850
925
895
984
1038
997
954
1059
1085
1168
1088
1084
1007
1003
951
810
812
672
617
567
499
435
407
393
402
367
327
365
360
311
324
313
300
326
308
293
314
287
330
278
341
293
283
328
306
334
320
294
303
348
305
280
342
296
265
277
288
285
312
287
281
271
268
292
277
259
247
248
238
259
263
254
245
233
263
258
255
233
251
249
236
241
279
259
275
278
281
261
294
294
295
273
279
295
280
320
275
280
267
265
240
237
279
247
234
278
256
258
228
254
239
257
218
226
253
239
293
245
311
315
314
338
329
320
340
349
344
379
327
324
289
329
299
287
264
291
241
240
258
211
223
240
215
218
210
220
196
223
179
199
207
213
200
202
182
218
209
221
213
195
235
217
237
246
237
293
269
311
350
325
394
358
425
417
444
448
504
486
489
510
503
499
530
527
528
534
490
489
545
475
503
533
508
525
516
513
538
542
562
507
512
515
485
480
453
421
380
331
381
342
268
288
248
194
249
202
202
175
149
189
165
154
152
162
134
162
173
152
161
187
166
157
157
168
151
148
152
178
149
158
154
159
132
161
150
152
149
147
168
136
129
170
161
162
145
145
122
160
141
155
154
143
136
170
171
160
143
154
141
154
146
189
182
181
156
186
172
174
188
157
192
177
205
197
209
198
188
186
197
196
216
169
187
188
191
166
169
173
189
154
185
172
168
180
174
179
177
188
157
182
171
185
181
166
190
175
180
209
188
185
190
183
189
181
180
191
173
172
184
166
180
152
190
149
153
154
174
181
149
183
187
147
129
147
137
136
147
139
135
123
137
133
172
150
125
126
126
161
151
116
142
147
158
144
152
138
147
160
132
140
162
146
144
135
149
133
145
119
125
135
154
145
138
143
144
148
145
138
121
130
131
128
124
135
139
135
111
143
130
124
150
128
118
157
155
148
160
191
154
193
188
199
219
249
237
219
223
261
255
253
271
256
261
259
249
240
227
276
238
229
239
212
196
187
179
187
173
173
160
155
155
163
167
160
191
165
150
173
164
167
200
186
179
205
198
208
230
214
216
221
200
195
224
209
208
211
211
197
190
203
160
179
178
169
147
178
152
148
126
131
132
125
136
145
100
103
118
114
121
120
102
98
106
100
110
105
100
88
116
99
84
104
87
96
99
95
93
99
105
94
101
114
94
104
101
98
102
107
96
115
108
107
81
105
91
86
120
92
109
125
99
103
103
112
113
98
106
111
112
102
110
115
127
118
114
94
117
95
110
101
124
117
116
102
108
118
124
132
125
126
103
138
120
115
139
137
147
153
125
125
162
151
161
156
156
168
173
137
150
141
123
174
160
146
117
127
154
131
120
129
127
111
118
114
105
117
109
123
131
111
111
107
109
105
120
108
110
102
112
110
101
106
100
105
109
99
103
91
110
112
78
112
107
100
99
106
92
126
110
108
91
85
95
109
107
102
92
111
114
122
117
101
110
100
113
83
113
102
114
111
138
99
106
126
88
122
112
122
119
102
109
103
106
96
111
104
101
100
114
92
98
115
79
88
94
93
73
76
70
81
88
79
82
73
73
65
78
73
72
69
70
62
50
65
47
55
56
60
64
70
62
57
52
65
53
53
43
59
63
55
46
58
47
54
50
48
53
44
50
41
38
45
38
50
46
46
41
52
43
54
36
41
51
38
37
39
47
44
42
48
31
62
48
48
43
32
37
42
52
46
48
56
51
49
41
43
50
46
50
41
61
44
64
57
51
48
52
52
65
64
47
60
68
57
60
66
61
68
58
61
44
61
57
69
71
52
58
54
55
73
64
77
69
70
75
81
93
95
101
99
109
111
126
139
133
164
180
184
180
205
227
245
247
282
299
326
364
367
362
393
354
442
464
467
442
505
468
465
505
472
448
452
468
468
439
439
392
382
367
336
302
280
281
261
246
242
227
191
195
160
143
147
139
109
107
102
106
81
89
66
61
72
60
53
57
54
55
55
30
48
35
40
36
36
37
23
42
34
32
39
24
35
30
32
37
28
37
37
27
32
24
26
20
29
33
29
31
31
30
24
27
26
30
39
26
39
35
34
42
39
33
44
34
28
39
31
34
25
36
34
36
47
41
34
28
29
39
32
48
36
41
36
51
39
42
36
39
39
37
32
28
39
30
37
29
24
38
33
44
37
34
37
32
24
27
31
25
22
24
27
27
18
36
30
32
23
23
22
29
29
32
25
24
16
27
21
14
21
23
20
29
17
26
20
17
26
28
22
24
21
17
28
25
16
30
20
17
25
27
20
17
25
22
21
28
21
25
24
21
33
27
22
22
23
22
20
22
31
20
32
24
20
31
23
28
33
29
26
42
26
28
25
30
35
32
33
47
51
28
60
35
57
50
45
47
49
44
48
43
50
37
48
50
40
52
40
53
44
35
46
43
44
41
49
39
35
50
34
36
36
39
30
26
37
17
26
23
17
26
27
28
16
19
25
20
24
17
30
19
24
17
10
15
20
13
10
12
19
20
13
15
22
18
22
18
23
15
19
16
23
18
20
23
18
18
8
15
29
23
21
18
14
15
14
25
20
13
11
19
22
19
21
15
20
11
16
18
24
15
14
14
15
16
12
18
9
11
22
16
13
17
20
14
16
7
14
7
21
15
13
19
18
10
25
16
8
19
18
11
15
10
19
13
10
16
18
14
11
14
11
9
14
15
15
17
11
15
18
13
14
16
5
20
14
8
13
13
13
22
18
6
12
12
9
12
14
13
19
17
17
9
18
10
20
14
12
13
18
13
17
15
11
20
21
14
19
17
13
18
14
6
22
13
23
13
9
10
15
11
15
17
18
15
14
18
13
13
12
13
14
9
13
19
13
10
15
16
9
17
19
14
17
14
14
13
15
11
7
14
20
20
12
15
26
7
18
12
12
17
25
25
22
20
19
27
18
17
17
14
15
21
20
18
19
21
20
27
19
16
21
27
23
25
27
29
24
22
19
20
19
20
20
22
22
29
17
19
23
22
26
26
17
23
24
13
22
16
18
15
17
26
20
12
18
11
15
16
11
13
17
12
14
13
16
19
19
14
16
19
11
18
18
15
16
19
23
12
15
18
16
27
15
21
22
13
14
21
14
17
24
20
28
21
28
14
11
19
22
26
18
18
19
19
16
30
29
20
23
25
22
18
18
17
17
10
17
26
14
16
21
23
8
21
12
20
17
16
18
13
16
14
14
13
15
18
20
17
17
18
18
11
18
17
19
18
14
17
14
22
9
13
15
12
17
11
13
14
19
17
20
15
17
12
11
14
10
19
16
18
15
14
20
21
17
20
17
13
12
13
9
15
18
13
18
18
20
9
14
19
11
10
16
11
13
21
15
15
11
19
9
19
10
13
19
11
13
8
15
9
14
17
5
21
16
15
14
19
9
15
9
14
8
13
15
10
12
11
8
17
14
12
10
10
9
8
11
10
8
12
6
14
10
11
14
14
11
9
8
13
9
11
12
13
12
13
9
10
9
6
12
11
8
8
12
11
8
4
9
8
10
11
11
11
17
9
11
11
11
9
11
12
9
5
18
12
13
6
6
10
10
14
3
13
10
9
6
13
6
10
6
8
7
5
7
5
9
9
11
9
5
8
10
7
9
4
8
9
3
8
8
7
8
4
7
6
6
8
7
7
13
6
5
8
7
4
4
8
3
7
6
14
11
9
9
5
8
2
12
4
7
10
9
10
9
11
3
5
9
13
10
13
11
11
14
15
10
13
16
13
15
24
10
11
16
28
22
21
23
18
14
15
26
41
31
33
31
43
27
40
36
45
37
43
55
54
42
44
48
42
42
39
46
51
46
37
47
37
50
47
52
33
33
49
34
46
41
37
47
31
32
25
37
34
29
27
18
16
15
20
7
15
16
19
13
11
15
14
14
17
10
3
9
8
6
13
5
13
6
7
8
12
6
6
8
3
8
7
5
7
2
9
10
5
6
5
4
8
7
7
7
9
7
6
4
5
5
7
3
5
5
6
6
3
9
9
4
5
5
4
5
3
5
2
5
4
4
4
7
4
9
11
3
3
6
8
2
7
4
7
2
8
2
3
4
6
11
7
6
5
4
4
6
10
6
5
4
11
$ROI:
38
424 531
429 529
440 544
440 545
440 549
443 544
443 553
490 516
679 1395
772 934
800 953
827 855
828 856
840 1946
849 1974
872 900
880 1058
887 915
914 1083
1010 1038
1208 1258
1345 1375
1418 1448
2436 2526
3229 3279
3607 3645
6449 6521
6459 6531
6463 6535
6464 6536
6467 6539
6471 6543
6482 6526
6489 6513
6497 6521
12997 13047
12999 13049
13000 13050
