$SPEC_ID:
GAMWIN
$SPEC_REM:


$DETDESC:

$DATE_MEA:
03/19/2025 10:58:03
$MEAS_TIM:
71573.47 71754.29
$MCA_CAL:
3
1.32118272781372E+001 1.29107522964478E+000 0.00000000000000E+000
$DATA:
0 2047
0
0
0
0
0
0
0
0
0
0
0
0
0
0
0
0
0
0
0
0
0
4529
3978
3825
3832
3729
3933
3885
3955
3969
3936
3691
3697
3596
3534
3467
3543
3608
3943
4179
4495
4741
5029
5161
5241
5488
5634
6276
7053
7843
8849
9579
9851
9523
8951
8098
7189
6603
6130
5960
5842
5670
5580
5406
4968
4700
4172
3802
3348
3144
3046
2880
2763
2689
2637
2678
2547
2530
2468
2541
2445
2575
2532
2397
2482
2503
2529
2609
2579
2697
2692
2715
2795
2741
2591
2700
2595
2659
2610
2656
2526
2585
2535
2559
2546
2572
2591
2596
2539
2588
2523
2404
2428
2369
2369
2369
2382
2274
2192
2235
2155
2250
2222
2283
2317
2423
2416
2473
2600
2571
2702
2615
2577
2599
2593
2498
2336
2446
2319
2196
2203
2137
2293
2191
2160
2258
2211
2344
2239
2281
2282
2263
2187
2210
2109
2130
2195
2232
2338
2485
2643
2899
3293
3570
4203
4498
4840
5218
5626
5716
5661
5550
5236
4839
4316
3836
3276
2766
2442
2159
2018
1801
1658
1671
1652
1547
1637
1649
1543
1612
1615
1705
1622
1714
1622
1693
1637
1646
1628
1634
1654
1634
1777
1843
1901
1913
2099
2148
2257
2224
2313
2362
2283
2254
2128
2054
1881
1729
1572
1503
1297
1280
1245
1178
1165
1113
1146
1142
1156
1253
1221
1243
1304
1350
1437
1505
1610
1647
1706
1849
1985
2013
2072
2209
2306
2427
2544
2593
2688
2805
2635
2720
2684
2614
2436
2305
2073
1931
1747
1523
1360
1284
1135
1111
912
883
848
805
771
763
740
746
682
768
671
754
689
773
748
743
703
696
683
726
726
759
733
670
688
728
727
756
725
734
703
672
654
627
659
679
634
650
554
605
562
605
556
515
600
532
571
580
586
570
516
592
575
640
588
591
605
592
571
600
578
612
617
621
641
656
662
691
678
639
643
644
582
593
651
629
590
584
567
596
520
526
550
551
563
546
519
540
535
560
533
539
576
629
624
635
648
687
723
738
754
762
781
800
747
767
766
710
705
694
647
661
613
599
558
531
480
466
511
478
477
487
456
455
470
458
445
454
437
419
439
455
475
468
498
533
556
472
529
491
539
556
623
675
641
648
749
802
849
876
969
976
1033
1048
1094
1114
1172
1157
1213
1203
1196
1177
1190
1157
1130
1147
1214
1216
1253
1319
1221
1274
1224
1292
1377
1382
1353
1360
1277
1291
1200
1078
1114
950
962
903
859
762
686
644
597
494
502
473
449
397
400
417
387
396
359
394
365
357
399
376
346
370
397
403
351
351
383
376
375
412
377
363
405
362
386
356
336
350
362
363
343
349
373
321
313
372
358
341
365
347
354
345
326
335
355
369
331
358
363
382
371
385
339
360
421
399
413
398
402
381
407
407
423
437
463
430
416
465
460
466
447
436
446
420
474
388
387
390
359
401
363
382
350
354
392
377
374
377
413
382
372
369
446
413
450
419
419
390
401
453
404
406
434
406
398
424
419
430
393
385
388
398
398
369
384
359
357
355
363
370
355
361
365
334
336
305
315
301
339
297
305
313
307
287
265
334
303
308
325
304
323
331
323
309
321
294
314
334
313
305
311
292
277
312
328
316
343
327
349
302
296
321
332
308
315
299
309
278
311
295
291
322
280
332
315
295
291
295
272
291
297
300
323
297
337
331
351
377
389
398
394
453
451
432
480
477
514
570
551
562
626
586
579
585
559
559
559
542
539
512
504
508
483
461
389
408
359
401
406
386
347
339
354
338
351
350
387
343
366
354
381
387
373
410
419
421
412
436
422
477
464
479
492
472
472
474
478
491
463
447
427
408
448
377
420
350
331
331
278
299
272
312
286
246
233
264
243
258
231
237
241
225
233
218
218
229
206
193
235
215
204
219
244
219
233
206
207
212
227
220
208
221
211
210
253
229
235
192
213
206
210
214
208
206
203
229
227
208
224
218
195
207
228
220
219
241
215
216
224
239
250
233
226
228
217
221
228
228
236
253
245
257
265
263
249
257
262
250
294
291
262
274
278
278
276
302
318
309
337
323
321
293
350
366
366
345
332
360
320
314
333
298
337
358
337
319
347
310
315
285
314
293
289
273
257
265
271
266
261
249
237
265
256
237
262
250
235
266
217
239
223
227
256
224
255
242
247
218
216
216
215
226
206
220
222
216
208
219
246
245
224
208
210
242
231
222
227
239
231
221
237
206
240
229
256
257
232
254
227
224
263
231
230
253
221
275
232
256
250
285
251
265
239
244
253
241
231
250
228
216
230
212
204
236
223
179
194
173
187
192
168
178
177
191
176
189
143
157
155
170
158
159
148
133
143
142
128
112
154
122
130
165
136
124
132
119
118
112
115
128
117
126
111
132
122
100
115
119
106
115
123
108
95
112
104
109
103
103
114
83
94
117
112
122
94
104
96
85
89
114
86
108
117
106
112
115
109
97
111
87
95
121
111
111
107
102
118
126
108
122
125
123
136
131
147
143
127
145
126
126
138
162
162
135
166
160
138
148
158
149
146
147
109
154
155
156
119
147
135
144
149
158
186
147
173
179
176
177
182
180
238
209
247
267
276
283
312
324
328
410
417
434
463
507
548
589
667
594
700
690
738
823
770
855
844
864
912
925
993
978
969
945
941
889
911
870
789
799
803
764
706
707
666
592
589
541
530
462
427
380
354
353
294
283
258
220
231
210
193
171
151
156
141
109
131
118
130
128
116
88
104
98
99
79
104
93
79
89
91
80
82
81
92
81
71
87
77
70
62
78
70
66
68
59
71
82
62
63
76
53
79
59
74
62
70
82
71
69
70
73
83
72
76
76
86
79
67
84
87
78
95
86
96
76
90
106
90
78
101
88
96
89
110
86
80
96
79
79
87
105
94
90
75
84
80
99
77
91
76
89
60
83
71
84
78
79
74
81
62
60
76
72
57
54
71
81
57
49
54
59
70
65
59
59
62
60
58
45
43
49
44
59
60
61
48
49
56
46
56
47
46
59
60
59
56
48
37
57
39
59
52
57
60
48
66
53
50
43
58
70
50
51
52
45
57
59
64
60
69
63
67
81
75
73
74
69
77
77
77
59
92
90
85
72
85
87
81
87
80
88
86
104
102
110
126
98
128
102
120
122
108
94
118
106
123
97
129
131
118
123
117
90
95
102
106
108
94
87
69
98
85
78
69
78
86
76
67
70
58
72
66
63
62
49
45
50
47
58
38
37
44
46
57
58
57
53
50
58
37
43
42
43
53
50
47
42
55
48
54
52
33
35
47
49
50
40
53
46
46
44
43
40
53
42
44
43
44
47
44
37
47
48
51
56
47
39
43
38
34
51
36
39
41
34
44
31
36
33
31
44
41
22
44
43
38
37
48
27
34
34
33
43
35
33
37
42
39
41
36
32
31
35
41
37
34
49
39
29
24
38
23
29
38
45
35
35
34
32
37
40
23
42
33
42
39
31
34
37
29
30
35
33
43
39
36
39
31
34
29
32
36
33
33
36
34
36
28
27
43
37
35
23
32
25
34
28
31
37
26
28
40
33
33
45
43
36
40
44
29
32
25
37
34
39
44
39
22
43
31
36
36
34
27
30
33
36
31
32
28
28
34
34
42
40
36
29
21
27
39
34
38
36
32
28
32
39
21
30
28
40
36
39
39
44
43
44
37
33
33
30
41
44
39
40
41
44
38
50
61
47
43
46
48
52
61
61
56
47
64
68
54
68
51
56
59
70
52
59
49
45
53
58
56
67
57
50
48
47
53
51
46
62
46
37
45
32
51
46
41
34
32
49
28
32
55
33
36
41
32
45
46
28
34
46
43
46
42
48
31
41
45
42
40
36
48
45
51
40
40
36
51
44
63
58
53
56
49
65
55
42
45
47
55
62
50
59
60
49
60
52
71
45
41
43
35
51
41
38
36
37
41
41
40
42
38
36
36
46
33
31
41
40
31
38
31
33
38
32
39
38
30
25
41
41
30
37
38
28
22
42
35
47
42
38
30
37
38
36
43
39
32
47
39
40
38
35
45
32
41
33
35
38
27
34
30
31
32
29
38
51
23
37
30
36
42
26
48
40
34
27
34
39
26
33
26
31
41
24
38
32
35
33
36
29
25
38
50
31
27
26
41
33
34
33
49
37
35
30
28
31
31
27
28
34
23
34
28
32
33
32
42
31
26
24
25
17
28
27
19
25
23
35
34
32
25
18
28
23
19
22
23
32
36
27
36
26
29
21
24
27
24
28
32
29
23
38
22
19
25
33
18
18
18
22
31
28
21
32
23
30
23
23
19
21
24
26
28
28
34
31
21
9
24
22
22
18
23
18
21
26
19
18
26
13
23
14
23
24
23
29
13
23
19
21
13
14
19
13
24
13
20
14
19
17
26
20
19
19
25
14
19
20
18
23
14
15
13
14
13
21
8
17
15
22
21
15
19
21
27
20
26
15
25
19
17
22
21
19
22
17
20
30
25
28
27
33
32
25
34
46
28
42
37
44
46
56
41
51
37
61
44
57
53
75
64
83
84
76
72
83
91
94
96
115
85
86
91
85
98
96
111
100
120
113
126
99
97
109
106
95
94
102
93
87
94
81
82
91
88
78
69
72
69
59
64
54
53
65
44
47
42
43
28
40
35
28
29
22
24
25
29
30
23
24
26
24
18
22
17
16
16
25
12
17
16
11
15
19
13
11
12
11
22
22
8
14
14
13
11
12
10
14
23
10
10
16
12
15
20
11
16
9
17
9
11
15
9
17
12
12
8
11
14
14
10
9
15
24
12
11
9
13
11
13
11
17
14
14
22
11
12
8
10
13
11
7
14
16
18
17
16
17
16
12
11
13
19
16
$ROI:
38
424 531
429 529
440 544
440 545
440 549
443 544
443 553
490 516
679 1395
772 934
800 953
827 855
828 856
840 1946
849 1974
872 900
880 1058
887 915
914 1083
1010 1038
1208 1258
1345 1375
1418 1448
2436 2526
3229 3279
3607 3645
6449 6521
6459 6531
6463 6535
6464 6536
6467 6539
6471 6543
6482 6526
6489 6513
6497 6521
12997 13047
12999 13049
13000 13050
