$SPEC_ID:
GAMWIN
$SPEC_REM:


$DETDESC:

$DATE_MEA:
03/28/2025 07:25:42
$MEAS_TIM:
27298.10 27363.33
$MCA_CAL:
3
1.32118272781372E+001 1.29107522964478E+000 0.00000000000000E+000
$DATA:
0 2047
0
0
0
0
0
0
0
0
0
0
0
0
0
0
0
0
0
0
0
0
0
1593
1471
1430
1345
1394
1333
1398
1425
1303
1371
1395
1303
1267
1249
1156
1151
1263
1359
1464
1554
1562
1665
1674
1767
1905
1976
2160
2416
2758
2929
3209
3339
3320
3021
2623
2432
2174
2101
2117
1936
1936
1989
1780
1642
1517
1465
1273
1159
967
1002
999
891
928
919
840
840
913
859
845
881
801
857
848
820
802
901
871
906
943
951
903
914
877
884
937
881
898
851
853
882
861
926
872
856
943
935
839
871
901
821
820
812
818
774
741
806
717
755
774
773
744
808
732
765
769
802
883
854
880
904
913
924
890
824
868
801
795
749
780
760
774
779
795
735
805
792
771
774
747
714
797
736
754
748
754
733
781
801
833
959
1002
1139
1284
1458
1652
1769
1869
1907
1963
1931
1835
1731
1621
1395
1231
1089
989
843
751
673
610
580
605
557
565
524
557
607
571
574
564
572
577
583
583
555
549
536
586
601
579
598
619
660
674
748
754
787
780
814
825
753
706
681
696
600
570
521
498
496
466
423
372
374
374
387
383
402
407
439
416
479
498
536
573
567
605
565
625
674
733
748
708
798
827
854
898
930
907
940
860
886
845
785
704
709
677
560
532
421
422
362
318
303
288
289
302
265
268
269
269
258
254
256
247
248
263
242
226
238
262
273
238
250
251
254
251
227
251
256
248
252
239
228
242
228
237
261
217
227
222
234
261
198
214
213
181
195
189
197
175
183
189
205
181
218
197
213
166
194
216
240
194
219
221
223
210
228
244
237
236
230
234
236
224
210
215
207
206
191
232
226
218
217
174
185
198
207
204
218
181
220
211
240
182
205
237
221
234
239
260
278
261
251
273
274
276
266
273
257
259
236
255
240
244
194
175
195
185
177
173
184
162
165
150
174
166
156
153
161
186
165
150
163
151
168
177
165
190
214
186
162
205
189
204
210
244
230
256
296
294
276
351
345
336
368
379
362
401
382
406
439
383
395
372
410
396
414
433
423
428
465
441
443
442
460
468
449
477
433
408
436
442
390
388
344
334
308
288
244
226
241
231
196
192
182
161
168
151
142
120
134
126
120
135
132
126
104
119
130
134
127
140
134
121
146
138
132
134
143
122
129
112
137
110
131
109
129
129
111
115
123
131
114
123
127
127
110
110
103
142
127
122
133
119
129
124
155
128
142
117
133
140
140
103
154
142
145
158
142
176
159
169
157
176
146
158
179
175
151
145
143
169
125
178
142
124
130
157
121
130
126
147
155
126
136
141
150
139
155
148
146
144
161
163
173
131
151
151
159
165
149
125
160
138
165
159
138
155
148
141
134
130
132
156
135
144
132
153
142
120
133
125
117
119
120
127
113
113
139
108
130
121
117
115
94
120
95
133
115
103
129
94
113
115
106
117
94
117
111
102
109
108
99
105
119
136
140
133
109
87
112
106
109
126
130
94
118
117
111
111
113
109
99
103
109
102
105
134
93
113
101
114
117
119
145
120
147
141
145
183
180
194
181
197
182
158
197
219
216
197
214
201
191
180
193
175
193
175
171
158
146
152
147
140
151
138
147
121
122
134
130
121
139
151
125
129
116
123
131
115
144
146
155
178
171
168
172
149
182
155
172
186
166
162
172
164
161
160
143
132
132
141
127
123
102
114
122
124
91
120
107
88
95
96
70
89
87
87
93
104
80
78
63
79
86
98
94
91
74
94
93
85
88
76
78
85
80
71
73
78
60
79
92
73
80
76
64
76
87
80
85
94
78
81
86
83
92
79
76
89
96
77
86
73
83
80
71
69
74
87
81
79
97
101
78
90
97
81
90
75
77
92
103
96
95
96
103
109
99
102
119
95
118
105
116
107
116
128
139
118
99
122
116
127
120
111
120
147
132
111
128
141
124
122
98
112
118
123
114
92
102
99
117
91
87
89
97
84
95
119
105
95
84
90
83
89
76
81
75
94
81
87
78
74
80
79
100
91
68
75
85
89
78
89
86
69
82
95
79
77
89
83
96
79
87
77
87
77
94
71
92
86
85
87
99
118
86
98
80
85
96
79
98
82
84
67
99
96
89
89
77
83
83
81
98
76
90
83
78
69
75
79
80
65
60
66
72
67
57
73
57
71
67
60
70
68
61
49
57
68
52
44
47
49
47
57
52
47
71
39
42
43
67
41
35
46
39
40
54
43
31
34
51
35
27
46
39
41
33
42
45
42
38
35
61
37
25
44
37
33
28
35
34
36
38
38
36
40
42
44
38
43
36
41
46
37
34
30
52
45
36
41
46
56
27
49
46
44
39
36
42
42
40
43
49
49
50
60
54
50
60
51
49
46
51
60
50
45
45
55
63
51
49
47
48
57
51
80
60
66
66
64
65
50
60
69
71
79
87
98
93
101
117
128
132
162
163
169
182
210
195
209
230
252
260
296
281
304
318
317
350
371
373
350
353
372
375
373
394
313
347
353
334
286
275
285
281
263
235
235
219
221
196
169
179
147
124
114
112
116
82
105
87
72
70
70
55
49
50
48
49
54
40
41
40
39
38
34
28
31
34
26
32
35
37
33
27
33
32
23
37
22
25
22
20
29
22
15
29
25
23
26
26
24
24
26
19
27
24
31
28
31
24
23
28
24
24
31
22
33
30
32
34
21
39
33
24
35
33
33
37
38
31
28
24
27
26
22
25
36
45
26
36
35
27
25
38
30
22
19
32
25
26
25
31
29
25
29
30
18
34
29
28
21
24
30
23
18
22
17
25
23
19
26
23
24
17
18
23
11
18
20
18
14
18
24
22
11
21
15
18
26
16
20
14
31
15
21
25
9
16
22
19
16
21
17
10
13
24
22
19
20
16
16
27
10
21
18
19
18
26
14
21
11
28
21
29
33
30
25
28
23
25
22
22
22
35
25
26
45
37
24
28
34
29
37
41
35
42
40
41
43
46
39
31
41
39
37
41
26
44
40
36
40
40
43
56
45
43
46
51
33
41
40
31
39
34
33
31
23
30
24
34
22
22
19
17
25
17
25
13
15
23
16
14
12
14
27
17
24
12
20
15
18
17
14
22
16
17
19
18
23
14
19
19
17
18
15
16
15
15
21
21
18
11
18
14
23
21
19
18
11
18
20
18
13
13
9
18
21
16
11
13
16
15
12
11
12
14
18
9
14
16
10
14
14
15
9
19
13
13
17
17
13
11
10
21
13
11
8
11
15
10
8
13
16
7
10
11
11
15
14
18
9
8
11
11
9
11
14
18
12
13
11
16
14
15
10
14
14
14
17
16
11
8
19
14
13
22
9
14
14
18
12
9
15
9
16
13
20
17
17
12
10
5
12
18
10
16
8
15
10
7
11
8
14
22
8
14
22
10
12
6
16
12
12
10
8
15
12
11
15
10
17
7
20
13
15
11
11
13
9
13
9
8
14
15
18
8
6
13
15
5
19
8
16
13
11
13
14
13
8
11
17
21
15
10
19
12
15
16
6
16
14
13
14
14
8
12
9
18
22
20
13
12
19
25
20
17
21
16
17
15
21
12
22
18
25
22
14
13
24
19
21
15
15
19
22
17
24
16
21
12
13
16
22
17
22
24
13
19
15
15
19
23
16
17
18
13
20
17
13
15
9
15
22
7
17
13
10
15
14
10
17
22
8
10
7
15
12
19
18
15
14
22
14
12
29
9
17
17
13
16
14
21
14
15
25
11
22
23
21
22
16
19
10
13
23
18
17
12
15
15
21
14
16
15
11
12
13
12
14
16
18
12
15
11
20
15
16
18
14
13
11
10
8
17
18
12
11
13
13
16
12
12
6
13
13
20
13
14
8
12
13
18
12
11
8
9
17
17
12
15
13
6
14
11
15
19
15
9
13
13
17
7
17
14
12
5
15
7
5
10
16
13
12
12
18
17
10
13
10
15
12
17
14
13
15
15
8
9
9
11
14
8
13
11
7
8
11
12
16
11
15
20
8
10
15
13
8
11
11
5
13
10
11
12
4
10
8
8
9
5
9
13
10
10
11
5
11
7
8
12
10
6
8
20
12
4
14
9
6
13
10
10
14
12
3
3
9
8
8
4
7
9
12
5
8
8
7
9
16
9
9
8
11
12
10
6
5
12
6
4
5
9
9
9
7
5
9
5
10
6
6
7
10
6
8
6
9
4
3
5
8
3
5
3
6
5
4
5
8
5
8
9
9
3
6
5
1
7
7
11
4
10
1
14
9
7
6
2
4
7
6
11
7
3
8
4
7
5
12
9
5
7
6
7
7
4
7
3
2
5
6
9
6
8
10
10
5
10
13
9
8
11
19
11
17
10
19
13
18
21
23
22
14
14
18
18
31
32
21
32
39
21
28
37
33
36
41
29
47
29
34
35
24
53
32
47
44
32
41
34
38
35
27
34
40
26
31
29
25
27
31
25
25
35
16
22
20
21
19
23
12
18
13
15
16
19
8
12
8
16
11
10
5
7
9
6
5
7
12
6
5
9
11
10
2
7
7
10
2
7
2
5
3
4
6
7
5
5
5
7
8
1
3
7
5
8
8
4
4
2
5
5
6
3
5
6
5
7
7
5
4
2
5
2
4
7
5
4
4
3
10
7
6
4
4
7
6
8
7
2
6
5
3
7
3
4
4
4
3
5
4
10
3
8
5
3
1
10
6
6
5
5
3
$ROI:
39
424 531
429 529
440 544
440 545
440 549
443 544
443 553
490 516
679 1395
772 934
800 953
827 855
828 856
840 1946
849 1974
857 2002
872 900
880 1058
887 915
914 1083
1010 1038
1208 1258
1345 1375
1418 1448
2436 2526
3229 3279
3607 3645
6449 6521
6459 6531
6463 6535
6464 6536
6467 6539
6471 6543
6482 6526
6489 6513
6497 6521
12997 13047
12999 13049
13000 13050
