$SPEC_ID:
GAMWIN
$SPEC_REM:


$DETDESC:

$DATE_MEA:
03/24/2025 15:41:16
$MEAS_TIM:
55315.12 55423.85
$MCA_CAL:
3
1.32118272781372E+001 1.29107522964478E+000 0.00000000000000E+000
$DATA:
0 2047
0
0
0
0
0
0
0
0
0
0
0
0
0
0
0
0
0
0
0
0
0
2518
2348
2152
2135
2108
2009
2143
2154
2154
2159
2047
2055
1897
1919
1877
1853
1994
2031
2219
2314
2530
2621
2606
2713
2877
2886
3171
3512
3755
4221
4447
4781
4534
4251
3928
3545
3356
3171
3151
3065
2977
2972
2738
2588
2368
2256
2084
1894
1759
1751
1590
1651
1614
1605
1563
1534
1551
1495
1467
1456
1416
1480
1531
1495
1432
1487
1550
1564
1568
1651
1610
1650
1574
1584
1562
1534
1492
1534
1498
1543
1519
1495
1542
1483
1561
1477
1445
1453
1509
1482
1454
1411
1349
1329
1390
1350
1365
1308
1314
1330
1299
1296
1359
1331
1357
1433
1446
1445
1444
1544
1483
1498
1470
1436
1301
1340
1328
1308
1311
1275
1256
1293
1291
1205
1283
1332
1342
1303
1236
1330
1248
1251
1213
1160
1231
1223
1345
1292
1382
1432
1574
1672
1869
2087
2279
2401
2564
2692
2716
2660
2668
2488
2286
2122
1902
1612
1500
1323
1200
1061
1039
976
955
939
892
896
887
916
894
896
983
842
968
926
988
920
965
919
933
950
977
959
964
1014
1009
1097
1104
1135
1148
1145
1177
1156
1161
1140
991
1001
842
907
783
732
692
697
689
618
633
591
687
656
716
669
710
748
735
812
831
857
838
921
940
971
1005
1103
1052
1139
1224
1230
1238
1205
1344
1278
1313
1254
1218
1096
1008
1037
928
831
815
720
651
601
558
549
477
457
454
425
451
392
447
442
423
430
424
444
381
460
429
422
413
433
373
420
359
422
383
399
416
412
428
412
446
434
430
395
388
323
392
387
373
390
349
362
344
322
365
325
346
329
330
347
338
292
321
361
327
339
312
319
326
325
347
354
353
373
372
364
395
387
363
364
372
380
372
351
364
359
380
352
357
317
324
377
340
335
333
313
328
299
323
357
306
333
343
373
342
366
339
379
379
418
440
452
434
424
455
390
434
398
415
397
416
393
381
334
339
337
327
321
330
290
296
263
284
274
286
287
276
274
270
278
251
290
273
278
269
233
295
287
281
292
270
266
315
330
333
362
374
376
395
436
435
452
478
494
532
590
552
558
573
555
610
560
565
585
576
557
590
553
616
579
611
561
551
590
667
597
664
690
615
612
572
554
531
516
461
448
464
418
382
301
324
284
315
282
287
267
212
216
203
211
221
215
218
234
202
233
195
209
213
208
192
216
220
227
215
215
217
212
230
205
213
192
224
243
224
222
227
199
227
195
241
209
220
180
210
209
203
211
194
195
189
215
192
208
206
225
211
222
196
213
232
224
223
234
259
232
222
233
235
234
260
224
262
249
261
236
250
255
246
259
241
211
264
221
236
200
210
204
234
201
250
230
204
219
219
237
220
215
231
235
230
253
215
244
229
259
220
212
222
251
239
230
239
221
195
241
225
246
243
238
225
240
216
226
202
223
194
206
196
188
221
204
179
179
191
203
213
179
188
184
193
174
209
178
193
190
183
178
167
197
177
190
192
160
177
161
183
189
195
192
196
186
176
218
188
186
175
181
180
191
197
186
181
195
168
176
174
155
169
151
194
160
188
185
198
174
176
192
171
182
182
178
198
213
224
215
232
227
224
281
266
273
297
306
294
295
272
304
348
330
298
286
310
311
268
272
273
261
261
253
242
251
265
225
231
206
202
201
184
182
217
193
209
207
209
210
199
206
202
237
216
238
205
230
249
252
246
259
252
261
259
273
229
255
251
266
245
232
250
226
258
234
194
200
193
186
178
189
174
165
179
154
166
154
174
189
163
137
165
148
143
117
154
143
133
144
139
137
161
154
141
143
127
129
139
138
154
145
153
145
153
133
162
156
132
142
128
143
129
152
154
155
136
137
149
156
143
164
128
118
155
147
160
152
138
149
153
161
146
162
168
171
139
157
135
161
153
165
154
149
179
165
164
159
193
177
162
176
162
167
175
215
179
192
211
184
187
205
196
218
219
203
216
206
184
211
187
179
214
185
227
202
185
168
194
170
205
202
185
172
195
169
187
174
183
179
155
148
159
183
166
165
155
145
154
160
180
163
160
136
162
153
164
160
144
140
154
144
161
163
119
154
134
153
150
167
151
138
154
147
148
161
152
160
138
156
152
128
114
147
140
154
168
150
143
159
144
164
170
179
144
147
155
154
159
163
142
129
150
149
179
154
149
155
146
126
164
122
134
129
126
113
124
123
124
102
110
112
119
111
106
107
109
96
94
104
94
114
89
90
85
92
99
85
79
95
66
90
95
84
70
68
95
76
71
91
80
72
84
78
62
66
83
82
70
74
88
73
68
61
56
72
77
83
62
65
51
73
67
60
66
55
66
60
79
68
63
86
56
58
63
45
57
59
59
62
81
57
63
82
74
54
66
57
76
66
68
77
69
79
59
61
74
84
75
67
76
73
65
83
74
91
77
79
84
84
72
80
93
89
86
69
89
90
87
89
90
93
105
88
97
97
115
104
111
131
144
140
157
180
183
184
193
200
222
241
262
310
343
343
393
413
434
454
502
496
552
574
566
632
675
689
671
703
668
698
685
683
645
737
709
703
636
672
596
601
571
548
514
472
431
429
375
359
327
295
255
229
219
237
169
186
178
166
144
125
129
107
81
90
85
83
64
65
67
74
46
63
56
55
50
63
39
42
49
47
51
53
38
50
54
48
38
45
44
45
32
47
47
34
51
37
38
39
32
34
36
51
35
28
37
50
53
38
35
47
41
44
33
42
48
44
36
42
37
48
39
49
46
40
54
53
45
37
52
45
55
41
45
60
33
37
56
41
48
48
39
44
35
59
52
35
46
54
51
39
36
33
45
32
30
36
35
35
30
43
44
30
31
30
33
32
30
33
41
33
39
41
33
31
40
21
27
30
35
20
30
36
25
28
33
33
25
28
35
20
18
31
25
33
25
33
40
30
42
31
35
24
22
31
27
23
35
37
27
28
29
32
27
28
32
27
25
27
32
38
33
30
42
38
49
28
42
43
36
42
47
35
51
38
48
44
45
38
39
52
48
34
52
53
47
53
49
60
51
70
49
46
52
64
59
63
48
59
58
53
49
60
51
50
60
42
60
57
62
41
43
40
41
43
24
49
41
36
38
26
42
49
29
29
29
34
31
26
25
33
30
27
19
24
32
26
27
33
31
25
22
24
18
36
11
25
23
30
22
35
25
28
30
29
32
26
34
30
26
25
30
24
31
21
28
43
24
20
28
17
34
19
25
25
26
18
29
34
25
17
21
23
17
24
22
23
18
23
23
23
23
21
22
18
34
30
21
16
17
21
18
21
19
22
18
30
25
11
25
19
16
23
28
15
20
17
18
30
18
24
18
20
19
15
18
19
19
26
20
16
14
28
19
22
19
19
19
22
20
13
12
16
15
26
17
12
21
23
20
18
15
24
22
16
25
19
31
24
18
29
19
21
26
21
23
17
20
26
19
23
14
18
26
25
15
24
17
20
17
18
32
27
20
21
12
27
16
19
19
23
18
17
22
19
21
14
17
16
24
20
22
16
25
14
20
16
23
20
24
20
18
19
24
24
21
27
14
24
21
20
22
18
16
27
16
21
17
10
13
25
32
19
16
20
29
17
19
14
19
27
27
32
19
35
30
24
24
34
33
32
25
33
28
32
27
28
34
31
26
28
27
24
28
31
29
23
36
22
36
24
27
29
28
22
25
19
27
21
27
17
20
15
19
26
23
21
27
33
16
17
18
27
20
22
27
19
23
27
28
31
18
15
29
23
26
30
26
15
14
26
17
25
21
28
24
21
27
28
39
27
27
23
23
29
20
28
20
27
27
24
19
26
22
27
22
19
17
28
27
30
28
24
21
20
22
17
19
16
18
25
20
22
27
24
15
10
11
24
11
17
24
23
19
19
16
17
21
18
13
18
22
22
19
18
12
20
17
25
23
23
25
21
31
22
16
16
15
20
16
16
16
14
26
20
20
25
25
12
18
9
22
26
20
19
16
19
19
21
18
15
14
16
21
23
21
14
19
18
15
17
17
12
19
17
16
18
15
17
15
21
23
27
22
19
11
13
15
17
18
12
13
21
15
8
19
18
18
14
22
19
10
11
19
20
10
25
20
13
24
13
14
24
17
15
25
19
15
12
16
14
14
14
15
12
15
15
16
13
14
10
18
14
9
14
15
17
15
12
18
17
17
19
19
24
7
17
21
12
10
15
21
11
15
17
13
20
15
16
17
14
11
14
18
11
18
19
10
14
4
8
11
16
11
15
8
9
11
8
10
15
11
17
12
13
8
12
12
13
9
8
5
19
12
11
11
18
9
8
11
8
13
6
15
7
8
4
10
9
14
5
11
8
8
10
14
13
9
10
9
7
8
5
12
11
13
15
14
19
14
17
16
11
12
15
11
16
14
13
18
20
22
24
22
13
20
25
17
21
20
24
26
35
29
27
31
26
37
42
38
50
40
39
39
47
45
58
45
49
40
45
42
41
54
47
43
61
47
66
50
40
38
42
34
47
42
45
47
47
41
46
47
35
30
28
36
30
34
19
20
27
25
23
26
20
20
13
19
28
19
23
15
14
15
14
11
15
8
10
14
13
15
11
17
5
11
15
12
14
13
11
10
12
9
15
13
7
8
13
10
11
7
8
10
6
10
12
7
12
14
7
9
9
11
12
13
10
9
11
10
7
8
6
12
17
12
7
13
4
8
10
10
10
3
11
14
16
9
11
4
13
12
5
3
5
8
7
8
4
13
11
8
7
8
8
11
16
8
14
19
$ROI:
38
424 531
429 529
440 544
440 545
440 549
443 544
443 553
490 516
679 1395
772 934
800 953
827 855
828 856
840 1946
849 1974
872 900
880 1058
887 915
914 1083
1010 1038
1208 1258
1345 1375
1418 1448
2436 2526
3229 3279
3607 3645
6449 6521
6459 6531
6463 6535
6464 6536
6467 6539
6471 6543
6482 6526
6489 6513
6497 6521
12997 13047
12999 13049
13000 13050
