$SPEC_ID:
GAMWIN
$SPEC_REM:


$DETDESC:

$DATE_MEA:
03/27/2025 06:57:21
$MEAS_TIM:
27792.35 27892.29
$MCA_CAL:
3
1.32118272781372E+001 1.29107522964478E+000 0.00000000000000E+000
$DATA:
0 2047
0
0
0
0
0
0
0
0
0
0
0
0
0
0
0
0
0
0
0
0
0
3243
2773
2595
2724
2705
2727
2725
2719
2725
2709
2696
2668
2671
2806
2888
2950
2901
3104
3370
3487
3740
3888
3997
4187
4181
4523
4945
5375
5958
6487
6910
6987
6660
6171
5647
5150
4728
4503
4574
4404
4381
4174
4100
3742
3589
3255
2951
2733
2637
2468
2310
2403
2313
2294
2246
2235
2290
2181
2153
2112
2171
2191
2263
2290
2167
2307
2371
2363
2391
2393
2421
2397
2355
2267
2221
2216
2284
2214
2196
2104
2196
2152
2158
2156
2167
2106
2177
2031
2182
2071
2014
2032
1884
1848
1866
1863
1827
1751
1878
1909
1812
1881
1860
1819
1802
1892
1945
2079
2018
1988
2010
2054
2043
1945
1850
1909
1827
1844
1698
1761
1739
1736
1839
1776
1827
1812
1796
1810
1848
1799
1751
1778
1671
1728
1680
1829
1777
1882
2074
2171
2415
2642
2973
3325
3543
3880
4076
4183
4167
4016
3881
3445
3241
2862
2595
2266
1946
1761
1602
1416
1354
1257
1251
1320
1267
1267
1321
1223
1281
1313
1350
1330
1366
1275
1265
1321
1248
1233
1260
1232
1270
1259
1395
1365
1395
1496
1551
1585
1594
1518
1484
1495
1404
1376
1286
1159
1125
1093
1028
979
889
867
883
901
819
867
852
913
964
951
979
1031
1062
1098
1210
1244
1250
1366
1357
1397
1522
1486
1503
1592
1514
1678
1672
1673
1690
1585
1543
1585
1399
1368
1255
1172
1078
1024
907
825
777
734
643
681
624
608
558
544
603
541
521
523
584
564
555
552
549
536
517
559
489
575
541
555
555
585
548
556
539
507
545
536
581
509
522
489
513
469
496
514
464
501
427
450
440
480
443
419
485
446
407
422
433
471
445
445
457
440
447
443
441
474
466
456
479
496
498
495
456
500
519
489
492
514
449
441
484
462
454
432
430
427
432
426
408
429
395
371
402
383
386
401
405
401
409
413
489
463
475
517
527
578
524
579
541
573
562
515
528
510
504
497
466
485
440
457
435
432
425
377
363
371
340
353
349
364
346
372
340
347
365
349
384
376
377
345
398
356
358
352
392
437
464
426
441
516
519
550
566
676
638
699
726
769
724
817
778
803
869
852
829
878
801
854
805
818
798
735
770
819
790
838
777
778
811
812
828
813
780
733
804
705
709
643
645
598
526
488
530
430
411
366
366
345
344
310
303
300
295
282
303
274
289
277
264
267
282
284
293
264
267
289
287
249
284
309
295
286
285
274
287
277
300
308
261
258
242
239
270
279
277
283
252
281
276
248
276
256
268
261
303
248
303
281
288
296
282
298
266
295
288
276
320
316
343
272
322
323
309
349
369
317
329
314
334
335
339
317
335
331
315
291
316
359
290
289
288
267
275
251
285
261
281
275
284
296
322
314
315
284
297
296
314
264
315
328
325
316
273
292
285
313
301
322
304
300
300
307
286
274
288
310
299
273
267
284
264
287
258
283
249
240
218
227
258
241
237
244
250
260
199
226
232
244
241
222
236
244
210
225
238
273
238
285
236
235
236
226
229
269
254
244
243
239
252
274
241
233
229
255
257
241
242
233
216
220
252
241
259
257
204
217
226
244
247
255
252
231
244
274
251
260
281
249
289
278
330
310
375
356
374
433
414
433
432
447
455
443
420
459
437
453
457
453
444
410
418
375
368
376
324
343
304
306
289
275
289
299
257
280
269
277
259
305
280
287
282
289
303
331
320
334
353
366
365
393
403
394
383
345
381
367
388
357
362
318
346
344
317
329
284
290
295
276
254
266
241
260
258
209
208
201
206
187
209
175
234
188
173
199
191
181
187
168
203
164
169
189
190
181
182
179
197
167
180
180
167
197
190
198
181
201
174
199
197
207
193
208
186
176
179
196
184
174
177
188
182
216
215
171
191
183
189
204
192
210
214
217
187
224
194
187
217
200
200
197
214
194
205
223
220
209
203
213
225
208
215
240
236
264
231
243
223
256
257
247
264
272
286
251
262
276
291
253
254
252
281
271
255
287
235
236
229
249
241
247
229
269
239
226
224
210
209
231
209
195
204
206
229
187
200
226
221
220
214
242
206
238
227
208
219
217
209
213
204
225
210
236
220
221
228
198
188
203
221
215
217
201
240
193
217
216
189
238
235
210
198
204
224
200
197
204
191
190
231
246
218
196
210
209
196
209
213
216
201
191
201
197
180
179
207
189
173
190
193
189
175
178
191
173
182
157
162
156
166
136
141
138
134
137
109
132
129
119
116
138
113
121
114
101
101
122
119
97
107
106
93
98
95
104
97
107
101
107
90
99
96
77
74
102
75
89
92
77
74
85
84
84
70
82
71
66
56
83
68
80
60
96
69
64
90
72
72
67
79
52
48
67
80
76
85
73
82
71
99
86
75
92
72
88
85
79
89
89
75
84
83
74
90
76
94
88
91
100
87
99
91
89
102
100
89
96
96
102
96
95
99
93
102
118
104
99
125
110
124
120
109
112
139
142
152
168
143
153
177
210
212
237
248
262
273
300
319
328
385
441
477
499
525
597
619
704
685
766
796
822
897
916
918
988
1037
1012
1033
1099
1081
1097
984
1042
1014
973
950
890
928
844
812
798
695
672
630
576
536
483
437
446
354
338
298
278
244
222
196
184
159
148
144
131
103
97
96
76
91
90
76
68
70
82
80
64
67
58
53
58
78
56
45
55
54
58
55
57
42
45
49
48
27
45
45
41
44
38
44
38
41
49
38
43
35
47
47
45
45
43
44
49
51
47
45
37
54
45
46
52
52
51
31
56
66
52
56
57
64
64
52
54
40
67
59
48
47
61
58
55
65
73
56
58
56
51
50
55
45
54
43
61
52
41
48
36
52
36
33
41
32
33
56
40
41
42
41
49
42
36
37
36
38
29
38
39
28
34
47
26
34
23
25
30
35
30
32
31
35
26
34
34
28
31
31
33
30
33
26
21
15
33
24
25
19
25
33
47
28
30
36
33
32
37
27
37
28
32
30
37
36
27
33
51
37
25
35
36
45
43
38
41
44
52
49
54
46
57
58
57
55
39
48
59
67
57
69
57
58
56
66
74
56
58
61
55
55
96
63
69
58
77
72
59
61
55
42
63
59
51
48
50
41
48
45
43
31
26
41
29
39
28
47
30
35
21
35
23
27
28
29
31
30
15
24
23
34
29
25
27
26
19
18
36
25
28
19
15
26
30
29
19
29
29
26
30
36
22
28
32
37
21
22
26
35
28
41
26
20
23
31
32
25
31
32
21
18
21
25
28
17
15
29
14
18
18
22
27
31
23
21
21
17
19
18
22
21
18
31
16
17
23
27
27
21
12
25
22
19
16
28
12
17
16
31
18
34
22
16
23
16
12
27
25
18
30
14
27
32
19
17
18
25
27
23
21
26
19
15
22
26
15
19
17
24
16
19
22
15
22
18
17
18
14
20
22
18
26
20
15
14
22
15
26
20
24
21
15
26
25
15
24
25
18
20
23
16
25
19
22
28
17
19
19
20
15
15
25
23
17
19
29
17
20
29
19
18
19
16
14
24
24
25
23
18
25
17
25
25
18
13
30
15
16
23
27
13
21
22
26
24
29
18
34
14
26
22
24
19
24
23
32
23
30
27
20
25
39
40
35
27
31
33
34
40
30
43
38
40
30
40
36
40
53
34
45
37
40
30
32
38
41
34
45
41
31
29
45
29
29
32
29
37
37
26
30
25
34
26
28
28
24
24
18
30
18
31
18
30
20
25
30
22
23
28
20
19
16
26
14
22
26
26
25
30
24
30
22
32
33
26
40
28
27
37
30
28
35
36
35
37
21
22
34
30
30
29
35
26
25
29
34
28
15
38
31
25
25
24
17
25
21
28
25
27
16
32
24
24
25
27
22
17
21
23
24
14
21
19
20
21
23
21
25
15
30
18
20
23
18
25
20
27
18
27
17
25
25
27
22
21
19
21
27
24
16
21
26
22
22
20
25
18
37
18
20
24
19
23
20
27
19
26
23
15
20
25
25
21
19
20
24
18
20
24
27
23
21
22
19
17
16
26
28
21
26
22
22
15
25
22
19
17
16
19
22
21
21
22
28
17
28
17
22
20
18
23
18
22
14
18
14
19
23
14
20
15
12
16
21
25
20
18
21
21
10
22
20
17
14
16
19
19
16
15
11
11
8
14
13
15
9
21
15
10
13
13
17
8
14
18
21
12
21
9
11
11
9
13
22
10
21
12
10
5
18
10
9
12
15
13
10
15
12
13
13
5
9
10
12
12
10
12
17
18
14
9
13
11
11
14
13
10
11
15
10
7
4
9
8
6
9
11
10
12
11
14
8
2
16
8
13
9
11
5
7
10
5
6
10
12
9
10
8
14
12
10
10
6
13
12
11
12
14
11
15
8
15
10
12
10
9
14
11
18
21
14
22
14
22
22
20
31
24
29
36
27
38
31
41
38
47
43
45
36
52
44
63
49
68
60
71
55
70
77
68
62
77
71
62
68
60
75
77
70
83
64
88
76
69
80
59
80
64
55
62
56
65
69
47
51
54
45
49
48
34
39
41
33
31
33
34
18
13
26
27
23
19
16
19
8
17
15
15
6
18
15
8
13
12
10
11
13
9
10
10
4
11
9
8
6
4
7
9
7
9
9
7
2
9
12
9
4
9
8
9
6
11
4
14
9
7
4
6
10
8
8
12
11
9
10
2
4
8
4
10
7
7
10
5
4
2
3
10
4
5
6
8
7
11
8
4
8
2
5
5
10
8
2
1
3
7
5
2
4
7
6
8
5
7
2
4
4
5
5
$ROI:
39
424 531
429 529
440 544
440 545
440 549
443 544
443 553
490 516
679 1395
772 934
800 953
827 855
828 856
840 1946
849 1974
857 2002
872 900
880 1058
887 915
914 1083
1010 1038
1208 1258
1345 1375
1418 1448
2436 2526
3229 3279
3607 3645
6449 6521
6459 6531
6463 6535
6464 6536
6467 6539
6471 6543
6482 6526
6489 6513
6497 6521
12997 13047
12999 13049
13000 13050
