$SPEC_ID:
GAMWIN
$SPEC_REM:


$DETDESC:

$DATE_MEA:
03/26/2025 14:59:23
$MEAS_TIM:
57275.77 57419.70
$MCA_CAL:
3
1.32118272781372E+001 1.29107522964478E+000 0.00000000000000E+000
$DATA:
0 2047
0
0
0
0
0
0
0
0
0
0
0
0
0
0
0
0
0
0
0
0
0
3943
3657
3537
3341
3529
3573
3459
3528
3531
3417
3374
3408
3389
3340
3407
3370
3596
3698
3921
4127
4404
4578
4740
4791
4995
5275
5665
6161
7008
7687
8155
8416
7969
7302
6806
6210
5547
5329
5189
5192
5176
4956
4770
4457
4172
3782
3503
3218
3033
2817
2801
2615
2581
2622
2620
2625
2545
2514
2571
2522
2511
2502
2466
2462
2488
2577
2583
2603
2699
2646
2736
2693
2667
2638
2661
2539
2561
2598
2526
2544
2519
2542
2470
2585
2512
2481
2482
2485
2411
2324
2280
2321
2244
2148
2153
2243
2137
2147
2193
2140
2199
2192
2171
2274
2273
2379
2289
2386
2365
2444
2345
2387
2397
2238
2291
2162
2202
2077
2099
2093
2090
2141
2126
2105
2126
2118
2148
2113
2142
2161
2069
2040
1993
2028
1968
2014
2110
2209
2389
2397
2790
3052
3397
3695
3986
4322
4684
4807
4770
4748
4526
4176
3942
3594
3188
2831
2471
2223
1910
1837
1744
1558
1545
1424
1367
1449
1489
1495
1534
1585
1528
1555
1570
1477
1526
1555
1529
1485
1523
1505
1587
1537
1653
1672
1709
1836
1914
1933
1980
2069
1964
1884
1904
1771
1693
1594
1493
1427
1215
1199
1144
1090
1082
1039
1114
1094
1007
1083
1073
1123
1136
1196
1254
1349
1370
1471
1461
1546
1544
1589
1708
1809
1839
2061
2069
2152
2149
2128
2171
2266
2104
2146
2066
1859
1840
1610
1465
1367
1195
1141
978
984
878
872
848
718
748
737
689
681
683
667
661
699
664
652
670
677
704
686
696
659
672
720
666
671
703
638
668
669
639
679
659
638
650
632
632
644
608
608
599
563
583
599
572
552
532
509
527
558
538
534
527
586
490
550
495
581
574
544
588
551
582
638
538
586
609
616
657
602
639
678
628
580
599
569
557
574
578
516
501
559
565
544
523
539
531
532
514
520
574
521
475
523
532
562
571
526
609
591
655
675
643
674
653
694
670
724
642
658
631
619
611
617
564
538
549
512
474
474
499
482
440
464
447
443
422
409
416
429
425
412
452
413
428
447
406
446
461
424
485
487
467
482
558
554
518
595
656
720
693
767
804
833
855
867
895
972
971
993
1034
993
999
1027
1022
1057
1009
931
1044
1017
976
989
1062
1031
1048
1097
1107
1044
1042
1111
1050
1022
1006
892
877
878
863
700
647
615
547
564
507
477
439
424
392
391
385
380
368
355
357
326
362
340
340
313
327
351
349
342
366
358
363
361
335
340
374
339
363
349
362
311
302
352
379
291
343
354
319
305
333
334
342
356
366
324
341
356
338
318
334
368
327
347
340
327
390
361
366
357
353
376
352
362
353
393
392
425
400
356
414
430
431
400
396
404
421
389
393
387
362
407
392
357
312
327
334
359
346
321
373
326
372
339
360
363
362
386
398
372
392
364
377
368
378
413
390
419
375
435
385
377
422
384
369
348
375
379
375
316
366
345
379
356
366
356
355
340
334
351
332
337
301
303
308
319
310
289
274
281
297
326
321
303
284
336
315
305
311
288
279
287
285
309
289
284
286
279
326
319
293
295
305
333
289
304
304
292
272
307
275
308
281
290
316
322
346
324
272
276
317
269
293
293
298
317
297
288
277
284
311
316
342
357
356
399
361
435
414
440
422
453
477
457
511
489
503
517
534
470
513
559
498
448
466
454
464
425
430
422
401
395
362
350
340
336
340
342
350
351
315
381
348
353
351
356
337
358
362
362
372
428
424
408
388
492
438
454
430
424
446
428
448
434
448
430
419
406
377
340
365
396
327
343
304
291
273
308
264
272
265
274
251
227
228
239
219
242
257
225
248
229
232
234
233
236
248
221
226
233
225
211
251
228
237
212
227
231
237
234
219
223
227
255
235
212
215
213
218
248
216
240
241
249
244
240
224
238
260
235
245
204
221
254
226
242
272
237
243
274
259
278
237
247
225
250
225
244
266
278
269
288
247
283
263
293
280
259
268
262
298
311
279
300
332
342
358
321
329
313
316
334
350
297
327
328
321
367
310
324
354
325
272
312
331
282
296
322
302
286
292
309
285
301
263
260
302
267
240
276
274
274
265
278
252
271
290
251
244
250
239
252
259
269
245
260
264
261
232
256
249
247
264
282
246
221
235
226
251
278
248
254
274
257
262
272
251
248
271
218
264
264
288
264
249
260
254
273
260
274
238
243
268
304
296
268
248
274
261
233
234
239
228
238
220
208
232
211
222
235
201
215
197
199
199
195
182
171
196
173
175
173
162
146
156
167
136
170
153
142
134
156
152
126
130
126
156
118
132
131
117
143
103
124
112
123
121
122
110
115
120
109
113
118
93
105
112
107
101
118
110
101
121
91
96
76
104
100
109
102
86
108
105
95
98
78
99
111
121
89
95
96
78
117
86
101
117
97
90
108
91
119
109
108
100
102
95
117
146
124
108
126
104
112
133
128
129
131
125
136
123
140
126
115
114
138
125
129
130
162
136
135
134
138
151
154
154
150
154
163
157
181
190
211
221
217
208
264
281
305
296
356
373
369
455
490
511
554
623
659
704
775
816
920
915
947
972
1034
1060
1121
1121
1142
1163
1223
1246
1246
1208
1259
1195
1111
1153
1109
1079
996
1004
934
882
850
801
661
700
638
586
571
471
414
406
377
361
293
275
252
231
188
172
145
142
148
120
132
89
113
99
105
101
83
88
57
77
79
88
75
80
69
62
75
67
61
57
71
56
46
51
64
63
62
55
60
55
64
57
62
58
45
58
54
63
53
74
63
60
51
72
50
53
73
62
67
61
83
73
64
73
70
69
73
65
87
71
76
73
70
79
80
71
71
79
69
53
62
83
70
79
69
66
67
71
62
68
52
60
67
54
57
70
47
60
57
66
48
49
56
63
41
55
51
49
53
56
40
66
51
57
52
49
42
44
46
46
49
46
45
34
37
52
46
35
49
54
51
53
40
46
45
46
44
53
67
47
34
41
40
44
42
45
43
53
50
39
30
51
49
41
38
50
52
52
55
40
49
50
61
52
53
55
42
54
46
51
50
49
55
62
62
61
64
54
74
65
82
74
77
79
88
72
83
74
63
91
70
98
90
71
83
96
90
103
89
71
100
87
102
91
91
80
100
81
85
75
100
81
81
67
72
87
92
87
62
60
59
51
59
53
51
53
55
52
55
47
45
50
45
44
26
41
35
31
46
33
27
43
37
33
36
30
37
33
37
54
34
43
40
44
37
41
43
36
40
43
34
42
39
33
27
34
34
42
43
43
29
42
39
31
36
35
33
37
40
36
35
37
40
41
40
36
45
31
34
31
30
30
25
35
36
25
34
31
24
33
23
27
35
27
21
33
26
29
34
24
42
37
30
33
23
38
34
23
34
35
35
27
19
24
40
30
23
23
18
44
33
26
21
27
24
24
20
31
29
22
23
24
26
29
37
28
25
29
35
21
24
33
33
16
29
24
36
41
18
25
30
24
41
23
19
29
26
29
39
31
24
21
27
28
26
23
30
36
29
27
26
22
26
30
28
20
21
39
28
23
30
28
22
28
22
30
25
26
36
27
16
31
21
22
28
34
27
27
28
23
30
26
30
35
34
28
31
20
31
23
26
26
33
22
30
28
32
26
34
30
32
36
33
42
17
27
19
44
49
36
36
35
43
31
40
34
42
44
45
50
41
45
34
44
52
54
50
32
41
53
33
51
38
49
42
44
38
50
46
40
46
41
43
38
44
33
39
28
39
30
32
32
37
29
27
44
22
34
29
33
28
24
35
33
22
33
22
27
30
34
41
22
29
40
33
43
32
41
24
37
37
46
24
29
35
33
34
35
41
42
47
38
44
47
51
41
51
31
45
44
38
39
29
55
33
36
42
35
52
34
42
26
29
40
44
35
34
27
31
29
29
49
35
22
33
29
23
33
33
32
19
25
30
26
34
30
35
44
29
31
24
22
28
27
25
34
25
25
23
27
27
33
21
34
33
28
30
30
26
24
33
32
33
23
24
36
25
20
29
18
28
28
32
23
26
23
30
34
36
29
22
22
31
27
21
23
28
23
26
40
28
31
28
31
24
39
35
26
33
23
24
29
27
24
30
22
23
27
23
30
32
31
28
28
28
23
26
27
33
18
28
20
25
26
17
21
25
31
17
17
32
28
21
21
24
28
20
22
18
16
22
20
20
21
23
16
18
19
24
20
17
23
28
21
20
19
25
19
17
24
13
26
19
27
23
21
26
20
21
16
26
20
21
25
16
30
17
18
18
18
14
20
21
18
20
13
24
13
6
17
18
19
18
16
13
23
12
13
9
13
16
10
15
12
12
11
9
18
10
14
18
21
8
8
11
17
15
17
7
13
9
14
12
19
16
16
11
8
9
14
18
10
17
15
16
12
17
20
12
13
14
10
12
18
17
15
13
10
20
10
11
18
17
17
19
24
25
22
16
21
14
21
18
23
21
26
21
40
29
34
36
39
36
41
35
45
51
46
42
58
59
55
61
69
62
87
61
77
77
61
74
76
72
75
86
86
96
86
83
98
95
86
86
93
82
87
89
70
72
90
81
72
72
80
70
64
56
47
48
47
50
47
28
26
39
38
38
36
24
32
29
24
26
26
20
25
11
28
20
15
13
14
19
14
11
23
11
14
14
8
12
10
9
14
11
12
13
10
8
8
13
5
8
9
15
14
11
11
17
12
12
14
10
13
12
8
16
17
10
15
13
14
16
17
18
13
9
13
14
8
14
13
8
10
15
9
8
10
16
13
11
11
10
8
7
8
6
9
16
8
7
10
15
13
13
8
10
10
15
13
11
10
11
13
10
14
$ROI:
39
424 531
429 529
440 544
440 545
440 549
443 544
443 553
490 516
679 1395
772 934
800 953
827 855
828 856
840 1946
849 1974
857 2002
872 900
880 1058
887 915
914 1083
1010 1038
1208 1258
1345 1375
1418 1448
2436 2526
3229 3279
3607 3645
6449 6521
6459 6531
6463 6535
6464 6536
6467 6539
6471 6543
6482 6526
6489 6513
6497 6521
12997 13047
12999 13049
13000 13050
