$SPEC_ID:
GAMWIN
$SPEC_REM:


$DETDESC:

$DATE_MEA:
03/26/2025 07:18:08
$MEAS_TIM:
27529.39 27600.06
$MCA_CAL:
3
1.32118272781372E+001 1.29107522964478E+000 0.00000000000000E+000
$DATA:
0 2047
0
0
0
0
0
0
0
0
0
0
0
0
0
0
0
0
0
0
0
0
0
2017
1909
1756
1816
1737
1769
1738
1832
1723
1786
1776
1731
1708
1764
1833
1839
1958
2021
2148
2241
2363
2347
2521
2645
2718
2871
3097
3350
3774
4042
4310
4283
4087
3874
3520
3285
2998
2883
2792
2763
2671
2697
2553
2323
2194
2070
1942
1781
1702
1655
1610
1477
1492
1472
1449
1504
1400
1448
1484
1481
1406
1433
1447
1508
1530
1434
1477
1475
1523
1534
1553
1481
1519
1449
1494
1445
1506
1447
1483
1345
1343
1483
1405
1466
1428
1372
1430
1390
1383
1324
1385
1325
1375
1299
1298
1239
1287
1226
1214
1221
1252
1239
1280
1279
1333
1370
1369
1355
1363
1390
1382
1439
1408
1273
1261
1229
1211
1236
1168
1234
1194
1204
1197
1140
1114
1198
1196
1127
1183
1140
1165
1142
1122
1167
1135
1211
1129
1245
1286
1343
1444
1561
1764
1965
2184
2350
2398
2509
2411
2468
2305
2144
1973
1787
1638
1481
1293
1133
1111
961
960
901
800
843
830
824
830
851
862
784
861
852
836
855
874
828
822
825
850
837
907
949
957
996
1032
1081
1101
1074
1121
1115
1142
1061
1035
985
951
886
785
759
758
659
663
608
599
605
563
540
606
556
650
618
648
630
695
742
783
793
768
832
811
862
984
1008
984
1077
1103
1141
1203
1247
1218
1283
1219
1150
1162
1086
1023
908
824
760
703
639
587
502
469
435
447
448
396
374
398
406
371
372
372
362
341
380
369
367
375
407
366
365
380
405
356
395
388
385
340
388
331
357
348
374
337
347
345
339
317
343
303
321
291
308
275
295
310
298
269
315
265
314
299
287
297
290
293
277
290
277
306
317
300
317
305
323
299
342
328
323
310
320
285
324
314
286
315
298
262
253
274
301
291
245
323
265
259
271
247
244
278
282
256
283
286
275
308
299
319
303
328
356
347
382
385
356
366
333
337
349
356
318
316
288
290
297
243
253
258
255
258
265
232
243
222
228
244
254
245
256
233
227
231
225
207
229
235
226
244
243
262
231
273
296
275
310
334
324
380
391
352
418
392
439
446
482
450
516
474
467
510
495
512
456
502
486
539
554
560
524
531
559
552
609
584
586
595
650
627
612
580
575
573
560
471
521
442
400
358
351
300
287
251
245
239
216
179
208
165
197
199
194
172
168
170
210
202
173
194
193
169
201
195
170
190
195
182
181
193
207
187
170
176
205
199
185
188
192
191
173
210
182
177
197
174
158
169
167
166
151
171
193
178
174
188
215
180
176
205
200
172
181
200
191
204
208
178
199
209
224
216
210
240
207
204
188
216
216
214
224
219
185
192
192
192
191
185
188
166
198
182
187
180
182
184
188
191
181
196
200
195
189
213
213
192
203
217
196
204
179
216
210
173
188
223
203
221
195
201
210
184
193
182
203
194
197
175
220
173
175
182
176
164
186
157
162
149
158
153
153
126
161
161
160
149
134
137
137
153
146
168
163
170
168
191
179
147
158
164
170
170
164
156
150
170
167
166
160
157
174
137
152
167
166
151
146
160
164
160
152
171
123
142
135
142
149
165
187
150
154
178
169
185
174
171
186
201
185
200
229
212
224
224
242
244
269
262
258
249
267
279
291
271
250
251
253
212
242
237
243
210
218
206
201
185
218
154
175
200
171
176
165
163
173
169
165
193
196
201
201
218
183
234
201
227
200
222
217
238
224
247
219
215
235
224
207
224
257
221
220
194
204
177
199
179
157
160
167
159
160
152
140
124
138
130
155
108
136
126
153
99
124
138
112
129
117
123
125
129
121
140
142
141
142
113
131
121
123
128
130
125
129
135
128
114
128
119
134
129
128
116
111
126
110
115
128
149
148
123
129
126
138
142
108
129
132
124
138
131
131
126
125
150
139
151
127
139
163
147
135
140
142
156
146
128
158
150
141
167
154
157
167
178
169
188
165
195
175
175
186
188
188
172
202
193
207
187
171
215
193
176
183
185
177
174
179
167
194
154
149
141
135
136
150
137
151
155
143
142
139
150
132
130
138
136
147
106
143
146
154
128
170
116
132
141
126
150
126
136
132
119
122
145
144
138
126
129
136
154
144
122
164
126
153
134
165
150
134
144
123
132
133
158
132
136
124
143
142
141
158
141
147
137
125
141
152
141
152
131
145
136
124
120
138
127
118
120
143
103
122
116
112
112
109
120
103
98
107
91
89
93
80
89
87
78
87
87
80
76
64
71
76
70
50
65
79
68
80
71
62
66
66
67
51
77
66
53
80
58
65
58
56
51
56
67
67
61
59
49
59
51
53
48
55
45
51
59
53
51
52
61
63
45
56
63
51
44
54
59
48
54
49
66
46
48
53
45
53
58
54
63
49
62
50
58
64
51
51
63
61
66
59
53
89
68
67
64
74
75
75
70
64
76
74
79
78
69
78
73
81
81
69
79
79
76
71
82
93
83
92
104
82
92
103
115
113
120
150
138
162
147
185
219
202
224
200
264
300
295
338
380
384
425
450
499
486
492
567
590
636
607
606
649
585
652
621
667
674
642
621
655
631
616
581
564
523
518
457
464
424
413
356
364
301
294
239
251
220
189
208
146
170
135
135
107
105
85
74
70
68
74
50
58
53
44
57
43
38
53
39
36
38
49
41
32
28
39
28
33
34
31
29
33
32
23
32
30
30
25
30
34
29
26
28
27
32
34
35
38
32
27
26
24
32
33
30
21
25
42
33
37
28
33
45
39
47
45
34
31
43
38
40
45
40
26
31
34
41
35
39
35
36
40
28
37
33
38
43
36
36
31
34
35
31
25
40
26
32
36
28
39
27
32
27
43
35
41
20
34
27
28
20
25
21
28
33
24
20
30
22
27
24
16
32
27
19
33
20
21
28
26
18
28
24
26
22
22
14
19
15
17
18
14
23
22
26
16
28
29
22
21
27
24
26
27
31
26
30
18
32
22
33
31
22
36
34
26
37
29
35
31
39
31
31
28
28
33
35
35
35
43
34
45
49
35
51
38
47
51
44
44
47
50
58
40
57
60
51
58
49
53
48
39
64
45
51
48
61
55
44
40
35
42
39
29
38
40
42
21
37
40
27
26
28
26
30
24
27
19
22
25
17
21
21
19
17
17
20
19
19
25
17
28
25
17
18
16
27
16
24
20
20
20
17
22
16
16
23
17
21
31
26
12
20
20
19
20
24
15
20
20
19
9
17
14
14
21
11
12
20
25
17
18
10
15
18
20
18
15
8
24
17
16
11
16
16
21
11
15
15
10
21
20
18
13
15
16
9
11
8
14
20
14
17
24
19
17
17
20
15
14
17
18
13
9
6
12
19
14
10
12
15
12
18
17
10
12
12
13
11
12
19
12
16
9
20
16
17
17
13
9
10
19
15
13
18
18
15
19
9
15
20
15
12
6
17
20
13
14
10
13
16
15
13
17
9
11
10
12
12
12
17
11
10
12
6
20
16
13
15
17
13
18
13
9
11
7
17
16
14
20
11
14
7
10
10
11
15
15
16
19
15
8
14
11
10
13
15
13
15
17
18
18
15
15
18
11
10
13
14
16
9
23
18
15
12
16
16
18
10
21
15
21
16
32
14
27
18
18
22
16
31
26
22
23
32
19
21
30
30
25
20
23
26
34
25
23
20
16
17
23
30
23
16
20
21
20
18
8
14
19
15
11
15
18
17
14
13
21
16
15
17
14
22
13
17
23
16
11
22
15
26
11
25
20
19
10
16
16
18
20
23
19
26
19
26
15
21
30
21
20
31
13
22
21
21
24
28
21
8
14
12
23
14
21
16
23
11
18
15
12
18
13
20
29
17
23
17
13
16
13
14
18
16
12
18
8
11
18
13
10
12
20
14
16
14
11
16
26
19
18
18
7
16
10
16
13
10
14
10
17
15
13
18
14
9
11
14
10
11
11
17
19
14
16
13
10
13
12
14
19
13
10
11
18
11
12
18
17
8
19
16
19
17
10
9
6
7
6
14
14
13
8
14
10
9
12
16
14
19
16
14
18
12
11
14
13
13
15
8
17
16
12
20
14
11
19
16
9
12
12
7
17
12
11
10
10
12
6
7
9
14
10
9
10
7
10
12
11
12
11
10
13
16
11
12
13
8
10
11
13
9
6
8
6
12
15
5
12
11
12
8
14
7
14
11
7
8
9
10
11
6
10
9
5
7
13
6
8
5
11
7
8
9
12
7
7
8
7
4
12
10
11
14
11
9
8
9
8
6
10
11
8
9
7
10
7
7
6
9
8
7
8
7
5
11
7
11
9
7
4
8
1
11
7
7
5
7
1
8
11
10
7
5
8
8
4
11
9
12
11
7
4
3
4
10
4
13
10
6
8
8
12
17
10
8
7
9
14
10
12
18
12
10
8
13
18
12
10
15
20
12
20
21
21
18
24
16
29
24
26
29
35
38
28
35
37
34
38
38
38
33
39
42
44
30
49
48
40
32
47
42
35
35
34
47
45
43
30
20
37
29
28
42
22
34
27
25
23
19
25
18
21
14
18
16
16
20
17
17
5
10
19
16
9
13
5
8
2
12
4
11
4
5
4
5
4
9
8
8
10
8
7
4
2
8
4
5
7
8
6
8
7
10
3
4
8
7
7
9
5
1
6
6
4
9
4
4
4
0
9
5
6
7
2
6
6
8
5
10
7
9
2
6
3
5
4
4
4
7
5
14
7
4
9
6
5
1
6
3
3
9
7
3
5
5
8
3
4
4
7
3
6
4
3
5
6
$ROI:
39
424 531
429 529
440 544
440 545
440 549
443 544
443 553
490 516
679 1395
772 934
800 953
827 855
828 856
840 1946
849 1974
857 2002
872 900
880 1058
887 915
914 1083
1010 1038
1208 1258
1345 1375
1418 1448
2436 2526
3229 3279
3607 3645
6449 6521
6459 6531
6463 6535
6464 6536
6467 6539
6471 6543
6482 6526
6489 6513
6497 6521
12997 13047
12999 13049
13000 13050
