$SPEC_ID:
GAMWIN
$SPEC_REM:


$DETDESC:

$DATE_MEA:
03/21/2025 07:26:34
$MEAS_TIM:
29130.74 29206.86
$MCA_CAL:
3
1.32118272781372E+001 1.29107522964478E+000 0.00000000000000E+000
$DATA:
0 2047
0
0
0
0
0
0
0
0
0
0
0
0
0
0
0
0
0
0
0
0
0
1885
1606
1558
1481
1496
1519
1588
1569
1557
1571
1616
1404
1434
1371
1343
1364
1313
1508
1710
1687
1853
2027
2055
2131
2151
2321
2613
3068
3474
4008
4413
4546
4509
4172
3682
3282
2915
2805
2668
2626
2515
2564
2388
2198
1967
1842
1563
1410
1205
1089
994
1000
990
961
978
933
951
951
922
904
842
875
864
940
846
878
912
992
1031
991
936
1006
1002
959
912
983
995
928
964
993
947
964
967
1044
975
972
908
957
966
958
885
909
891
837
871
858
835
825
826
872
834
779
929
925
882
975
928
1024
1033
1154
1129
1125
1055
1078
954
1017
896
844
820
875
860
833
869
897
912
863
865
895
861
882
840
779
828
823
777
845
895
879
965
1046
1181
1384
1569
1782
1962
2124
2383
2535
2591
2552
2490
2280
2182
1879
1705
1441
1253
1097
909
820
695
689
629
631
593
621
588
656
637
652
677
649
686
678
666
710
660
656
719
649
789
759
781
867
877
918
986
1038
1082
1072
1052
988
974
969
850
837
789
672
648
564
474
495
458
435
481
441
415
456
469
523
564
543
541
615
641
699
742
742
783
808
904
939
974
1067
1116
1201
1206
1325
1362
1314
1334
1293
1285
1167
1039
1016
960
819
736
725
542
506
422
395
362
353
327
323
317
294
298
301
259
286
293
278
290
266
314
299
273
302
290
310
271
320
301
323
291
290
297
300
277
283
286
268
299
261
285
253
256
251
247
232
245
232
244
204
229
218
246
216
209
222
219
232
221
238
212
224
218
242
253
232
255
249
271
281
289
267
258
269
273
291
305
245
238
252
235
268
220
259
222
214
226
227
226
201
222
212
225
214
222
240
211
225
214
271
251
269
269
296
330
326
327
333
336
342
316
283
297
282
270
266
257
265
233
228
208
215
225
197
200
197
197
185
177
163
181
197
185
178
190
179
202
176
178
204
199
201
186
201
214
199
243
233
285
276
283
341
363
331
386
416
414
438
468
483
476
503
537
516
536
537
543
531
555
527
529
554
581
567
569
559
649
635
663
648
671
654
628
628
664
612
562
523
508
429
388
368
337
315
252
230
215
196
202
192
171
177
170
148
147
157
135
132
132
146
139
158
154
144
131
151
156
163
169
148
133
143
174
145
146
151
147
157
150
146
154
138
150
138
124
150
139
128
152
122
114
152
124
130
135
134
119
134
166
120
141
141
123
158
156
137
185
165
143
166
162
166
166
182
170
189
172
209
190
159
198
175
178
172
173
159
160
175
149
146
169
160
150
142
164
169
146
157
150
163
169
178
155
167
174
156
171
172
166
179
179
196
217
187
196
169
169
175
168
173
192
170
171
160
172
168
160
154
162
140
150
152
126
163
134
136
128
117
139
104
134
111
133
122
129
124
109
112
116
124
120
111
130
116
124
127
132
141
123
145
131
137
111
117
114
113
128
117
126
118
115
122
126
117
112
113
126
127
125
105
136
124
113
117
101
106
100
113
119
107
130
107
126
114
139
115
145
139
142
141
167
192
187
199
211
212
213
201
228
230
254
265
233
265
236
246
253
215
222
240
212
190
227
196
163
182
170
167
161
153
143
136
138
138
132
158
137
145
132
153
145
129
138
159
164
182
145
154
178
171
153
179
180
195
208
198
215
175
171
157
173
189
184
182
134
167
118
147
156
121
116
101
98
109
101
97
77
76
87
90
75
89
81
83
81
94
86
87
80
81
79
76
81
65
82
69
72
65
78
60
70
65
63
60
74
95
75
64
57
72
74
79
60
66
79
76
60
71
75
83
71
83
61
61
77
82
81
62
80
65
79
69
88
67
78
79
64
88
76
81
81
101
79
94
102
85
100
71
80
89
111
83
106
92
102
113
126
108
132
106
135
137
128
134
155
134
150
122
159
128
141
146
115
141
126
119
119
135
132
110
104
111
119
103
109
83
89
97
99
76
91
90
74
92
92
94
65
73
84
93
74
62
67
82
64
76
79
65
78
65
64
73
70
89
72
61
77
77
73
74
70
61
64
48
78
78
73
78
63
69
74
74
82
73
58
64
73
73
67
63
72
82
88
82
82
73
92
95
80
96
86
87
87
103
82
79
79
76
73
98
76
90
94
79
82
73
61
83
64
63
68
75
60
63
65
57
68
71
57
66
46
62
51
57
48
47
55
66
60
46
46
55
51
52
43
45
30
48
60
60
50
33
46
32
33
58
38
47
38
46
39
40
37
44
46
39
40
46
45
33
40
40
32
46
48
35
30
46
45
46
35
39
36
40
42
24
38
44
41
47
35
40
38
53
59
47
41
40
62
49
47
44
54
57
65
58
48
58
72
46
46
60
65
76
69
74
70
53
56
63
54
48
50
52
54
64
74
57
70
51
76
52
43
59
69
55
53
71
56
50
67
70
77
72
82
79
89
88
90
96
95
117
96
120
110
112
132
143
126
150
164
186
175
187
172
183
183
180
205
192
211
182
215
230
204
204
188
197
185
177
168
179
139
154
132
139
136
135
121
112
129
105
83
84
72
85
59
65
58
52
54
68
64
53
44
54
44
47
46
44
42
35
39
51
40
46
33
35
39
30
36
36
44
37
37
35
40
32
32
33
38
35
35
41
22
26
26
28
29
32
40
30
25
21
34
34
23
40
26
36
35
44
39
43
39
32
34
40
37
45
38
36
42
51
53
25
42
50
33
35
43
34
45
51
37
35
45
43
42
46
37
34
41
45
34
37
45
46
41
27
44
39
31
29
37
32
34
37
26
27
18
26
27
22
28
28
27
37
26
24
27
23
27
31
29
35
24
19
25
19
20
35
26
24
24
21
27
28
24
29
30
24
32
20
25
28
26
19
30
19
23
23
21
31
21
17
23
22
18
30
27
27
22
17
25
17
31
24
27
32
38
36
39
22
33
36
29
35
41
38
30
39
32
35
31
43
46
52
56
47
55
51
50
56
59
66
56
50
53
57
48
51
59
61
51
68
61
70
58
60
59
59
53
58
51
55
52
51
56
48
48
35
40
38
32
34
27
43
33
30
29
34
25
26
19
35
14
16
24
26
23
27
26
27
18
22
23
16
11
27
23
17
18
13
23
23
18
32
17
24
36
16
28
18
27
16
16
29
18
21
23
23
31
32
18
28
29
15
21
15
19
29
23
27
22
20
7
13
20
16
16
22
14
9
11
21
16
15
18
19
12
14
14
17
18
16
22
18
14
22
18
22
22
17
25
26
20
25
13
13
19
13
13
18
11
9
17
18
8
14
19
14
22
12
17
13
13
21
15
13
25
23
14
12
19
15
14
14
23
11
16
18
15
14
14
19
13
14
18
14
19
19
15
17
13
19
16
13
16
11
11
17
15
9
14
14
10
15
8
11
17
15
12
12
17
8
23
17
17
8
12
12
19
14
19
20
9
15
11
11
12
18
14
16
16
9
12
14
12
12
17
15
17
6
21
17
12
11
20
16
24
24
15
12
15
17
10
20
16
6
18
18
14
16
10
15
24
19
16
20
11
19
13
16
15
16
21
25
18
22
15
19
23
17
32
26
26
22
29
36
22
19
16
22
27
28
23
20
26
22
23
26
20
25
19
34
23
18
21
20
17
20
21
26
27
24
22
20
6
19
7
16
21
14
16
22
28
17
14
23
15
13
9
26
21
13
14
16
19
16
16
20
23
31
24
23
17
17
15
24
16
10
18
24
19
25
23
25
14
25
23
17
22
20
22
27
28
16
24
22
19
23
25
17
27
21
21
17
17
19
19
21
18
17
25
27
17
14
20
16
29
17
16
15
21
15
18
19
12
13
15
12
11
12
22
8
14
10
16
18
26
17
7
16
13
18
21
18
13
17
20
14
21
12
17
15
15
15
16
19
18
12
15
14
19
15
13
13
15
18
15
19
14
15
15
12
14
19
18
20
19
12
17
15
13
14
10
15
15
13
12
14
20
22
13
18
12
13
19
17
11
14
18
14
8
10
12
11
10
15
13
14
9
13
18
18
18
10
12
18
12
16
14
17
14
12
14
12
9
12
7
11
8
12
20
12
7
12
16
10
13
7
11
13
11
13
10
11
11
11
8
11
13
10
9
8
13
15
4
9
11
9
9
8
10
9
18
7
8
10
15
10
14
10
5
14
13
15
9
17
5
10
9
10
13
15
7
15
7
7
13
12
8
8
8
11
6
10
9
10
6
7
7
5
9
10
3
11
8
9
3
6
9
5
7
7
13
13
7
5
10
11
4
3
3
5
5
13
5
5
15
8
6
5
10
7
8
7
4
6
6
3
12
13
5
6
5
6
9
6
6
11
7
10
7
9
12
16
11
19
23
13
12
18
16
21
17
15
21
23
29
16
23
26
29
37
34
22
46
37
34
28
36
37
41
42
49
38
50
40
56
36
51
48
49
44
48
44
45
64
30
50
39
50
29
34
33
36
37
35
41
31
27
29
26
20
26
27
27
17
19
20
19
10
19
16
19
22
11
13
15
16
14
12
6
11
8
10
8
12
6
10
7
6
10
10
3
7
6
4
5
6
12
8
8
7
4
6
7
4
4
7
7
9
5
10
2
6
4
6
12
4
11
9
5
7
2
4
6
7
5
5
7
7
3
6
6
7
8
7
4
8
7
3
3
3
4
7
0
5
7
7
4
5
2
6
6
3
5
7
5
5
2
4
4
9
2
4
6
$ROI:
38
424 531
429 529
440 544
440 545
440 549
443 544
443 553
490 516
679 1395
772 934
800 953
827 855
828 856
840 1946
849 1974
872 900
880 1058
887 915
914 1083
1010 1038
1208 1258
1345 1375
1418 1448
2436 2526
3229 3279
3607 3645
6449 6521
6459 6531
6463 6535
6464 6536
6467 6539
6471 6543
6482 6526
6489 6513
6497 6521
12997 13047
12999 13049
13000 13050
