$SPEC_ID:
GAMWIN
$SPEC_REM:


$DETDESC:

$DATE_MEA:
03/21/2025 15:34:20
$MEAS_TIM:
231416.90 231733.67
$MCA_CAL:
3
1.32118272781372E+001 1.29107522964478E+000 0.00000000000000E+000
$DATA:
0 2047
0
0
0
0
0
0
0
0
0
0
0
0
0
0
0
0
0
0
0
0
0
3597
3290
3084
2971
2874
2756
2870
2933
3033
3024
2950
2746
2367
1972
1693
1511
1424
1540
1554
1566
1810
1846
1943
2010
1934
1909
2041
2210
2345
2558
2839
2792
2865
2869
2787
2660
2674
2454
2461
2463
2339
2349
2203
2150
1988
1892
1711
1640
1526
1523
1522
1418
1443
1370
1337
1312
1356
1331
1331
1400
1285
1401
1367
1352
1363
1348
1325
1267
1322
1356
1385
1422
1321
1380
1377
1410
1405
1406
1336
1422
1457
1413
1419
1372
1440
1415
1390
1443
1414
1436
1372
1370
1403
1325
1425
1295
1288
1392
1349
1351
1349
1413
1394
1377
1467
1446
1470
1527
1488
1583
1580
1604
1552
1564
1436
1458
1332
1419
1343
1309
1273
1241
1220
1301
1240
1267
1242
1261
1243
1245
1251
1258
1246
1228
1271
1212
1255
1208
1243
1187
1218
1242
1238
1303
1342
1382
1383
1444
1452
1477
1469
1501
1400
1404
1346
1317
1270
1229
1167
1065
1085
1145
1046
960
1032
1047
1033
1035
1048
968
1037
1000
1063
1001
1032
1019
1049
1121
1049
990
1039
1095
1177
1144
1209
1209
1266
1284
1363
1343
1286
1327
1250
1184
1133
1109
1069
934
918
933
894
842
809
755
787
825
766
755
736
721
716
737
751
751
769
756
789
791
832
868
939
915
1005
1129
1193
1298
1293
1437
1425
1545
1502
1434
1471
1362
1357
1200
1195
1123
973
880
885
781
792
682
685
644
613
596
550
561
580
559
608
527
538
562
552
528
519
567
527
564
576
562
553
551
551
545
513
524
497
486
479
479
481
517
487
481
454
510
445
469
422
469
475
451
436
480
400
432
460
438
418
444
422
438
427
433
407
429
404
473
477
470
432
459
447
465
445
446
422
431
475
452
443
476
475
446
490
510
477
464
481
497
471
522
471
491
457
507
466
503
478
478
508
496
466
522
603
556
587
634
583
668
634
625
633
646
641
588
671
594
578
525
489
557
520
494
466
457
436
417
396
366
373
383
355
397
366
404
387
347
369
344
372
358
402
368
332
369
369
393
377
356
370
348
421
386
370
402
379
370
384
340
367
377
360
352
407
405
404
424
435
427
445
475
450
534
518
510
586
550
657
618
687
700
689
729
734
764
715
769
699
677
646
650
617
565
534
469
517
455
440
423
394
393
350
337
327
314
292
295
262
275
322
270
285
275
295
298
308
295
287
281
314
282
313
305
302
315
281
291
274
274
289
277
296
263
298
297
262
286
270
283
253
289
270
292
284
252
257
288
284
262
298
291
250
282
246
269
293
251
274
295
267
287
289
281
265
275
242
238
252
270
255
251
263
245
259
268
266
252
256
240
256
232
255
264
286
269
277
228
276
285
303
267
304
267
285
290
263
287
295
304
261
300
296
306
296
274
276
309
286
277
296
279
264
311
268
289
275
253
269
265
246
291
243
271
262
271
255
249
263
228
262
238
222
264
214
268
253
270
257
254
237
229
253
235
247
255
243
239
238
201
193
230
198
246
203
208
224
223
191
225
212
178
216
217
210
203
204
193
222
180
190
206
206
215
185
203
214
207
201
199
177
197
180
201
192
185
195
188
179
187
189
203
178
182
212
196
199
207
183
209
212
181
206
208
192
178
198
194
204
205
190
198
187
228
206
214
211
202
215
201
194
189
195
212
205
174
228
198
187
194
178
202
209
189
174
164
192
194
223
186
202
168
189
187
172
150
200
194
214
180
179
161
180
178
171
188
196
174
172
187
183
195
183
176
151
191
165
161
176
155
154
175
184
160
160
168
175
163
162
148
183
197
156
163
133
163
161
156
170
143
174
162
152
154
134
159
146
166
140
147
170
162
143
141
162
142
154
177
141
137
151
159
173
160
152
174
177
141
146
186
137
138
172
158
160
148
150
160
168
159
140
176
145
158
154
155
165
165
153
158
162
169
157
169
166
166
167
180
163
189
203
167
181
207
173
166
192
175
228
209
168
216
230
201
188
193
175
179
213
201
163
178
186
181
172
197
167
167
165
163
175
173
170
144
151
167
160
143
168
142
143
173
158
157
131
162
147
126
136
129
137
135
162
140
126
124
141
132
154
144
149
133
133
145
107
133
120
126
136
130
124
134
144
131
117
124
142
120
112
139
125
137
141
144
156
133
136
166
157
141
164
140
154
128
157
140
140
137
148
138
155
152
143
137
148
148
137
137
110
133
151
125
134
119
139
109
103
125
114
138
140
130
110
123
106
125
101
116
99
108
113
111
121
93
118
121
113
99
101
111
128
101
107
123
107
126
96
127
100
119
103
96
93
100
96
87
97
91
94
103
107
105
85
124
86
120
99
91
89
86
74
101
101
85
112
82
112
105
115
100
94
116
123
95
107
102
123
103
100
95
106
99
107
117
108
106
104
100
99
113
128
111
120
120
129
119
112
125
95
108
129
125
108
118
121
119
110
113
121
138
121
126
110
127
130
117
127
125
132
135
151
108
106
131
123
126
116
109
153
123
143
168
150
162
147
152
166
159
175
172
173
196
170
189
206
233
237
194
239
196
229
219
220
236
231
252
232
225
231
218
238
218
227
206
211
213
212
196
198
171
181
177
187
165
139
147
143
145
145
132
129
129
119
121
108
122
110
113
115
108
87
111
89
105
92
102
95
100
112
108
90
100
118
98
91
75
85
91
86
89
94
72
108
86
81
90
89
92
82
74
88
89
89
101
100
114
69
81
86
74
82
74
77
80
98
101
90
78
83
80
81
73
66
99
75
74
90
75
68
73
87
81
89
78
75
57
89
75
72
61
76
77
92
58
82
75
64
66
80
64
65
66
81
73
70
69
70
76
65
65
68
59
54
69
72
68
77
60
57
66
50
65
66
62
50
64
63
54
66
64
58
72
69
68
59
61
67
64
80
53
74
61
70
59
64
72
64
60
69
66
85
69
70
70
68
61
61
64
55
54
57
59
59
67
77
61
61
66
67
65
65
57
72
74
70
73
57
71
85
75
59
66
85
79
77
66
85
77
75
85
87
94
97
84
93
74
81
84
78
93
90
88
102
86
101
104
102
90
99
96
106
107
78
105
88
83
77
82
86
96
86
72
88
85
83
83
88
77
79
78
94
67
82
76
66
64
46
59
66
70
64
55
54
59
54
44
47
60
52
36
46
56
66
52
67
60
51
61
66
59
48
45
54
62
72
49
55
51
50
51
50
57
62
58
64
56
58
31
54
56
60
57
45
48
60
53
43
48
43
50
49
41
52
46
47
48
58
41
54
52
40
48
38
50
46
36
48
53
49
36
53
50
39
46
41
48
46
45
49
40
48
37
45
47
36
43
37
47
42
54
34
40
39
46
56
32
44
47
24
47
49
41
45
44
30
44
56
42
40
41
40
47
53
49
47
46
38
44
42
51
37
47
33
42
49
38
50
53
39
54
45
50
49
50
47
41
42
53
41
42
45
45
53
47
43
51
51
50
44
46
53
45
59
31
54
48
43
41
32
43
42
41
54
35
53
54
62
51
45
41
49
39
40
46
40
48
45
46
47
42
45
55
59
34
42
52
42
45
34
41
42
40
47
41
35
43
48
41
50
30
31
39
43
38
40
47
43
43
38
46
55
38
31
44
47
42
45
47
56
45
44
42
44
41
40
36
46
47
51
38
47
42
38
52
37
37
45
42
52
44
48
29
37
55
28
38
56
39
36
54
49
35
41
43
43
30
40
31
40
39
38
39
33
44
34
31
38
35
37
33
37
36
39
44
40
43
28
54
43
47
49
35
59
50
39
45
43
41
41
40
41
48
37
37
43
61
44
30
38
53
47
31
41
46
44
35
44
33
48
38
43
35
45
47
51
41
47
41
37
43
39
40
39
42
39
40
35
33
30
31
46
34
32
44
34
35
36
36
30
38
33
45
39
36
33
46
35
36
37
32
46
21
43
44
50
36
41
43
37
28
38
41
50
47
41
49
35
43
40
42
43
41
39
36
35
23
29
37
40
40
50
48
39
35
49
40
31
29
33
38
37
32
38
34
39
39
41
37
28
38
36
41
37
32
40
35
41
41
33
40
35
35
23
31
43
40
41
28
39
47
25
36
33
39
31
26
31
35
44
33
39
37
39
40
36
43
36
43
36
41
37
29
41
38
32
40
49
38
46
45
49
32
26
35
27
39
35
38
35
40
22
40
45
32
40
37
33
31
38
26
30
25
49
44
37
32
33
33
43
29
42
37
36
38
48
38
32
40
35
32
29
32
41
36
33
37
43
33
43
41
39
29
43
36
41
43
38
26
35
39
34
38
40
34
32
35
29
37
38
28
35
31
27
35
38
36
28
35
32
32
30
22
47
31
41
41
35
29
36
29
42
37
41
37
40
31
23
29
30
36
35
42
32
36
35
28
34
25
33
33
34
32
38
34
41
30
38
29
34
25
43
43
39
34
40
23
45
33
30
35
33
41
40
36
40
48
40
45
42
52
49
47
48
53
47
47
36
41
45
48
55
49
42
42
44
46
30
51
51
44
45
42
48
42
38
42
38
45
42
33
52
41
46
34
33
32
30
44
33
40
34
52
30
29
30
33
29
24
28
30
35
37
32
36
26
17
29
28
27
39
28
36
28
21
33
41
30
33
32
26
30
36
27
34
23
33
37
31
29
38
37
40
45
39
32
20
28
42
24
30
29
39
34
26
37
30
29
27
36
33
28
39
31
30
23
28
38
37
33
28
31
27
29
34
19
30
30
31
32
31
31
35
33
31
36
27
43
37
33
43
28
29
26
$ROI:
38
424 531
429 529
440 544
440 545
440 549
443 544
443 553
490 516
679 1395
772 934
800 953
827 855
828 856
840 1946
849 1974
872 900
880 1058
887 915
914 1083
1010 1038
1208 1258
1345 1375
1418 1448
2436 2526
3229 3279
3607 3645
6449 6521
6459 6531
6463 6535
6464 6536
6467 6539
6471 6543
6482 6526
6489 6513
6497 6521
12997 13047
12999 13049
13000 13050
