$SPEC_ID:
GAMWIN
$SPEC_REM:


$DETDESC:

$DATE_MEA:
03/25/2025 07:06:24
$MEAS_TIM:
28000.86 28201.46
$MCA_CAL:
3
1.32118272781372E+001 1.29107522964478E+000 0.00000000000000E+000
$DATA:
0 2047
0
0
0
0
0
0
0
0
0
0
0
0
0
0
0
0
0
0
0
0
0
5039
4691
4256
3953
3934
3942
3883
3906
3688
3679
3728
3547
3643
3787
3921
4108
4383
4669
5038
5639
6094
6468
6750
7207
7468
8206
9130
10226
11824
13083
13936
13906
13877
12764
11614
10471
9460
9128
9035
8861
8787
8695
8037
7621
6860
6343
5756
5340
5055
4767
4553
4578
4418
4384
4370
4261
4277
4337
4209
4225
4251
4218
4346
4380
4414
4508
4527
4579
4742
4724
4819
4825
4606
4612
4558
4569
4560
4464
4550
4525
4479
4487
4473
4416
4461
4400
4313
4374
4326
4207
4098
4111
4065
4033
3906
4006
3896
3826
3884
3905
3939
3957
4068
3993
4167
4181
4293
4440
4449
4420
4574
4432
4346
4164
4167
4009
3881
3755
3723
3660
3726
3624
3746
3930
3813
3805
3876
3836
3682
3766
3694
3500
3539
3527
3547
3637
3718
3850
4297
4726
5201
5851
6663
7385
8097
8575
9175
9456
9265
9075
8358
7975
7131
6240
5483
4686
3941
3452
3132
2839
2626
2386
2327
2335
2384
2426
2369
2531
2533
2496
2594
2592
2502
2517
2485
2473
2493
2528
2548
2478
2605
2787
2872
3016
3019
3252
3411
3411
3500
3482
3411
3193
3226
2954
2804
2612
2357
2307
2043
1889
1805
1679
1700
1672
1659
1632
1767
1710
1840
1925
1957
2133
2223
2361
2495
2664
2721
2888
2914
3133
3298
3300
3507
3616
3947
3956
3903
4000
4069
4017
3842
3696
3622
3317
3066
2771
2495
2230
1958
1657
1519
1389
1256
1147
1115
1061
1053
984
973
981
928
975
955
907
956
952
889
925
1022
985
930
994
940
951
970
1021
961
925
1033
990
1069
961
982
981
948
838
850
843
854
749
832
802
798
732
772
776
771
766
722
740
674
727
707
714
717
750
673
802
789
776
771
797
775
795
857
889
939
942
866
913
932
883
882
834
818
791
806
814
850
768
743
722
722
724
660
700
672
684
713
645
699
682
698
747
773
774
823
805
910
946
940
938
1000
995
1022
1028
1012
999
906
926
912
816
862
824
782
735
691
688
645
653
598
603
614
597
591
556
588
605
556
598
560
584
568
601
652
590
597
598
649
638
713
706
793
828
831
971
1026
1086
1156
1236
1309
1433
1494
1564
1703
1728
1733
1805
1774
1782
1764
1732
1806
1789
1737
1749
1756
1732
1719
1767
1815
1812
1926
1847
1849
1978
1855
1904
1933
1830
1757
1734
1630
1458
1383
1270
1128
1070
978
891
817
691
684
635
540
531
496
502
444
428
446
447
430
433
448
419
401
441
412
399
422
414
475
454
430
437
442
443
451
462
508
438
369
444
435
429
414
410
427
424
412
400
418
403
428
368
412
398
412
398
420
399
403
448
440
439
454
427
426
454
497
450
492
505
509
522
544
561
493
573
564
575
588
560
574
562
551
536
528
540
556
496
551
470
515
480
442
482
450
445
478
452
404
447
451
467
465
491
485
487
484
510
521
546
499
500
534
510
515
534
495
544
516
519
512
492
516
494
491
461
477
422
449
433
456
430
438
409
386
418
385
354
344
388
350
366
364
321
336
309
311
292
338
329
366
338
384
331
328
349
327
347
333
375
365
362
345
345
347
341
396
342
358
376
388
365
325
368
417
366
341
363
349
363
368
327
309
327
379
350
333
341
316
309
336
320
339
359
366
363
355
409
436
449
490
485
538
604
659
647
688
718
738
777
744
782
820
817
863
837
804
806
776
736
728
695
703
655
623
594
597
528
529
454
483
413
408
411
408
388
394
421
376
401
462
424
417
469
463
529
523
500
486
547
577
600
607
622
650
671
631
630
611
559
563
582
494
548
449
486
474
435
415
366
355
305
319
293
296
270
257
265
230
217
201
219
228
197
199
207
206
184
187
176
185
176
185
156
177
175
190
182
157
183
171
169
161
162
188
153
177
157
155
182
134
167
154
184
170
161
164
179
173
146
163
169
189
169
175
180
167
170
170
162
157
165
165
181
180
167
203
215
189
178
177
190
202
222
213
206
186
223
218
204
228
249
281
238
259
261
297
305
315
325
317
332
326
340
344
354
342
352
350
371
351
328
336
334
320
317
320
310
312
272
253
254
234
263
247
222
224
192
199
205
216
200
201
168
187
180
171
191
175
151
144
141
168
170
179
135
148
154
148
159
136
138
139
153
146
146
148
136
161
116
122
128
120
139
133
148
150
163
145
147
157
147
153
169
147
149
161
157
146
148
168
155
157
161
167
163
181
189
162
194
196
184
207
201
213
179
210
202
208
189
209
207
207
174
154
192
181
159
189
170
162
147
146
163
145
142
147
129
142
149
125
156
124
124
150
146
135
121
140
123
132
133
137
147
128
115
110
113
106
112
121
124
122
115
116
104
124
96
118
113
107
89
121
106
109
91
114
104
91
111
113
113
110
120
119
111
103
101
111
116
117
97
116
99
112
116
120
121
108
124
128
120
120
132
150
122
153
150
131
161
133
137
145
146
156
157
177
163
173
156
184
149
161
165
180
174
160
168
180
169
173
141
173
153
164
158
159
163
157
158
142
133
132
154
130
136
130
130
134
142
150
128
165
165
125
156
170
147
141
139
136
173
195
182
171
192
192
201
205
188
193
222
210
240
244
237
243
238
269
262
261
264
269
258
250
254
261
259
208
205
211
209
205
197
171
179
176
190
165
154
150
172
143
147
128
151
164
137
132
122
131
114
153
125
135
129
122
133
122
125
136
112
112
113
89
134
101
115
111
107
97
87
106
78
96
76
95
103
83
80
94
73
116
84
83
93
97
110
82
67
102
95
90
88
92
108
76
101
90
92
107
115
107
117
110
120
133
123
135
112
118
128
135
124
118
127
134
131
115
147
137
131
139
121
137
136
119
124
140
119
137
125
117
148
118
133
119
119
102
119
109
123
115
105
84
100
98
100
116
104
98
95
99
93
101
89
81
79
104
83
96
101
66
65
72
77
66
70
84
68
67
82
74
87
72
76
67
76
69
56
60
69
62
76
60
78
60
76
64
68
86
82
70
75
63
72
84
72
86
66
84
73
70
89
76
83
85
79
89
82
91
99
86
94
92
111
86
101
102
112
126
138
112
121
137
117
131
150
121
123
164
127
152
159
150
161
163
171
143
165
167
173
180
180
185
182
176
170
166
171
151
148
153
147
129
149
117
129
133
116
132
133
111
108
105
103
80
77
91
67
69
79
73
65
58
63
47
64
53
57
62
60
61
56
55
51
66
53
62
51
58
58
52
60
55
64
53
57
69
68
64
59
65
59
56
75
62
61
62
64
60
71
67
66
74
62
50
62
67
75
75
62
52
61
66
51
53
51
60
45
53
45
48
53
41
48
37
58
50
46
46
40
51
42
52
38
44
53
48
47
56
55
48
35
59
55
49
46
50
39
53
50
42
34
54
42
43
50
48
53
36
44
48
40
42
43
38
46
34
45
44
46
37
50
44
40
50
35
43
40
39
33
34
44
39
53
38
42
40
37
41
50
44
44
40
33
47
31
47
46
42
53
45
35
41
32
65
29
39
44
46
37
40
40
50
41
42
34
36
42
43
43
38
49
36
37
45
39
33
37
36
36
62
44
45
50
40
35
38
40
48
51
34
39
38
31
48
42
35
47
40
34
52
41
47
57
46
45
50
42
45
42
60
50
45
56
52
54
61
55
55
64
55
47
69
80
60
67
64
81
81
80
74
89
93
76
98
71
92
70
78
68
79
79
94
81
67
78
84
89
76
84
70
70
83
77
73
60
79
58
64
59
51
74
52
54
53
51
58
50
48
60
33
49
52
50
49
43
48
42
57
50
54
61
69
59
66
53
53
53
66
50
68
57
54
60
61
56
71
68
70
58
61
80
62
73
73
76
63
83
71
73
70
66
82
79
53
63
61
80
70
82
84
52
65
56
62
50
64
67
55
54
59
51
59
43
53
46
56
41
64
50
59
54
54
51
50
37
47
39
43
54
44
58
44
47
45
43
51
40
52
52
53
39
49
57
58
39
38
65
51
54
49
61
43
56
44
57
39
42
51
49
38
41
45
57
41
44
38
61
43
55
52
56
44
45
42
40
50
56
51
46
59
38
47
43
56
48
37
44
57
47
46
48
52
30
38
49
42
42
52
43
48
40
33
46
42
36
36
38
44
55
33
46
42
28
55
39
40
39
50
44
37
32
38
37
40
39
52
31
27
36
35
26
30
33
27
30
31
31
38
26
28
28
34
37
25
35
43
44
34
39
34
33
34
20
25
35
28
32
27
29
35
28
34
34
27
26
18
19
32
29
31
22
23
28
27
26
39
27
27
21
28
25
25
23
18
25
18
31
22
23
14
19
13
22
21
15
20
28
19
20
16
13
13
23
24
13
12
15
24
20
20
19
28
15
17
21
19
23
14
18
12
18
17
20
26
15
17
15
17
22
23
18
14
21
17
24
12
23
21
27
27
26
21
23
34
24
36
30
37
36
42
46
43
57
57
57
49
44
66
56
66
98
62
78
107
96
81
108
102
108
133
112
111
161
134
133
167
166
180
151
171
150
179
184
146
155
162
166
203
180
193
142
143
203
174
183
156
146
130
144
135
154
146
121
139
92
100
97
96
93
88
69
73
68
65
49
73
64
56
42
41
34
39
39
36
20
20
24
33
24
18
22
17
17
19
24
16
18
19
10
12
14
21
16
22
11
13
8
15
14
11
14
11
14
14
13
11
14
12
12
12
10
8
13
12
15
8
13
15
10
6
12
6
7
13
11
12
10
11
10
7
13
7
7
10
5
7
11
8
5
15
19
11
11
6
13
9
11
9
22
12
10
11
14
5
9
6
11
4
14
10
10
10
11
4
13
12
11
7
10
6
$ROI:
39
424 531
429 529
440 544
440 545
440 549
443 544
443 553
490 516
679 1395
772 934
800 953
827 855
828 856
840 1946
849 1974
857 2002
872 900
880 1058
887 915
914 1083
1010 1038
1208 1258
1345 1375
1418 1448
2436 2526
3229 3279
3607 3645
6449 6521
6459 6531
6463 6535
6464 6536
6467 6539
6471 6543
6482 6526
6489 6513
6497 6521
12997 13047
12999 13049
13000 13050
