$SPEC_ID:
GAMWIN
$SPEC_REM:


$DETDESC:

$DATE_MEA:
03/25/2025 14:57:26
$MEAS_TIM:
58551.36 58780.25
$MCA_CAL:
3
1.32118272781372E+001 1.29107522964478E+000 0.00000000000000E+000
$DATA:
0 2047
0
0
0
0
0
0
0
0
0
0
0
0
0
0
0
0
0
0
0
0
0
5239
4785
4477
4348
4408
4090
4126
4149
4174
4085
4071
3989
3858
3996
3983
4252
4378
4793
5203
5573
5916
6375
6708
6877
7310
8014
8832
10014
11697
12611
13600
13746
13477
12365
11169
9907
9081
8586
8499
8449
8451
8155
7629
7004
6452
6201
5437
4980
4499
4241
4072
4012
3850
3888
3827
3814
3708
3749
3654
3696
3811
3694
3759
3806
3865
3963
4101
4030
4129
4219
4234
4130
4107
4219
4031
3971
3933
3902
3955
3953
3759
3895
3862
3796
3762
3953
3673
3757
3552
3666
3601
3626
3570
3502
3354
3311
3375
3361
3207
3292
3281
3272
3343
3439
3438
3540
3559
3672
3822
3759
3838
3735
3670
3574
3371
3443
3382
3280
3327
3270
3372
3372
3300
3458
3545
3420
3517
3558
3447
3354
3360
3291
3155
3236
3188
3359
3428
3560
3936
4219
4827
5497
6212
6969
7753
8467
8989
9218
9552
8996
8635
7959
7093
6108
5441
4720
3970
3345
2998
2664
2448
2209
2304
2140
2105
2139
2223
2254
2276
2339
2373
2407
2372
2372
2391
2257
2303
2324
2289
2259
2332
2259
2429
2571
2627
2705
2757
2705
2852
2756
2858
2758
2650
2565
2446
2282
2090
1960
1882
1604
1679
1608
1566
1511
1526
1524
1600
1660
1739
1765
1855
2007
2073
2181
2290
2513
2573
2665
2728
2808
2913
3036
3045
3185
3238
3163
3192
3213
3222
3127
3021
2919
2814
2660
2411
2236
2064
1804
1708
1517
1446
1291
1158
1142
1051
1031
983
883
940
896
939
951
899
1005
954
935
920
919
913
908
945
957
915
887
942
931
978
1038
933
936
934
993
950
963
924
934
861
845
803
805
821
839
775
826
759
754
764
748
712
747
736
726
634
722
781
738
724
759
748
786
749
838
832
828
845
912
873
949
915
873
915
877
964
911
853
879
877
831
791
736
773
747
723
726
700
709
695
679
724
699
730
741
738
783
726
770
802
878
942
922
955
972
1062
1070
1063
1019
1027
1050
988
1048
996
926
900
873
883
768
738
712
651
676
651
567
600
658
631
599
562
614
614
596
584
558
565
601
580
635
671
646
642
654
683
736
788
834
859
889
983
1100
1144
1211
1343
1446
1477
1571
1615
1683
1850
1747
1876
1853
1829
1836
1760
1775
1691
1720
1640
1603
1529
1586
1547
1514
1533
1522
1468
1504
1454
1409
1474
1355
1395
1383
1235
1237
1120
1041
981
907
848
797
707
643
585
616
578
557
504
534
475
477
469
472
425
461
424
434
462
479
461
447
411
438
434
443
447
456
483
473
472
445
482
449
489
409
442
423
436
420
431
441
459
454
460
433
421
425
421
412
413
415
457
418
429
425
419
464
439
477
479
504
522
497
480
542
563
518
560
558
547
579
595
571
610
595
574
585
622
630
569
542
558
556
523
511
475
479
511
471
463
460
441
461
461
478
509
427
473
455
516
535
487
473
550
489
514
541
484
486
520
474
489
518
510
531
497
539
502
470
522
529
509
461
495
437
465
484
499
405
443
443
423
395
432
391
387
388
337
360
341
324
342
346
385
360
334
378
385
354
395
394
336
402
356
358
379
393
391
365
376
402
404
414
401
403
392
390
381
357
458
402
377
382
397
394
387
368
377
352
372
319
377
334
338
366
352
355
401
359
393
325
412
438
446
453
476
506
579
610
618
629
702
687
771
786
813
867
900
908
855
841
820
942
882
848
808
784
744
732
691
673
641
592
528
541
494
458
452
455
399
418
409
397
407
410
419
451
418
445
472
485
506
552
568
640
613
639
622
659
637
686
701
745
630
694
645
655
634
569
590
555
554
490
455
420
450
388
354
374
375
294
287
288
270
259
265
247
257
230
258
230
202
231
218
199
199
200
204
191
205
190
205
205
222
220
220
204
207
221
208
185
195
227
182
184
209
209
211
177
210
200
219
198
221
197
205
205
196
206
198
218
212
213
193
212
209
207
208
216
200
226
208
249
221
244
235
225
237
205
262
245
238
228
260
254
269
248
266
267
245
265
272
278
308
301
313
320
300
320
318
344
328
308
362
327
333
338
336
345
303
322
299
310
279
282
245
267
250
284
249
235
284
238
249
238
268
218
224
220
200
208
199
211
220
235
213
198
189
217
212
190
205
209
203
214
191
206
202
195
195
184
202
196
186
204
189
204
172
203
196
174
193
209
197
193
182
185
174
226
208
202
194
183
198
231
206
204
206
218
224
196
235
209
203
229
222
204
214
232
240
223
226
216
222
195
238
218
215
202
179
196
201
194
186
184
167
199
190
158
157
181
150
176
160
143
154
124
152
137
148
133
156
151
150
146
138
108
137
134
118
130
112
138
129
115
143
113
128
142
125
117
120
124
125
117
113
98
130
133
104
106
115
136
126
126
116
111
106
103
115
98
125
103
117
109
114
103
104
120
98
122
122
95
116
137
125
122
110
119
122
115
137
124
136
131
147
129
122
157
133
146
151
136
151
150
147
153
153
120
156
162
150
159
151
153
153
148
143
146
140
141
148
137
150
140
144
157
161
133
144
150
140
151
172
153
180
173
176
194
210
214
198
216
216
250
258
266
276
278
358
378
347
427
464
425
480
472
472
522
567
563
590
587
608
604
638
610
588
647
610
614
585
618
569
522
498
501
520
472
441
425
410
348
362
304
308
288
254
240
217
219
183
168
174
161
173
164
134
157
144
149
134
108
120
112
117
100
110
121
100
121
124
99
88
97
97
80
113
92
88
81
97
87
86
95
86
94
83
91
76
85
96
90
91
80
91
103
79
88
93
72
110
105
105
113
97
106
109
109
99
110
121
106
130
123
129
127
124
143
121
144
141
134
137
134
138
113
109
124
111
132
138
111
122
124
138
110
124
131
95
143
110
133
114
108
112
113
111
104
101
108
110
93
109
114
89
128
77
95
96
79
84
86
84
94
78
82
95
103
87
71
82
75
71
65
78
85
85
73
74
69
63
60
74
60
75
78
71
58
82
69
57
59
59
69
69
72
69
55
62
67
63
86
70
74
63
67
54
79
71
80
68
78
79
66
82
73
88
76
80
81
101
95
81
95
77
97
84
95
99
96
92
116
83
116
106
106
127
132
119
134
116
130
127
133
119
126
147
121
149
140
116
132
127
126
123
158
128
110
112
97
113
118
96
122
106
109
96
93
87
78
82
75
74
79
72
74
63
70
81
58
64
71
69
53
50
72
57
64
60
71
79
50
61
56
68
53
60
79
64
59
57
57
57
79
58
55
71
72
64
59
69
77
61
65
39
67
82
63
45
60
65
61
69
74
54
51
57
67
64
65
60
45
47
66
63
60
47
52
62
43
50
49
51
42
60
51
54
54
67
45
51
57
50
52
42
55
40
52
56
50
36
40
50
54
41
54
42
45
48
55
48
50
57
42
39
50
49
41
59
46
42
46
44
36
51
48
38
55
50
43
41
49
55
58
47
41
53
51
37
58
41
49
51
59
45
45
38
44
54
42
54
41
44
50
52
24
41
50
53
45
40
43
48
43
45
54
53
46
49
48
41
50
56
43
48
52
41
42
46
42
40
42
46
49
48
40
50
48
45
43
59
43
47
36
31
53
45
45
44
49
51
52
45
41
36
59
42
43
54
49
44
50
53
55
51
74
56
63
47
59
55
59
50
71
59
52
65
57
58
79
83
75
60
90
87
83
73
70
76
94
106
83
94
65
111
83
86
97
82
87
72
69
91
104
71
76
79
62
84
86
76
64
77
85
67
72
64
65
52
64
53
71
75
63
80
44
60
57
59
56
60
48
61
57
61
51
62
59
40
49
47
55
59
58
54
62
73
59
52
65
71
73
67
73
44
62
59
68
60
58
64
71
57
69
72
63
74
72
73
57
56
65
60
65
68
65
61
67
66
70
63
60
72
54
77
72
69
51
52
63
56
56
61
62
66
55
61
65
57
53
53
52
54
46
52
53
55
43
56
58
55
57
55
47
57
63
60
57
41
58
57
67
64
62
59
49
53
46
48
69
53
49
55
63
49
55
43
48
63
54
63
53
69
59
43
42
55
52
57
55
52
61
48
47
41
57
64
50
52
34
54
71
56
43
49
53
52
56
51
52
55
41
52
59
52
47
53
60
45
48
43
49
36
59
46
44
49
53
44
49
40
39
51
49
43
37
41
28
40
35
45
50
41
34
46
36
35
38
32
43
51
43
26
29
28
43
42
36
36
37
43
31
32
31
28
40
22
37
35
35
29
39
28
34
37
45
25
35
31
31
31
41
27
35
26
31
32
26
32
39
34
24
32
26
24
27
31
32
28
39
18
28
31
38
21
33
22
18
26
17
25
24
22
27
36
23
25
22
29
22
17
23
24
23
23
22
22
21
22
22
24
25
15
22
15
21
20
23
21
29
19
22
18
24
28
20
22
26
14
24
32
20
32
21
28
13
29
31
31
25
27
25
32
38
36
30
42
48
35
52
44
48
47
54
61
61
60
62
69
59
78
92
79
87
97
103
115
125
113
126
139
143
138
176
142
170
148
146
185
158
163
175
191
167
183
193
179
182
193
193
184
185
172
208
170
175
157
157
128
146
133
135
145
152
114
104
108
93
97
86
99
82
67
72
74
75
61
72
56
58
42
51
40
32
36
25
38
28
30
38
27
30
27
31
17
17
18
16
18
27
23
17
24
19
14
15
22
23
14
16
18
24
16
22
17
13
12
14
14
20
17
13
18
15
16
7
19
11
16
14
12
10
13
9
12
21
18
15
12
8
18
17
16
10
14
7
15
14
12
24
12
18
15
13
18
15
10
17
19
16
16
13
12
14
16
12
15
15
16
14
15
12
10
8
9
14
11
$ROI:
39
424 531
429 529
440 544
440 545
440 549
443 544
443 553
490 516
679 1395
772 934
800 953
827 855
828 856
840 1946
849 1974
857 2002
872 900
880 1058
887 915
914 1083
1010 1038
1208 1258
1345 1375
1418 1448
2436 2526
3229 3279
3607 3645
6449 6521
6459 6531
6463 6535
6464 6536
6467 6539
6471 6543
6482 6526
6489 6513
6497 6521
12997 13047
12999 13049
13000 13050
