$SPEC_ID:
GAMWIN
$SPEC_REM:


$DETDESC:

$DATE_MEA:
03/27/2025 14:44:40
$MEAS_TIM:
59861.35 60009.77
$MCA_CAL:
3
1.32118272781372E+001 1.29107522964478E+000 0.00000000000000E+000
$DATA:
0 2047
0
0
0
0
0
0
0
0
0
0
0
0
0
0
0
0
0
0
0
0
0
3551
3231
3075
2897
2921
3073
3001
2954
3138
3035
2991
2888
2676
2673
2687
2754
2875
3036
3280
3525
3840
3938
4183
4208
4291
4671
5205
5803
6766
7617
8323
8562
8149
7635
6751
6101
5509
5103
5087
4996
5038
4883
4466
4291
3926
3462
3070
2669
2433
2270
2094
2118
2055
2080
2004
1913
1909
1945
1923
1942
1896
1863
1882
1893
1939
1943
2017
2107
2169
2110
2102
2108
2103
2054
2038
2046
2044
1937
2021
2020
2066
2072
2071
2072
2047
2055
2034
1979
2053
1946
1910
1877
1872
1812
1849
1743
1803
1788
1833
1798
1763
1798
1812
1923
2052
2052
2163
2161
2194
2177
2318
2358
2262
2075
2080
2017
1866
1780
1834
1816
1736
1806
1766
1791
1828
1836
1807
1827
1761
1788
1739
1747
1755
1784
1732
1824
1775
1782
2029
2201
2459
2753
3105
3424
3893
4089
4565
4575
4728
4674
4512
4203
3766
3337
3052
2575
2332
2009
1789
1535
1377
1316
1288
1306
1252
1240
1292
1289
1302
1335
1341
1298
1336
1448
1343
1416
1421
1336
1402
1416
1490
1546
1615
1697
1770
2026
2036
1994
2264
2112
2090
2009
2008
1765
1793
1621
1446
1357
1248
1125
1071
962
942
905
882
909
870
964
979
979
1057
1097
1079
1181
1291
1363
1340
1481
1604
1697
1796
1833
1961
2045
2286
2340
2469
2533
2615
2518
2559
2496
2409
2244
2112
1830
1709
1541
1385
1263
1022
996
878
751
688
685
639
568
590
618
573
541
571
573
588
562
581
538
586
573
585
581
548
560
522
631
611
595
553
597
637
622
589
530
564
600
551
513
575
566
497
525
496
480
484
451
439
476
435
445
449
450
454
473
453
460
442
465
444
436
460
497
456
485
507
538
524
513
521
504
540
513
545
541
531
508
523
469
474
463
473
432
481
445
422
431
380
460
472
418
429
432
474
475
483
472
514
510
556
525
585
493
592
613
609
630
652
602
598
603
585
572
528
526
457
461
484
439
396
407
395
409
317
380
353
383
391
360
384
366
374
340
371
350
383
373
350
416
382
432
435
437
426
454
494
487
513
554
629
639
697
712
743
780
846
866
920
955
1017
960
888
970
966
1030
993
1001
1066
1000
1051
1060
1088
1104
1106
1244
1274
1260
1296
1267
1238
1214
1254
1211
1167
1079
1009
954
832
777
781
679
640
595
477
484
398
436
373
349
340
317
307
291
293
278
291
286
293
301
283
295
305
337
315
306
349
300
293
332
335
303
310
293
289
285
315
273
291
259
302
258
276
280
300
289
250
289
280
281
266
272
266
263
258
260
289
287
276
312
291
301
299
304
313
307
300
333
353
331
359
331
324
357
378
382
358
339
339
354
300
353
334
366
357
310
295
314
301
283
274
273
300
301
277
330
265
317
321
293
340
361
355
354
333
359
342
377
350
335
328
337
375
369
321
324
308
325
339
326
286
318
313
300
308
314
288
283
286
284
273
284
271
245
252
240
261
238
224
247
240
231
219
229
210
219
234
212
197
240
250
231
252
250
234
245
268
264
247
239
241
270
258
293
235
218
214
235
243
256
246
246
248
237
262
235
237
233
235
214
245
232
202
240
212
217
261
230
215
253
222
225
238
224
253
241
319
257
285
304
331
349
376
350
407
370
430
416
455
395
463
439
439
441
448
413
427
425
401
398
385
384
395
355
333
341
343
294
306
292
250
240
249
269
257
264
256
273
270
258
301
278
291
289
284
324
314
320
340
338
376
387
370
345
383
364
354
356
342
338
345
332
310
290
288
282
248
229
228
235
215
220
210
216
207
190
171
179
174
164
184
196
147
165
157
161
152
159
178
152
142
138
150
172
142
121
146
165
138
149
143
157
153
155
136
148
135
161
162
144
157
143
147
123
139
143
145
158
132
161
155
151
140
152
148
154
163
141
147
166
140
163
169
150
178
178
158
146
158
163
163
163
172
174
163
180
210
194
232
207
180
213
198
187
233
248
240
229
263
270
273
274
274
263
277
288
265
277
281
270
294
273
265
268
263
238
237
223
249
199
221
219
196
185
190
201
201
191
169
174
183
153
147
165
156
148
178
126
165
138
147
169
156
161
153
146
146
156
153
145
164
155
141
133
141
145
147
140
144
151
144
120
145
144
156
148
135
151
143
144
154
147
133
131
153
145
151
144
153
159
147
147
136
175
148
162
185
187
150
162
183
181
197
153
186
179
162
167
167
156
163
173
161
147
158
147
158
137
132
136
127
112
115
119
133
125
145
134
91
108
97
111
110
120
109
93
111
89
114
123
91
122
93
97
125
79
73
100
97
108
100
84
106
82
81
80
82
90
71
71
76
78
82
81
79
73
88
92
91
68
95
93
73
86
72
90
89
86
75
77
83
85
85
95
101
91
95
80
83
81
74
96
97
93
98
87
89
101
109
87
115
118
101
124
126
98
101
110
98
111
112
107
117
100
125
128
133
126
114
102
128
134
108
112
129
132
128
118
128
128
113
116
119
129
114
125
109
123
125
128
143
170
168
188
166
173
191
204
203
210
243
262
270
283
281
300
335
316
343
384
384
415
444
426
400
404
432
437
466
420
483
445
445
399
457
428
408
388
377
352
394
328
297
280
246
274
235
240
221
208
186
170
166
181
136
128
138
112
125
116
105
103
118
118
88
92
83
101
104
85
75
84
91
95
85
86
77
95
59
83
67
84
59
77
73
69
63
71
55
74
64
67
54
69
72
66
58
63
63
56
69
70
63
54
56
75
63
79
68
76
79
76
73
60
81
74
66
74
82
66
95
89
66
69
77
88
75
82
84
77
74
69
85
78
80
67
73
81
55
77
88
74
63
84
55
64
75
55
81
61
49
82
62
71
58
68
74
59
60
71
67
59
61
57
59
71
52
62
52
49
52
56
43
47
64
52
48
44
44
62
45
51
55
42
42
41
47
40
49
45
51
57
39
50
45
36
43
45
40
51
56
51
48
56
55
48
66
61
39
45
63
46
50
59
58
51
67
51
57
59
66
71
71
65
61
69
74
61
71
75
70
75
79
90
69
71
106
93
94
100
97
103
95
113
97
102
109
115
107
125
116
115
131
130
116
120
92
102
124
112
125
127
97
98
82
109
83
84
89
105
72
66
72
61
75
66
56
57
64
59
69
57
49
44
47
45
42
37
42
44
51
31
50
47
44
50
38
47
36
33
34
53
42
41
44
53
41
41
46
44
38
30
38
46
42
23
43
43
50
45
46
37
39
47
39
52
44
45
36
49
47
49
30
31
38
39
41
29
35
37
44
39
53
34
32
27
34
39
33
42
46
30
35
43
21
25
36
35
33
40
33
29
39
34
36
25
32
33
26
33
32
28
35
30
25
39
32
37
39
32
25
36
27
29
24
30
24
27
28
32
39
31
33
30
27
16
41
31
36
39
26
22
24
29
35
31
24
36
26
29
34
24
19
23
15
19
27
31
34
27
31
35
31
38
23
28
25
28
33
27
25
31
38
26
31
26
34
23
27
31
33
24
27
26
37
25
23
26
42
27
29
27
17
37
26
31
25
32
24
27
15
22
30
27
36
20
32
31
30
21
28
31
36
32
29
38
28
37
32
16
24
34
29
34
32
26
40
30
25
28
26
40
33
43
26
39
51
50
45
42
31
60
48
41
48
50
48
46
34
48
46
54
41
46
48
45
39
41
41
43
41
42
54
43
35
35
39
37
36
34
36
45
33
36
36
37
42
43
31
49
43
39
43
26
44
35
25
32
29
32
23
32
28
37
44
36
34
35
44
37
50
48
26
41
37
51
54
54
43
39
43
51
53
40
41
36
42
35
48
57
36
49
59
45
49
40
41
30
34
44
50
41
45
51
34
32
46
36
55
51
40
42
37
28
35
27
34
38
33
21
35
29
29
36
26
31
35
28
24
19
21
34
24
34
27
27
34
29
23
33
24
26
31
25
27
23
30
24
28
35
25
25
41
37
34
27
20
30
27
26
28
32
27
24
30
25
18
34
23
31
32
28
23
42
34
35
24
27
25
32
29
27
37
28
24
30
22
31
33
32
30
38
26
36
36
25
21
31
25
21
26
24
27
31
24
20
29
21
25
27
25
31
30
30
17
19
27
23
39
27
32
30
19
22
35
20
21
22
28
19
27
23
21
21
28
15
27
14
27
23
18
24
16
26
20
17
19
24
27
18
17
29
26
26
21
22
17
23
14
16
18
22
28
25
15
24
22
18
17
25
21
21
22
24
23
21
18
25
19
21
14
20
20
13
10
20
19
9
18
15
20
18
10
10
19
19
19
16
17
15
18
22
12
13
16
11
15
18
18
13
13
22
16
12
19
12
8
11
13
19
11
17
16
14
19
13
13
21
20
14
11
18
16
17
14
21
14
10
12
25
21
15
11
20
23
18
10
23
23
20
18
28
31
28
26
24
30
29
30
35
45
38
43
37
33
32
30
39
47
50
44
55
44
56
67
67
68
64
69
63
76
62
97
103
69
93
75
89
93
88
81
79
87
90
80
68
78
86
71
93
90
75
60
81
72
86
59
51
74
65
63
53
49
37
42
39
39
28
33
38
42
26
28
24
27
21
25
10
18
18
14
21
19
15
26
9
13
15
23
15
14
5
8
7
15
16
11
14
19
12
13
12
12
12
14
14
11
14
13
10
12
14
9
9
10
16
15
17
7
17
17
11
8
11
17
17
15
16
12
17
12
11
9
16
7
11
5
11
7
14
12
11
7
5
12
6
12
8
11
13
8
7
10
11
10
11
13
7
11
11
10
10
9
9
12
8
12
7
12
$ROI:
39
424 531
429 529
440 544
440 545
440 549
443 544
443 553
490 516
679 1395
772 934
800 953
827 855
828 856
840 1946
849 1974
857 2002
872 900
880 1058
887 915
914 1083
1010 1038
1208 1258
1345 1375
1418 1448
2436 2526
3229 3279
3607 3645
6449 6521
6459 6531
6463 6535
6464 6536
6467 6539
6471 6543
6482 6526
6489 6513
6497 6521
12997 13047
12999 13049
13000 13050
